date,Country_Region,Confirmed,Deaths,daily_deaths,daily_confirmed,daily_confirmed_7day_ma,daily_deaths_7day_ma
2020-01-22,Panama,0,0,0.0,0.0,0.0,0.0
2020-01-23,Panama,0,0,0.0,0.0,0.0,0.0
2020-01-24,Panama,0,0,0.0,0.0,0.0,0.0
2020-01-25,Panama,0,0,0.0,0.0,0.0,0.0
2020-01-26,Panama,0,0,0.0,0.0,0.0,0.0
2020-01-27,Panama,0,0,0.0,0.0,0.0,0.0
2020-01-28,Panama,0,0,0.0,0.0,0.0,0.0
2020-01-29,Panama,0,0,0.0,0.0,0.0,0.0
2020-01-30,Panama,0,0,0.0,0.0,0.0,0.0
2020-01-31,Panama,0,0,0.0,0.0,0.0,0.0
2020-02-01,Panama,0,0,0.0,0.0,0.0,0.0
2020-02-02,Panama,0,0,0.0,0.0,0.0,0.0
2020-02-03,Panama,0,0,0.0,0.0,0.0,0.0
2020-02-04,Panama,0,0,0.0,0.0,0.0,0.0
2020-02-05,Panama,0,0,0.0,0.0,0.0,0.0
2020-02-06,Panama,0,0,0.0,0.0,0.0,0.0
2020-02-07,Panama,0,0,0.0,0.0,0.0,0.0
2020-02-08,Panama,0,0,0.0,0.0,0.0,0.0
2020-02-09,Panama,0,0,0.0,0.0,0.0,0.0
2020-02-10,Panama,0,0,0.0,0.0,0.0,0.0
2020-02-11,Panama,0,0,0.0,0.0,0.0,0.0
2020-02-12,Panama,0,0,0.0,0.0,0.0,0.0
2020-02-13,Panama,0,0,0.0,0.0,0.0,0.0
2020-02-14,Panama,0,0,0.0,0.0,0.0,0.0
2020-02-15,Panama,0,0,0.0,0.0,0.0,0.0
2020-02-16,Panama,0,0,0.0,0.0,0.0,0.0
2020-02-17,Panama,0,0,0.0,0.0,0.0,0.0
2020-02-18,Panama,0,0,0.0,0.0,0.0,0.0
2020-02-19,Panama,0,0,0.0,0.0,0.0,0.0
2020-02-20,Panama,0,0,0.0,0.0,0.0,0.0
2020-02-21,Panama,0,0,0.0,0.0,0.0,0.0
2020-02-22,Panama,0,0,0.0,0.0,0.0,0.0
2020-02-23,Panama,0,0,0.0,0.0,0.0,0.0
2020-02-24,Panama,0,0,0.0,0.0,0.0,0.0
2020-02-25,Panama,0,0,0.0,0.0,0.0,0.0
2020-02-26,Panama,0,0,0.0,0.0,0.0,0.0
2020-02-27,Panama,0,0,0.0,0.0,0.0,0.0
2020-02-28,Panama,0,0,0.0,0.0,0.0,0.0
2020-02-29,Panama,0,0,0.0,0.0,0.0,0.0
2020-03-01,Panama,0,0,0.0,0.0,0.0,0.0
2020-03-02,Panama,0,0,0.0,0.0,0.0,0.0
2020-03-03,Panama,0,0,0.0,0.0,0.0,0.0
2020-03-04,Panama,0,0,0.0,0.0,0.0,0.0
2020-03-05,Panama,0,0,0.0,0.0,0.0,0.0
2020-03-06,Panama,0,0,0.0,0.0,0.0,0.0
2020-03-07,Panama,0,0,0.0,0.0,0.0,0.0
2020-03-08,Panama,0,0,0.0,0.0,0.0,0.0
2020-03-09,Panama,0,0,0.0,0.0,0.0,0.0
2020-03-10,Panama,1,0,0.0,1.0,0.14285714285714285,0.0
2020-03-11,Panama,8,1,1.0,7.0,1.1428571428571428,0.14285714285714285
2020-03-12,Panama,11,1,0.0,3.0,1.5714285714285714,0.14285714285714285
2020-03-13,Panama,27,1,0.0,16.0,3.857142857142857,0.14285714285714285
2020-03-14,Panama,36,1,0.0,9.0,5.142857142857143,0.14285714285714285
2020-03-15,Panama,43,1,0.0,7.0,6.142857142857143,0.14285714285714285
2020-03-16,Panama,55,1,0.0,12.0,7.857142857142857,0.14285714285714285
2020-03-17,Panama,69,1,0.0,14.0,9.714285714285714,0.14285714285714285
2020-03-18,Panama,86,1,0.0,17.0,11.142857142857142,0.0
2020-03-19,Panama,109,1,0.0,23.0,14.0,0.0
2020-03-20,Panama,137,1,0.0,28.0,15.714285714285714,0.0
2020-03-21,Panama,200,1,0.0,63.0,23.428571428571427,0.0
2020-03-22,Panama,313,3,2.0,113.0,38.57142857142857,0.2857142857142857
2020-03-23,Panama,345,6,3.0,32.0,41.42857142857143,0.7142857142857143
2020-03-24,Panama,345,6,0.0,0.0,39.42857142857143,0.7142857142857143
2020-03-25,Panama,443,8,2.0,98.0,51.0,1.0
2020-03-26,Panama,558,8,0.0,115.0,64.14285714285714,1.0
2020-03-27,Panama,674,9,1.0,116.0,76.71428571428571,1.1428571428571428
2020-03-28,Panama,786,14,5.0,112.0,83.71428571428571,1.8571428571428572
2020-03-29,Panama,901,17,3.0,115.0,84.0,2.0
2020-03-30,Panama,989,24,7.0,88.0,92.0,2.5714285714285716
2020-03-31,Panama,1181,30,6.0,192.0,119.42857142857143,3.4285714285714284
2020-04-01,Panama,1181,30,0.0,0.0,105.42857142857143,3.142857142857143
2020-04-02,Panama,1317,32,2.0,136.0,108.42857142857143,3.4285714285714284
2020-04-03,Panama,1475,37,5.0,158.0,114.42857142857143,4.0
2020-04-04,Panama,1673,41,4.0,198.0,126.71428571428571,3.857142857142857
2020-04-05,Panama,1801,46,5.0,128.0,128.57142857142858,4.142857142857143
2020-04-06,Panama,1988,54,8.0,187.0,142.71428571428572,4.285714285714286
2020-04-07,Panama,2100,55,1.0,112.0,131.28571428571428,3.5714285714285716
2020-04-08,Panama,2249,59,4.0,149.0,152.57142857142858,4.142857142857143
2020-04-09,Panama,2528,63,4.0,279.0,173.0,4.428571428571429
2020-04-10,Panama,2752,66,3.0,224.0,182.42857142857142,4.142857142857143
2020-04-11,Panama,2974,74,8.0,222.0,185.85714285714286,4.714285714285714
2020-04-12,Panama,3234,79,5.0,260.0,204.71428571428572,4.714285714285714
2020-04-13,Panama,3400,87,8.0,166.0,201.71428571428572,4.714285714285714
2020-04-14,Panama,3472,94,7.0,72.0,196.0,5.571428571428571
2020-04-15,Panama,3574,95,1.0,102.0,189.28571428571428,5.142857142857143
2020-04-16,Panama,3751,103,8.0,177.0,174.71428571428572,5.714285714285714
2020-04-17,Panama,4016,109,6.0,265.0,180.57142857142858,6.142857142857143
2020-04-18,Panama,4210,116,7.0,194.0,176.57142857142858,6.0
2020-04-19,Panama,4273,120,4.0,63.0,148.42857142857142,5.857142857142857
2020-04-20,Panama,4467,126,6.0,194.0,152.42857142857142,5.571428571428571
2020-04-21,Panama,4658,136,10.0,191.0,169.42857142857142,6.0
2020-04-22,Panama,4821,141,5.0,163.0,178.14285714285714,6.571428571428571
2020-04-23,Panama,5166,146,5.0,345.0,202.14285714285714,6.142857142857143
2020-04-24,Panama,5338,154,8.0,172.0,188.85714285714286,6.428571428571429
2020-04-25,Panama,5538,159,5.0,200.0,189.71428571428572,6.142857142857143
2020-04-26,Panama,5779,165,6.0,241.0,215.14285714285714,6.428571428571429
2020-04-27,Panama,6021,167,2.0,242.0,222.0,5.857142857142857
2020-04-28,Panama,6021,167,0.0,0.0,194.71428571428572,4.428571428571429
2020-04-29,Panama,6378,178,11.0,357.0,222.42857142857142,5.285714285714286
2020-04-30,Panama,6532,188,10.0,154.0,195.14285714285714,6.0
2020-05-01,Panama,6720,192,4.0,188.0,197.42857142857142,5.428571428571429
2020-05-02,Panama,7090,197,5.0,370.0,221.71428571428572,5.428571428571429
2020-05-03,Panama,7090,197,0.0,0.0,187.28571428571428,4.571428571428571
2020-05-04,Panama,7197,200,3.0,107.0,168.0,4.714285714285714
2020-05-05,Panama,7523,210,10.0,326.0,214.57142857142858,6.142857142857143
2020-05-06,Panama,7731,218,8.0,208.0,193.28571428571428,5.714285714285714
2020-05-07,Panama,7868,225,7.0,137.0,190.85714285714286,5.285714285714286
2020-05-08,Panama,8070,231,6.0,202.0,192.85714285714286,5.571428571428571
2020-05-09,Panama,8282,237,6.0,212.0,170.28571428571428,5.714285714285714
2020-05-10,Panama,8448,244,7.0,166.0,194.0,6.714285714285714
2020-05-11,Panama,8616,249,5.0,168.0,202.71428571428572,7.0
2020-05-12,Panama,8783,252,3.0,167.0,180.0,6.0
2020-05-13,Panama,8944,256,4.0,161.0,173.28571428571428,5.428571428571429
2020-05-14,Panama,9118,260,4.0,174.0,178.57142857142858,5.0
2020-05-15,Panama,9268,266,6.0,150.0,171.14285714285714,5.0
2020-05-16,Panama,9449,269,3.0,181.0,166.71428571428572,4.571428571428571
2020-05-17,Panama,9606,275,6.0,157.0,165.42857142857142,4.428571428571429
2020-05-18,Panama,9726,279,4.0,120.0,158.57142857142858,4.285714285714286
2020-05-19,Panama,9867,281,2.0,141.0,154.85714285714286,4.142857142857143
2020-05-20,Panama,9977,287,6.0,110.0,147.57142857142858,4.428571428571429
2020-05-21,Panama,10116,291,4.0,139.0,142.57142857142858,4.428571428571429
2020-05-22,Panama,10267,295,4.0,151.0,142.71428571428572,4.142857142857143
2020-05-23,Panama,10577,299,4.0,310.0,161.14285714285714,4.285714285714286
2020-05-24,Panama,10926,306,7.0,349.0,188.57142857142858,4.428571428571429
2020-05-25,Panama,11183,310,4.0,257.0,208.14285714285714,4.428571428571429
2020-05-26,Panama,11447,313,3.0,264.0,225.71428571428572,4.571428571428571
2020-05-27,Panama,11728,315,2.0,281.0,250.14285714285714,4.0
2020-05-28,Panama,12131,320,5.0,403.0,287.85714285714283,4.142857142857143
2020-05-29,Panama,12531,326,6.0,400.0,323.42857142857144,4.428571428571429
2020-05-30,Panama,13018,330,4.0,487.0,348.7142857142857,4.428571428571429
2020-05-31,Panama,13463,336,6.0,445.0,362.42857142857144,4.285714285714286
2020-06-01,Panama,13837,344,8.0,374.0,379.14285714285717,4.857142857142857
2020-06-02,Panama,14095,352,8.0,258.0,378.2857142857143,5.571428571428571
2020-06-03,Panama,14609,357,5.0,514.0,411.57142857142856,6.0
2020-06-04,Panama,15044,363,6.0,435.0,416.14285714285717,6.142857142857143
2020-06-05,Panama,15463,370,7.0,419.0,418.85714285714283,6.285714285714286
2020-06-06,Panama,16004,386,16.0,541.0,426.57142857142856,8.0
2020-06-07,Panama,16425,393,7.0,421.0,423.14285714285717,8.142857142857142
2020-06-08,Panama,16854,398,5.0,429.0,431.0,7.714285714285714
2020-06-09,Panama,17233,403,5.0,379.0,448.2857142857143,7.285714285714286
2020-06-10,Panama,17889,413,10.0,656.0,468.57142857142856,8.0
2020-06-11,Panama,18586,418,5.0,697.0,506.0,7.857142857142857
2020-06-12,Panama,19211,421,3.0,625.0,535.4285714285714,7.285714285714286
2020-06-13,Panama,20059,429,8.0,848.0,579.2857142857143,6.142857142857143
2020-06-14,Panama,21418,437,8.0,1359.0,713.2857142857143,6.285714285714286
2020-06-15,Panama,21422,448,11.0,4.0,652.5714285714286,7.142857142857143
2020-06-16,Panama,21962,457,9.0,540.0,675.5714285714286,7.714285714285714
2020-06-17,Panama,22597,470,13.0,635.0,672.5714285714286,8.142857142857142
2020-06-18,Panama,23351,475,5.0,754.0,680.7142857142857,8.142857142857142
2020-06-19,Panama,24274,485,10.0,923.0,723.2857142857143,9.142857142857142
2020-06-20,Panama,25222,493,8.0,948.0,737.5714285714286,9.142857142857142
2020-06-21,Panama,26030,501,8.0,808.0,658.8571428571429,9.142857142857142
2020-06-22,Panama,26752,521,20.0,722.0,761.4285714285714,10.428571428571429
2020-06-23,Panama,27314,536,15.0,562.0,764.5714285714286,11.285714285714286
2020-06-24,Panama,28030,547,11.0,716.0,776.1428571428571,11.0
2020-06-25,Panama,29037,564,17.0,1007.0,812.2857142857143,12.714285714285714
2020-06-26,Panama,29905,575,11.0,868.0,804.4285714285714,12.857142857142858
2020-06-27,Panama,30658,592,17.0,753.0,776.5714285714286,14.142857142857142
2020-06-28,Panama,31686,604,12.0,1028.0,808.0,14.714285714285714
2020-06-29,Panama,32785,620,16.0,1099.0,861.8571428571429,14.142857142857142
2020-06-30,Panama,33550,631,11.0,765.0,890.8571428571429,13.571428571428571
2020-07-01,Panama,34463,645,14.0,913.0,919.0,14.0
2020-07-02,Panama,35237,667,22.0,774.0,885.7142857142857,14.714285714285714
2020-07-03,Panama,35995,698,31.0,758.0,870.0,17.571428571428573
2020-07-04,Panama,36983,720,22.0,988.0,903.5714285714286,18.285714285714285
2020-07-05,Panama,38149,747,27.0,1166.0,923.2857142857143,20.428571428571427
2020-07-06,Panama,39334,770,23.0,1185.0,935.5714285714286,21.428571428571427
2020-07-07,Panama,40291,799,29.0,957.0,963.0,24.0
2020-07-08,Panama,41251,819,20.0,960.0,969.7142857142857,24.857142857142858
2020-07-09,Panama,42216,839,20.0,965.0,997.0,24.571428571428573
2020-07-10,Panama,43257,863,24.0,1041.0,1037.4285714285713,23.571428571428573
2020-07-11,Panama,44332,893,30.0,1075.0,1049.857142857143,24.714285714285715
2020-07-12,Panama,45633,909,16.0,1301.0,1069.142857142857,23.142857142857142
2020-07-13,Panama,47173,932,23.0,1540.0,1119.857142857143,23.142857142857142
2020-07-14,Panama,48096,960,28.0,923.0,1115.0,23.0
2020-07-15,Panama,49243,982,22.0,1147.0,1141.7142857142858,23.285714285714285
2020-07-16,Panama,50373,1000,18.0,1130.0,1165.2857142857142,23.0
2020-07-17,Panama,51408,1038,38.0,1035.0,1164.4285714285713,25.0
2020-07-18,Panama,52261,1071,33.0,853.0,1132.7142857142858,25.428571428571427
2020-07-19,Panama,53468,1096,25.0,1207.0,1119.2857142857142,26.714285714285715
2020-07-20,Panama,54426,1127,31.0,958.0,1036.142857142857,27.857142857142858
2020-07-21,Panama,55153,1159,32.0,727.0,1008.1428571428571,28.428571428571427
2020-07-22,Panama,55906,1180,21.0,753.0,951.8571428571429,28.285714285714285
2020-07-23,Panama,56817,1209,29.0,911.0,920.5714285714286,29.857142857142858
2020-07-24,Panama,57993,1250,41.0,1176.0,940.7142857142857,30.285714285714285
2020-07-25,Panama,58864,1275,25.0,871.0,943.2857142857143,29.142857142857142
2020-07-26,Panama,60296,1294,19.0,1432.0,975.4285714285714,28.285714285714285
2020-07-27,Panama,61442,1322,28.0,1146.0,1002.2857142857143,27.857142857142858
2020-07-28,Panama,62223,1349,27.0,781.0,1010.0,27.142857142857142
2020-07-29,Panama,63269,1374,25.0,1046.0,1051.857142857143,27.714285714285715
2020-07-30,Panama,64191,1397,23.0,922.0,1053.4285714285713,26.857142857142858
2020-07-31,Panama,65256,1421,24.0,1065.0,1037.5714285714287,24.428571428571427
2020-08-01,Panama,66383,1449,28.0,1127.0,1074.142857142857,24.857142857142858
2020-08-02,Panama,67453,1471,22.0,1070.0,1022.4285714285714,25.285714285714285
2020-08-03,Panama,68456,1497,26.0,1003.0,1002.0,25.0
2020-08-04,Panama,69424,1522,25.0,968.0,1028.7142857142858,24.714285714285715
2020-08-05,Panama,70231,1553,31.0,807.0,994.5714285714286,25.571428571428573
2020-08-06,Panama,71418,1574,21.0,1187.0,1032.4285714285713,25.285714285714285
2020-08-07,Panama,72560,1591,17.0,1142.0,1043.4285714285713,24.285714285714285
2020-08-08,Panama,73651,1609,18.0,1091.0,1038.2857142857142,22.857142857142858
2020-08-09,Panama,74492,1639,30.0,841.0,1005.5714285714286,24.0
2020-08-10,Panama,75394,1664,25.0,902.0,991.1428571428571,23.857142857142858
2020-08-11,Panama,76464,1680,16.0,1070.0,1005.7142857142857,22.571428571428573
2020-08-12,Panama,77377,1703,23.0,913.0,1020.8571428571429,21.428571428571427
2020-08-13,Panama,78446,1722,19.0,1069.0,1004.0,21.142857142857142
2020-08-14,Panama,79402,1734,12.0,956.0,977.4285714285714,20.428571428571427
2020-08-15,Panama,80665,1746,12.0,1263.0,1002.0,19.571428571428573
2020-08-16,Panama,81940,1767,21.0,1275.0,1064.0,18.285714285714285
2020-08-17,Panama,82543,1788,21.0,603.0,1021.2857142857143,17.714285714285715
2020-08-18,Panama,82790,1809,21.0,247.0,903.7142857142857,18.428571428571427
2020-08-19,Panama,83754,1827,18.0,964.0,911.0,17.714285714285715
2020-08-20,Panama,83855,1844,17.0,101.0,772.7142857142857,17.428571428571427
2020-08-21,Panama,84392,1859,15.0,537.0,712.8571428571429,17.857142857142858
2020-08-22,Panama,85480,1878,19.0,1088.0,687.8571428571429,18.857142857142858
2020-08-23,Panama,86900,1892,14.0,1420.0,708.5714285714286,17.857142857142858
2020-08-24,Panama,87485,1906,14.0,585.0,706.0,16.857142857142858
2020-08-25,Panama,88381,1919,13.0,896.0,798.7142857142857,15.714285714285714
2020-08-26,Panama,89082,1932,13.0,701.0,761.1428571428571,15.0
2020-08-27,Panama,89982,1948,16.0,900.0,875.2857142857143,14.857142857142858
2020-08-28,Panama,90624,1966,18.0,642.0,890.2857142857143,15.285714285714286
2020-08-29,Panama,91337,1983,17.0,713.0,836.7142857142857,15.0
2020-08-30,Panama,92065,1995,12.0,728.0,737.8571428571429,14.714285714285714
2020-08-31,Panama,92982,2002,7.0,917.0,785.2857142857143,13.714285714285714
2020-09-01,Panama,93552,2018,16.0,570.0,738.7142857142857,14.142857142857142
2020-09-02,Panama,94084,2030,12.0,532.0,714.5714285714286,14.0
2020-09-03,Panama,94914,2046,16.0,830.0,704.5714285714286,14.0
2020-09-04,Panama,95596,2063,17.0,682.0,710.2857142857143,13.857142857142858
2020-09-05,Panama,96305,2075,12.0,709.0,709.7142857142857,13.142857142857142
2020-09-06,Panama,97043,2086,11.0,738.0,711.1428571428571,13.0
2020-09-07,Panama,97578,2099,13.0,535.0,656.5714285714286,13.857142857142858
2020-09-08,Panama,98407,2107,8.0,829.0,693.5714285714286,12.714285714285714
2020-09-09,Panama,99042,2116,9.0,635.0,708.2857142857143,12.285714285714286
2020-09-10,Panama,99715,2127,11.0,673.0,685.8571428571429,11.571428571428571
2020-09-11,Panama,100330,2140,13.0,615.0,676.2857142857143,11.0
2020-09-12,Panama,101041,2155,15.0,711.0,676.5714285714286,11.428571428571429
2020-09-13,Panama,101745,2166,11.0,704.0,671.7142857142857,11.428571428571429
