date,Country_Region,Confirmed,Deaths,daily_deaths,daily_confirmed,daily_confirmed_7day_ma,daily_deaths_7day_ma
2020-01-22,Czechia,0,0,0.0,0.0,0.0,0.0
2020-01-23,Czechia,0,0,0.0,0.0,0.0,0.0
2020-01-24,Czechia,0,0,0.0,0.0,0.0,0.0
2020-01-25,Czechia,0,0,0.0,0.0,0.0,0.0
2020-01-26,Czechia,0,0,0.0,0.0,0.0,0.0
2020-01-27,Czechia,0,0,0.0,0.0,0.0,0.0
2020-01-28,Czechia,0,0,0.0,0.0,0.0,0.0
2020-01-29,Czechia,0,0,0.0,0.0,0.0,0.0
2020-01-30,Czechia,0,0,0.0,0.0,0.0,0.0
2020-01-31,Czechia,0,0,0.0,0.0,0.0,0.0
2020-02-01,Czechia,0,0,0.0,0.0,0.0,0.0
2020-02-02,Czechia,0,0,0.0,0.0,0.0,0.0
2020-02-03,Czechia,0,0,0.0,0.0,0.0,0.0
2020-02-04,Czechia,0,0,0.0,0.0,0.0,0.0
2020-02-05,Czechia,0,0,0.0,0.0,0.0,0.0
2020-02-06,Czechia,0,0,0.0,0.0,0.0,0.0
2020-02-07,Czechia,0,0,0.0,0.0,0.0,0.0
2020-02-08,Czechia,0,0,0.0,0.0,0.0,0.0
2020-02-09,Czechia,0,0,0.0,0.0,0.0,0.0
2020-02-10,Czechia,0,0,0.0,0.0,0.0,0.0
2020-02-11,Czechia,0,0,0.0,0.0,0.0,0.0
2020-02-12,Czechia,0,0,0.0,0.0,0.0,0.0
2020-02-13,Czechia,0,0,0.0,0.0,0.0,0.0
2020-02-14,Czechia,0,0,0.0,0.0,0.0,0.0
2020-02-15,Czechia,0,0,0.0,0.0,0.0,0.0
2020-02-16,Czechia,0,0,0.0,0.0,0.0,0.0
2020-02-17,Czechia,0,0,0.0,0.0,0.0,0.0
2020-02-18,Czechia,0,0,0.0,0.0,0.0,0.0
2020-02-19,Czechia,0,0,0.0,0.0,0.0,0.0
2020-02-20,Czechia,0,0,0.0,0.0,0.0,0.0
2020-02-21,Czechia,0,0,0.0,0.0,0.0,0.0
2020-02-22,Czechia,0,0,0.0,0.0,0.0,0.0
2020-02-23,Czechia,0,0,0.0,0.0,0.0,0.0
2020-02-24,Czechia,0,0,0.0,0.0,0.0,0.0
2020-02-25,Czechia,0,0,0.0,0.0,0.0,0.0
2020-02-26,Czechia,0,0,0.0,0.0,0.0,0.0
2020-02-27,Czechia,0,0,0.0,0.0,0.0,0.0
2020-02-28,Czechia,0,0,0.0,0.0,0.0,0.0
2020-02-29,Czechia,0,0,0.0,0.0,0.0,0.0
2020-03-01,Czechia,3,0,0.0,3.0,0.42857142857142855,0.0
2020-03-02,Czechia,3,0,0.0,0.0,0.42857142857142855,0.0
2020-03-03,Czechia,5,0,0.0,2.0,0.7142857142857143,0.0
2020-03-04,Czechia,8,0,0.0,3.0,1.1428571428571428,0.0
2020-03-05,Czechia,12,0,0.0,4.0,1.7142857142857142,0.0
2020-03-06,Czechia,18,0,0.0,6.0,2.5714285714285716,0.0
2020-03-07,Czechia,19,0,0.0,1.0,2.7142857142857144,0.0
2020-03-08,Czechia,31,0,0.0,12.0,4.0,0.0
2020-03-09,Czechia,31,0,0.0,0.0,4.0,0.0
2020-03-10,Czechia,41,0,0.0,10.0,5.142857142857143,0.0
2020-03-11,Czechia,91,0,0.0,50.0,11.857142857142858,0.0
2020-03-12,Czechia,94,0,0.0,3.0,11.714285714285714,0.0
2020-03-13,Czechia,141,0,0.0,47.0,17.571428571428573,0.0
2020-03-14,Czechia,189,0,0.0,48.0,24.285714285714285,0.0
2020-03-15,Czechia,253,0,0.0,64.0,31.714285714285715,0.0
2020-03-16,Czechia,298,0,0.0,45.0,38.142857142857146,0.0
2020-03-17,Czechia,396,0,0.0,98.0,50.714285714285715,0.0
2020-03-18,Czechia,464,0,0.0,68.0,53.285714285714285,0.0
2020-03-19,Czechia,694,0,0.0,230.0,85.71428571428571,0.0
2020-03-20,Czechia,833,0,0.0,139.0,98.85714285714286,0.0
2020-03-21,Czechia,995,0,0.0,162.0,115.14285714285714,0.0
2020-03-22,Czechia,1120,1,1.0,125.0,123.85714285714286,0.14285714285714285
2020-03-23,Czechia,1236,1,0.0,116.0,134.0,0.14285714285714285
2020-03-24,Czechia,1394,3,2.0,158.0,142.57142857142858,0.42857142857142855
2020-03-25,Czechia,1654,6,3.0,260.0,170.0,0.8571428571428571
2020-03-26,Czechia,1925,9,3.0,271.0,175.85714285714286,1.2857142857142858
2020-03-27,Czechia,2279,9,0.0,354.0,206.57142857142858,1.2857142857142858
2020-03-28,Czechia,2631,11,2.0,352.0,233.71428571428572,1.5714285714285714
2020-03-29,Czechia,2817,16,5.0,186.0,242.42857142857142,2.142857142857143
2020-03-30,Czechia,3001,23,7.0,184.0,252.14285714285714,3.142857142857143
2020-03-31,Czechia,3308,31,8.0,307.0,273.42857142857144,4.0
2020-04-01,Czechia,3508,39,8.0,200.0,264.85714285714283,4.714285714285714
2020-04-02,Czechia,3858,44,5.0,350.0,276.14285714285717,5.0
2020-04-03,Czechia,4091,53,9.0,233.0,258.85714285714283,6.285714285714286
2020-04-04,Czechia,4472,59,6.0,381.0,263.0,6.857142857142857
2020-04-05,Czechia,4587,67,8.0,115.0,252.85714285714286,7.285714285714286
2020-04-06,Czechia,4822,78,11.0,235.0,260.14285714285717,7.857142857142857
2020-04-07,Czechia,5017,88,10.0,195.0,244.14285714285714,8.142857142857142
2020-04-08,Czechia,5312,99,11.0,295.0,257.7142857142857,8.571428571428571
2020-04-09,Czechia,5569,112,13.0,257.0,244.42857142857142,9.714285714285714
2020-04-10,Czechia,5732,119,7.0,163.0,234.42857142857142,9.428571428571429
2020-04-11,Czechia,5831,129,10.0,99.0,194.14285714285714,10.0
2020-04-12,Czechia,5991,138,9.0,160.0,200.57142857142858,10.142857142857142
2020-04-13,Czechia,6059,143,5.0,68.0,176.71428571428572,9.285714285714286
2020-04-14,Czechia,6111,161,18.0,52.0,156.28571428571428,10.428571428571429
2020-04-15,Czechia,6216,166,5.0,105.0,129.14285714285714,9.571428571428571
2020-04-16,Czechia,6433,169,3.0,217.0,123.42857142857143,8.142857142857142
2020-04-17,Czechia,6549,173,4.0,116.0,116.71428571428571,7.714285714285714
2020-04-18,Czechia,6606,181,8.0,57.0,110.71428571428571,7.428571428571429
2020-04-19,Czechia,6746,186,5.0,140.0,107.85714285714286,6.857142857142857
2020-04-20,Czechia,6900,194,8.0,154.0,120.14285714285714,7.285714285714286
2020-04-21,Czechia,7033,201,7.0,133.0,131.71428571428572,5.714285714285714
2020-04-22,Czechia,7132,208,7.0,99.0,130.85714285714286,6.0
2020-04-23,Czechia,7187,210,2.0,55.0,107.71428571428571,5.857142857142857
2020-04-24,Czechia,7273,214,4.0,86.0,103.42857142857143,5.857142857142857
2020-04-25,Czechia,7352,218,4.0,79.0,106.57142857142857,5.285714285714286
2020-04-26,Czechia,7404,220,2.0,52.0,94.0,4.857142857142857
2020-04-27,Czechia,7445,223,3.0,41.0,77.85714285714286,4.142857142857143
2020-04-28,Czechia,7504,227,4.0,59.0,67.28571428571429,3.7142857142857144
2020-04-29,Czechia,7579,227,0.0,75.0,63.857142857142854,2.7142857142857144
2020-04-30,Czechia,7682,236,9.0,103.0,70.71428571428571,3.7142857142857144
2020-05-01,Czechia,7737,240,4.0,55.0,66.28571428571429,3.7142857142857144
2020-05-02,Czechia,7755,245,5.0,18.0,57.57142857142857,3.857142857142857
2020-05-03,Czechia,7781,248,3.0,26.0,53.857142857142854,4.0
2020-05-04,Czechia,7819,252,4.0,38.0,53.42857142857143,4.142857142857143
2020-05-05,Czechia,7896,257,5.0,77.0,56.0,4.285714285714286
2020-05-06,Czechia,7974,262,5.0,78.0,56.42857142857143,5.0
2020-05-07,Czechia,8031,270,8.0,57.0,49.857142857142854,4.857142857142857
2020-05-08,Czechia,8077,273,3.0,46.0,48.57142857142857,4.714285714285714
2020-05-09,Czechia,8095,276,3.0,18.0,48.57142857142857,4.428571428571429
2020-05-10,Czechia,8123,280,4.0,28.0,48.857142857142854,4.571428571428571
2020-05-11,Czechia,8176,282,2.0,53.0,51.0,4.285714285714286
2020-05-12,Czechia,8221,283,1.0,45.0,46.42857142857143,3.7142857142857144
2020-05-13,Czechia,8269,290,7.0,48.0,42.142857142857146,4.0
2020-05-14,Czechia,8351,293,3.0,82.0,45.714285714285715,3.2857142857142856
2020-05-15,Czechia,8406,295,2.0,55.0,47.0,3.142857142857143
2020-05-16,Czechia,8455,296,1.0,49.0,51.42857142857143,2.857142857142857
2020-05-17,Czechia,8475,298,2.0,20.0,50.285714285714285,2.5714285714285716
2020-05-18,Czechia,8586,297,-1.0,111.0,58.57142857142857,2.142857142857143
2020-05-19,Czechia,8647,302,5.0,61.0,60.857142857142854,2.7142857142857144
2020-05-20,Czechia,8721,304,2.0,74.0,64.57142857142857,2.0
2020-05-21,Czechia,8754,306,2.0,33.0,57.57142857142857,1.8571428571428572
2020-05-22,Czechia,8813,312,6.0,59.0,58.142857142857146,2.4285714285714284
2020-05-23,Czechia,8890,314,2.0,77.0,62.142857142857146,2.5714285714285716
2020-05-24,Czechia,8955,315,1.0,65.0,68.57142857142857,2.4285714285714284
2020-05-25,Czechia,9002,317,2.0,47.0,59.42857142857143,2.857142857142857
2020-05-26,Czechia,9050,317,0.0,48.0,57.57142857142857,2.142857142857143
2020-05-27,Czechia,9086,317,0.0,36.0,52.142857142857146,1.8571428571428572
2020-05-28,Czechia,9140,319,2.0,54.0,55.142857142857146,1.8571428571428572
2020-05-29,Czechia,9196,319,0.0,56.0,54.714285714285715,1.0
2020-05-30,Czechia,9230,319,0.0,34.0,48.57142857142857,0.7142857142857143
2020-05-31,Czechia,9268,320,1.0,38.0,44.714285714285715,0.7142857142857143
2020-06-01,Czechia,9302,321,1.0,34.0,42.857142857142854,0.5714285714285714
2020-06-02,Czechia,9364,323,2.0,62.0,44.857142857142854,0.8571428571428571
2020-06-03,Czechia,9438,325,2.0,74.0,50.285714285714285,1.1428571428571428
2020-06-04,Czechia,9494,326,1.0,56.0,50.57142857142857,1.0
2020-06-05,Czechia,9529,327,1.0,35.0,47.57142857142857,1.1428571428571428
2020-06-06,Czechia,9567,327,0.0,38.0,48.142857142857146,1.1428571428571428
2020-06-07,Czechia,9628,327,0.0,61.0,51.42857142857143,1.0
2020-06-08,Czechia,9697,328,1.0,69.0,56.42857142857143,1.0
2020-06-09,Czechia,9751,328,0.0,54.0,55.285714285714285,0.7142857142857143
2020-06-10,Czechia,9824,330,2.0,73.0,55.142857142857146,0.7142857142857143
2020-06-11,Czechia,9855,328,-2.0,31.0,51.57142857142857,0.2857142857142857
2020-06-12,Czechia,9938,329,1.0,83.0,58.42857142857143,0.2857142857142857
2020-06-13,Czechia,9991,328,-1.0,53.0,60.57142857142857,0.14285714285714285
2020-06-14,Czechia,10024,329,1.0,33.0,56.57142857142857,0.2857142857142857
2020-06-15,Czechia,10064,330,1.0,40.0,52.42857142857143,0.2857142857142857
2020-06-16,Czechia,10111,331,1.0,47.0,51.42857142857143,0.42857142857142855
2020-06-17,Czechia,10162,333,2.0,51.0,48.285714285714285,0.42857142857142855
2020-06-18,Czechia,10280,334,1.0,118.0,60.714285714285715,0.8571428571428571
2020-06-19,Czechia,10406,335,1.0,126.0,66.85714285714286,0.8571428571428571
2020-06-20,Czechia,10448,336,1.0,42.0,65.28571428571429,1.1428571428571428
2020-06-21,Czechia,10498,336,0.0,50.0,67.71428571428571,1.0
2020-06-22,Czechia,10523,336,0.0,25.0,65.57142857142857,0.8571428571428571
2020-06-23,Czechia,10650,339,3.0,127.0,77.0,1.1428571428571428
2020-06-24,Czechia,10777,343,4.0,127.0,87.85714285714286,1.4285714285714286
2020-06-25,Czechia,10870,345,2.0,93.0,84.28571428571429,1.5714285714285714
2020-06-26,Czechia,11038,349,4.0,168.0,90.28571428571429,2.0
2020-06-27,Czechia,11298,349,0.0,260.0,121.42857142857143,1.8571428571428572
2020-06-28,Czechia,11603,348,-1.0,305.0,157.85714285714286,1.7142857142857142
2020-06-29,Czechia,11805,348,0.0,202.0,183.14285714285714,1.7142857142857142
2020-06-30,Czechia,11954,349,1.0,149.0,186.28571428571428,1.4285714285714286
2020-07-01,Czechia,12046,349,0.0,92.0,181.28571428571428,0.8571428571428571
2020-07-02,Czechia,12178,353,4.0,132.0,186.85714285714286,1.1428571428571428
2020-07-03,Czechia,12319,353,0.0,141.0,183.0,0.5714285714285714
2020-07-04,Czechia,12440,351,-2.0,121.0,163.14285714285714,0.2857142857142857
2020-07-05,Czechia,12515,348,-3.0,75.0,130.28571428571428,0.0
2020-07-06,Czechia,12566,350,2.0,51.0,108.71428571428571,0.2857142857142857
2020-07-07,Czechia,12685,351,1.0,119.0,104.42857142857143,0.2857142857142857
2020-07-08,Czechia,12814,351,0.0,129.0,109.71428571428571,0.2857142857142857
2020-07-09,Czechia,12919,352,1.0,105.0,105.85714285714286,-0.14285714285714285
2020-07-10,Czechia,13001,352,0.0,82.0,97.42857142857143,-0.14285714285714285
2020-07-11,Czechia,13115,352,0.0,114.0,96.42857142857143,0.14285714285714285
2020-07-12,Czechia,13174,352,0.0,59.0,94.14285714285714,0.5714285714285714
2020-07-13,Czechia,13238,353,1.0,64.0,96.0,0.42857142857142855
2020-07-14,Czechia,13341,355,2.0,103.0,93.71428571428571,0.5714285714285714
2020-07-15,Czechia,13475,355,0.0,134.0,94.42857142857143,0.5714285714285714
2020-07-16,Czechia,13612,355,0.0,137.0,99.0,0.42857142857142855
2020-07-17,Czechia,13742,358,3.0,130.0,105.85714285714286,0.8571428571428571
2020-07-18,Czechia,13855,358,0.0,113.0,105.71428571428571,0.8571428571428571
2020-07-19,Czechia,13945,359,1.0,90.0,110.14285714285714,1.0
2020-07-20,Czechia,14098,359,0.0,153.0,122.85714285714286,0.8571428571428571
2020-07-21,Czechia,14324,360,1.0,226.0,140.42857142857142,0.7142857142857143
2020-07-22,Czechia,14570,364,4.0,246.0,156.42857142857142,1.2857142857142858
2020-07-23,Czechia,14800,365,1.0,230.0,169.71428571428572,1.4285714285714286
2020-07-24,Czechia,15081,369,4.0,281.0,191.28571428571428,1.5714285714285714
2020-07-25,Czechia,15212,369,0.0,131.0,193.85714285714286,1.5714285714285714
2020-07-26,Czechia,15324,371,2.0,112.0,197.0,1.7142857142857142
2020-07-27,Czechia,15516,373,2.0,192.0,202.57142857142858,2.0
2020-07-28,Czechia,15799,374,1.0,283.0,210.71428571428572,2.0
2020-07-29,Czechia,16093,374,0.0,294.0,217.57142857142858,1.4285714285714286
2020-07-30,Czechia,16371,379,5.0,278.0,224.42857142857142,2.0
2020-07-31,Czechia,16574,382,3.0,203.0,213.28571428571428,1.8571428571428572
2020-08-01,Czechia,16699,383,1.0,125.0,212.42857142857142,2.0
2020-08-02,Czechia,16800,384,1.0,101.0,210.85714285714286,1.8571428571428572
2020-08-03,Czechia,17008,386,2.0,208.0,213.14285714285714,1.8571428571428572
2020-08-04,Czechia,17286,383,-3.0,278.0,212.42857142857142,1.2857142857142858
2020-08-05,Czechia,17529,388,5.0,243.0,205.14285714285714,2.0
2020-08-06,Czechia,17731,390,2.0,202.0,194.28571428571428,1.5714285714285714
2020-08-07,Czechia,18060,389,-1.0,329.0,212.28571428571428,1.0
2020-08-08,Czechia,18235,389,0.0,175.0,219.42857142857142,0.8571428571428571
2020-08-09,Czechia,18353,390,1.0,118.0,221.85714285714286,0.8571428571428571
2020-08-10,Czechia,18494,390,0.0,141.0,212.28571428571428,0.5714285714285714
2020-08-11,Czechia,18783,391,1.0,289.0,213.85714285714286,1.1428571428571428
2020-08-12,Czechia,19075,391,0.0,292.0,220.85714285714286,0.42857142857142855
2020-08-13,Czechia,19401,391,0.0,326.0,238.57142857142858,0.14285714285714285
2020-08-14,Czechia,19693,394,3.0,292.0,233.28571428571428,0.7142857142857143
2020-08-15,Czechia,19891,395,1.0,198.0,236.57142857142858,0.8571428571428571
2020-08-16,Czechia,20012,397,2.0,121.0,237.0,1.0
2020-08-17,Czechia,20202,399,2.0,190.0,244.0,1.2857142857142858
2020-08-18,Czechia,20483,401,2.0,281.0,242.85714285714286,1.4285714285714286
2020-08-19,Czechia,20798,404,3.0,315.0,246.14285714285714,1.8571428571428572
2020-08-20,Czechia,21045,406,2.0,247.0,234.85714285714286,2.142857142857143
2020-08-21,Czechia,21551,411,5.0,506.0,265.42857142857144,2.4285714285714284
2020-08-22,Czechia,21790,411,0.0,239.0,271.2857142857143,2.2857142857142856
2020-08-23,Czechia,21923,412,1.0,133.0,273.0,2.142857142857143
2020-08-24,Czechia,22181,415,3.0,258.0,282.7142857142857,2.2857142857142856
2020-08-25,Czechia,22548,416,1.0,367.0,295.0,2.142857142857143
2020-08-26,Czechia,22951,418,2.0,403.0,307.57142857142856,2.0
2020-08-27,Czechia,23169,418,0.0,218.0,303.42857142857144,1.7142857142857142
2020-08-28,Czechia,23777,419,1.0,608.0,318.0,1.1428571428571428
2020-08-29,Czechia,24094,421,2.0,317.0,329.14285714285717,1.4285714285714286
2020-08-30,Czechia,24367,423,2.0,273.0,349.14285714285717,1.5714285714285714
