date,Country_Region,Confirmed,Deaths,daily_deaths,daily_confirmed,daily_confirmed_7day_ma,daily_deaths_7day_ma
2020-01-22,Bulgaria,0,0,0.0,0.0,0.0,0.0
2020-01-23,Bulgaria,0,0,0.0,0.0,0.0,0.0
2020-01-24,Bulgaria,0,0,0.0,0.0,0.0,0.0
2020-01-25,Bulgaria,0,0,0.0,0.0,0.0,0.0
2020-01-26,Bulgaria,0,0,0.0,0.0,0.0,0.0
2020-01-27,Bulgaria,0,0,0.0,0.0,0.0,0.0
2020-01-28,Bulgaria,0,0,0.0,0.0,0.0,0.0
2020-01-29,Bulgaria,0,0,0.0,0.0,0.0,0.0
2020-01-30,Bulgaria,0,0,0.0,0.0,0.0,0.0
2020-01-31,Bulgaria,0,0,0.0,0.0,0.0,0.0
2020-02-01,Bulgaria,0,0,0.0,0.0,0.0,0.0
2020-02-02,Bulgaria,0,0,0.0,0.0,0.0,0.0
2020-02-03,Bulgaria,0,0,0.0,0.0,0.0,0.0
2020-02-04,Bulgaria,0,0,0.0,0.0,0.0,0.0
2020-02-05,Bulgaria,0,0,0.0,0.0,0.0,0.0
2020-02-06,Bulgaria,0,0,0.0,0.0,0.0,0.0
2020-02-07,Bulgaria,0,0,0.0,0.0,0.0,0.0
2020-02-08,Bulgaria,0,0,0.0,0.0,0.0,0.0
2020-02-09,Bulgaria,0,0,0.0,0.0,0.0,0.0
2020-02-10,Bulgaria,0,0,0.0,0.0,0.0,0.0
2020-02-11,Bulgaria,0,0,0.0,0.0,0.0,0.0
2020-02-12,Bulgaria,0,0,0.0,0.0,0.0,0.0
2020-02-13,Bulgaria,0,0,0.0,0.0,0.0,0.0
2020-02-14,Bulgaria,0,0,0.0,0.0,0.0,0.0
2020-02-15,Bulgaria,0,0,0.0,0.0,0.0,0.0
2020-02-16,Bulgaria,0,0,0.0,0.0,0.0,0.0
2020-02-17,Bulgaria,0,0,0.0,0.0,0.0,0.0
2020-02-18,Bulgaria,0,0,0.0,0.0,0.0,0.0
2020-02-19,Bulgaria,0,0,0.0,0.0,0.0,0.0
2020-02-20,Bulgaria,0,0,0.0,0.0,0.0,0.0
2020-02-21,Bulgaria,0,0,0.0,0.0,0.0,0.0
2020-02-22,Bulgaria,0,0,0.0,0.0,0.0,0.0
2020-02-23,Bulgaria,0,0,0.0,0.0,0.0,0.0
2020-02-24,Bulgaria,0,0,0.0,0.0,0.0,0.0
2020-02-25,Bulgaria,0,0,0.0,0.0,0.0,0.0
2020-02-26,Bulgaria,0,0,0.0,0.0,0.0,0.0
2020-02-27,Bulgaria,0,0,0.0,0.0,0.0,0.0
2020-02-28,Bulgaria,0,0,0.0,0.0,0.0,0.0
2020-02-29,Bulgaria,0,0,0.0,0.0,0.0,0.0
2020-03-01,Bulgaria,0,0,0.0,0.0,0.0,0.0
2020-03-02,Bulgaria,0,0,0.0,0.0,0.0,0.0
2020-03-03,Bulgaria,0,0,0.0,0.0,0.0,0.0
2020-03-04,Bulgaria,0,0,0.0,0.0,0.0,0.0
2020-03-05,Bulgaria,0,0,0.0,0.0,0.0,0.0
2020-03-06,Bulgaria,0,0,0.0,0.0,0.0,0.0
2020-03-07,Bulgaria,0,0,0.0,0.0,0.0,0.0
2020-03-08,Bulgaria,4,0,0.0,4.0,0.5714285714285714,0.0
2020-03-09,Bulgaria,4,0,0.0,0.0,0.5714285714285714,0.0
2020-03-10,Bulgaria,4,0,0.0,0.0,0.5714285714285714,0.0
2020-03-11,Bulgaria,7,1,1.0,3.0,1.0,0.14285714285714285
2020-03-12,Bulgaria,7,1,0.0,0.0,1.0,0.14285714285714285
2020-03-13,Bulgaria,23,1,0.0,16.0,3.2857142857142856,0.14285714285714285
2020-03-14,Bulgaria,41,2,1.0,18.0,5.857142857142857,0.2857142857142857
2020-03-15,Bulgaria,51,2,0.0,10.0,6.714285714285714,0.2857142857142857
2020-03-16,Bulgaria,52,2,0.0,1.0,6.857142857142857,0.2857142857142857
2020-03-17,Bulgaria,67,2,0.0,15.0,9.0,0.2857142857142857
2020-03-18,Bulgaria,92,2,0.0,25.0,12.142857142857142,0.14285714285714285
2020-03-19,Bulgaria,94,3,1.0,2.0,12.428571428571429,0.2857142857142857
2020-03-20,Bulgaria,127,3,0.0,33.0,14.857142857142858,0.2857142857142857
2020-03-21,Bulgaria,163,3,0.0,36.0,17.428571428571427,0.14285714285714285
2020-03-22,Bulgaria,187,3,0.0,24.0,19.428571428571427,0.14285714285714285
2020-03-23,Bulgaria,201,3,0.0,14.0,21.285714285714285,0.14285714285714285
2020-03-24,Bulgaria,218,3,0.0,17.0,21.571428571428573,0.14285714285714285
2020-03-25,Bulgaria,242,3,0.0,24.0,21.428571428571427,0.14285714285714285
2020-03-26,Bulgaria,264,3,0.0,22.0,24.285714285714285,0.0
2020-03-27,Bulgaria,293,3,0.0,29.0,23.714285714285715,0.0
2020-03-28,Bulgaria,331,7,4.0,38.0,24.0,0.5714285714285714
2020-03-29,Bulgaria,346,8,1.0,15.0,22.714285714285715,0.7142857142857143
2020-03-30,Bulgaria,359,8,0.0,13.0,22.571428571428573,0.7142857142857143
2020-03-31,Bulgaria,399,8,0.0,40.0,25.857142857142858,0.7142857142857143
2020-04-01,Bulgaria,422,10,2.0,23.0,25.714285714285715,1.0
2020-04-02,Bulgaria,457,10,0.0,35.0,27.571428571428573,1.0
2020-04-03,Bulgaria,485,14,4.0,28.0,27.428571428571427,1.5714285714285714
2020-04-04,Bulgaria,503,17,3.0,18.0,24.571428571428573,1.4285714285714286
2020-04-05,Bulgaria,531,20,3.0,28.0,26.428571428571427,1.7142857142857142
2020-04-06,Bulgaria,549,22,2.0,18.0,27.142857142857142,2.0
2020-04-07,Bulgaria,577,23,1.0,28.0,25.428571428571427,2.142857142857143
2020-04-08,Bulgaria,593,24,1.0,16.0,24.428571428571427,2.0
2020-04-09,Bulgaria,618,24,0.0,25.0,23.0,2.0
2020-04-10,Bulgaria,635,25,1.0,17.0,21.428571428571427,1.5714285714285714
2020-04-11,Bulgaria,661,28,3.0,26.0,22.571428571428573,1.5714285714285714
2020-04-12,Bulgaria,675,29,1.0,14.0,20.571428571428573,1.2857142857142858
2020-04-13,Bulgaria,685,32,3.0,10.0,19.428571428571427,1.4285714285714286
2020-04-14,Bulgaria,713,35,3.0,28.0,19.428571428571427,1.7142857142857142
2020-04-15,Bulgaria,747,36,1.0,34.0,22.0,1.7142857142857142
2020-04-16,Bulgaria,800,38,2.0,53.0,26.0,2.0
2020-04-17,Bulgaria,846,41,3.0,46.0,30.142857142857142,2.2857142857142856
2020-04-18,Bulgaria,878,41,0.0,32.0,31.0,1.8571428571428572
2020-04-19,Bulgaria,894,42,1.0,16.0,31.285714285714285,1.8571428571428572
2020-04-20,Bulgaria,929,43,1.0,35.0,34.857142857142854,1.5714285714285714
2020-04-21,Bulgaria,975,45,2.0,46.0,37.42857142857143,1.4285714285714286
2020-04-22,Bulgaria,1024,49,4.0,49.0,39.57142857142857,1.8571428571428572
2020-04-23,Bulgaria,1097,52,3.0,73.0,42.42857142857143,2.0
2020-04-24,Bulgaria,1234,54,2.0,137.0,55.42857142857143,1.8571428571428572
2020-04-25,Bulgaria,1247,55,1.0,13.0,52.714285714285715,2.0
2020-04-26,Bulgaria,1300,56,1.0,53.0,58.0,2.0
2020-04-27,Bulgaria,1363,58,2.0,63.0,62.0,2.142857142857143
2020-04-28,Bulgaria,1399,58,0.0,36.0,60.57142857142857,1.8571428571428572
2020-04-29,Bulgaria,1447,64,6.0,48.0,60.42857142857143,2.142857142857143
2020-04-30,Bulgaria,1506,66,2.0,59.0,58.42857142857143,2.0
2020-05-01,Bulgaria,1555,68,2.0,49.0,45.857142857142854,2.0
2020-05-02,Bulgaria,1594,72,4.0,39.0,49.57142857142857,2.4285714285714284
2020-05-03,Bulgaria,1618,73,1.0,24.0,45.42857142857143,2.4285714285714284
2020-05-04,Bulgaria,1652,78,5.0,34.0,41.285714285714285,2.857142857142857
2020-05-05,Bulgaria,1704,80,2.0,52.0,43.57142857142857,3.142857142857143
2020-05-06,Bulgaria,1778,84,4.0,74.0,47.285714285714285,2.857142857142857
2020-05-07,Bulgaria,1829,84,0.0,51.0,46.142857142857146,2.5714285714285716
2020-05-08,Bulgaria,1872,86,2.0,43.0,45.285714285714285,2.5714285714285716
2020-05-09,Bulgaria,1921,90,4.0,49.0,46.714285714285715,2.5714285714285716
2020-05-10,Bulgaria,1965,91,1.0,44.0,49.57142857142857,2.5714285714285716
2020-05-11,Bulgaria,1990,93,2.0,25.0,48.285714285714285,2.142857142857143
2020-05-12,Bulgaria,2023,95,2.0,33.0,45.57142857142857,2.142857142857143
2020-05-13,Bulgaria,2069,96,1.0,46.0,41.57142857142857,1.7142857142857142
2020-05-14,Bulgaria,2100,99,3.0,31.0,38.714285714285715,2.142857142857143
2020-05-15,Bulgaria,2138,102,3.0,38.0,38.0,2.2857142857142856
2020-05-16,Bulgaria,2175,105,3.0,37.0,36.285714285714285,2.142857142857143
2020-05-17,Bulgaria,2211,108,3.0,36.0,35.142857142857146,2.4285714285714284
2020-05-18,Bulgaria,2235,110,2.0,24.0,35.0,2.4285714285714284
2020-05-19,Bulgaria,2259,112,2.0,24.0,33.714285714285715,2.4285714285714284
2020-05-20,Bulgaria,2292,116,4.0,33.0,31.857142857142858,2.857142857142857
2020-05-21,Bulgaria,2331,120,4.0,39.0,33.0,3.0
2020-05-22,Bulgaria,2372,125,5.0,41.0,33.42857142857143,3.2857142857142856
2020-05-23,Bulgaria,2408,126,1.0,36.0,33.285714285714285,3.0
2020-05-24,Bulgaria,2427,130,4.0,19.0,30.857142857142858,3.142857142857143
2020-05-25,Bulgaria,2433,130,0.0,6.0,28.285714285714285,2.857142857142857
2020-05-26,Bulgaria,2443,130,0.0,10.0,26.285714285714285,2.5714285714285716
2020-05-27,Bulgaria,2460,133,3.0,17.0,24.0,2.4285714285714284
2020-05-28,Bulgaria,2477,134,1.0,17.0,20.857142857142858,2.0
2020-05-29,Bulgaria,2485,136,2.0,8.0,16.142857142857142,1.5714285714285714
2020-05-30,Bulgaria,2499,139,3.0,14.0,13.0,1.8571428571428572
2020-05-31,Bulgaria,2513,140,1.0,14.0,12.285714285714286,1.4285714285714286
2020-06-01,Bulgaria,2519,140,0.0,6.0,12.285714285714286,1.4285714285714286
2020-06-02,Bulgaria,2538,144,4.0,19.0,13.571428571428571,2.0
2020-06-03,Bulgaria,2560,146,2.0,22.0,14.285714285714286,1.8571428571428572
2020-06-04,Bulgaria,2585,147,1.0,25.0,15.428571428571429,1.8571428571428572
2020-06-05,Bulgaria,2627,159,12.0,42.0,20.285714285714285,3.2857142857142856
2020-06-06,Bulgaria,2711,160,1.0,84.0,30.285714285714285,3.0
2020-06-07,Bulgaria,2727,160,0.0,16.0,30.571428571428573,2.857142857142857
2020-06-08,Bulgaria,2810,164,4.0,83.0,41.57142857142857,3.4285714285714284
2020-06-09,Bulgaria,2889,167,3.0,79.0,50.142857142857146,3.2857142857142856
2020-06-10,Bulgaria,2993,167,0.0,104.0,61.857142857142854,3.0
2020-06-11,Bulgaria,3086,168,1.0,93.0,71.57142857142857,3.0
2020-06-12,Bulgaria,3191,172,4.0,105.0,80.57142857142857,1.8571428571428572
2020-06-13,Bulgaria,3266,172,0.0,75.0,79.28571428571429,1.7142857142857142
2020-06-14,Bulgaria,3290,174,2.0,24.0,80.42857142857143,2.0
2020-06-15,Bulgaria,3341,176,2.0,51.0,75.85714285714286,1.7142857142857142
2020-06-16,Bulgaria,3453,181,5.0,112.0,80.57142857142857,2.0
2020-06-17,Bulgaria,3542,184,3.0,89.0,78.42857142857143,2.4285714285714284
2020-06-18,Bulgaria,3674,190,6.0,132.0,84.0,3.142857142857143
2020-06-19,Bulgaria,3755,193,3.0,81.0,80.57142857142857,3.0
2020-06-20,Bulgaria,3872,199,6.0,117.0,86.57142857142857,3.857142857142857
2020-06-21,Bulgaria,3905,199,0.0,33.0,87.85714285714286,3.5714285714285716
2020-06-22,Bulgaria,3984,207,8.0,79.0,91.85714285714286,4.428571428571429
2020-06-23,Bulgaria,4114,208,1.0,130.0,94.42857142857143,3.857142857142857
2020-06-24,Bulgaria,4242,209,1.0,128.0,100.0,3.5714285714285716
2020-06-25,Bulgaria,4408,211,2.0,166.0,104.85714285714286,3.0
2020-06-26,Bulgaria,4513,215,4.0,105.0,108.28571428571429,3.142857142857143
2020-06-27,Bulgaria,4625,216,1.0,112.0,107.57142857142857,2.4285714285714284
2020-06-28,Bulgaria,4691,219,3.0,66.0,112.28571428571429,2.857142857142857
2020-06-29,Bulgaria,4831,223,4.0,140.0,121.0,2.2857142857142856
2020-06-30,Bulgaria,4989,230,7.0,158.0,125.0,3.142857142857143
2020-07-01,Bulgaria,5154,232,2.0,165.0,130.28571428571428,3.2857142857142856
2020-07-02,Bulgaria,5315,232,0.0,161.0,129.57142857142858,3.0
2020-07-03,Bulgaria,5497,239,7.0,182.0,140.57142857142858,3.4285714285714284
2020-07-04,Bulgaria,5677,241,2.0,180.0,150.28571428571428,3.5714285714285716
2020-07-05,Bulgaria,5740,246,5.0,63.0,149.85714285714286,3.857142857142857
2020-07-06,Bulgaria,5914,250,4.0,174.0,154.71428571428572,3.857142857142857
2020-07-07,Bulgaria,6102,254,4.0,188.0,159.0,3.4285714285714284
2020-07-08,Bulgaria,6342,259,5.0,240.0,169.71428571428572,3.857142857142857
2020-07-09,Bulgaria,6672,262,3.0,330.0,193.85714285714286,4.285714285714286
2020-07-10,Bulgaria,6964,267,5.0,292.0,209.57142857142858,4.0
2020-07-11,Bulgaria,7175,267,0.0,211.0,214.0,3.7142857142857144
2020-07-12,Bulgaria,7252,268,1.0,77.0,216.0,3.142857142857143
2020-07-13,Bulgaria,7411,276,8.0,159.0,213.85714285714286,3.7142857142857144
2020-07-14,Bulgaria,7645,283,7.0,234.0,220.42857142857142,4.142857142857143
2020-07-15,Bulgaria,7877,289,6.0,232.0,219.28571428571428,4.285714285714286
2020-07-16,Bulgaria,8144,293,4.0,267.0,210.28571428571428,4.428571428571429
2020-07-17,Bulgaria,8442,297,4.0,298.0,211.14285714285714,4.285714285714286
2020-07-18,Bulgaria,8638,299,2.0,196.0,209.0,4.571428571428571
2020-07-19,Bulgaria,8733,300,1.0,95.0,211.57142857142858,4.571428571428571
2020-07-20,Bulgaria,8929,308,8.0,196.0,216.85714285714286,4.571428571428571
2020-07-21,Bulgaria,9254,313,5.0,325.0,229.85714285714286,4.285714285714286
2020-07-22,Bulgaria,9584,321,8.0,330.0,243.85714285714286,4.571428571428571
2020-07-23,Bulgaria,9853,329,8.0,269.0,244.14285714285714,5.142857142857143
2020-07-24,Bulgaria,10123,337,8.0,270.0,240.14285714285714,5.714285714285714
2020-07-25,Bulgaria,10312,338,1.0,189.0,239.14285714285714,5.571428571428571
2020-07-26,Bulgaria,10427,340,2.0,115.0,242.0,5.714285714285714
2020-07-27,Bulgaria,10621,347,7.0,194.0,241.71428571428572,5.571428571428571
2020-07-28,Bulgaria,10871,355,8.0,250.0,231.0,6.0
2020-07-29,Bulgaria,11155,368,13.0,284.0,224.42857142857142,6.714285714285714
2020-07-30,Bulgaria,11420,374,6.0,265.0,223.85714285714286,6.428571428571429
2020-07-31,Bulgaria,11690,383,9.0,270.0,223.85714285714286,6.571428571428571
2020-08-01,Bulgaria,11836,385,2.0,146.0,217.71428571428572,6.714285714285714
2020-08-02,Bulgaria,11955,388,3.0,119.0,218.28571428571428,6.857142857142857
2020-08-03,Bulgaria,12159,404,16.0,204.0,219.71428571428572,8.142857142857142
2020-08-04,Bulgaria,12414,415,11.0,255.0,220.42857142857142,8.571428571428571
2020-08-05,Bulgaria,12717,424,9.0,303.0,223.14285714285714,8.0
2020-08-06,Bulgaria,13014,435,11.0,297.0,227.71428571428572,8.714285714285714
2020-08-07,Bulgaria,13209,442,7.0,195.0,217.0,8.428571428571429
2020-08-08,Bulgaria,13343,445,3.0,134.0,215.28571428571428,8.571428571428571
2020-08-09,Bulgaria,13396,447,2.0,53.0,205.85714285714286,8.428571428571429
2020-08-10,Bulgaria,13512,459,12.0,116.0,193.28571428571428,7.857142857142857
2020-08-11,Bulgaria,13722,471,12.0,210.0,186.85714285714286,8.0
2020-08-12,Bulgaria,13893,482,11.0,171.0,168.0,8.285714285714286
2020-08-13,Bulgaria,13893,482,0.0,0.0,125.57142857142857,6.714285714285714
2020-08-14,Bulgaria,14243,492,10.0,350.0,147.71428571428572,7.142857142857143
2020-08-15,Bulgaria,14333,495,3.0,90.0,141.42857142857142,7.142857142857143
2020-08-16,Bulgaria,14365,498,3.0,32.0,138.42857142857142,7.285714285714286
2020-08-17,Bulgaria,14500,512,14.0,135.0,141.14285714285714,7.571428571428571
2020-08-18,Bulgaria,14669,519,7.0,169.0,135.28571428571428,6.857142857142857
2020-08-19,Bulgaria,14820,527,8.0,151.0,132.42857142857142,6.428571428571429
2020-08-20,Bulgaria,14962,532,5.0,142.0,152.71428571428572,7.142857142857143
