date,Country_Region,Confirmed,Deaths,daily_deaths,daily_confirmed,daily_confirmed_7day_ma,daily_deaths_7day_ma
2020-01-22,Bangladesh,0,0,0.0,0.0,0.0,0.0
2020-01-23,Bangladesh,0,0,0.0,0.0,0.0,0.0
2020-01-24,Bangladesh,0,0,0.0,0.0,0.0,0.0
2020-01-25,Bangladesh,0,0,0.0,0.0,0.0,0.0
2020-01-26,Bangladesh,0,0,0.0,0.0,0.0,0.0
2020-01-27,Bangladesh,0,0,0.0,0.0,0.0,0.0
2020-01-28,Bangladesh,0,0,0.0,0.0,0.0,0.0
2020-01-29,Bangladesh,0,0,0.0,0.0,0.0,0.0
2020-01-30,Bangladesh,0,0,0.0,0.0,0.0,0.0
2020-01-31,Bangladesh,0,0,0.0,0.0,0.0,0.0
2020-02-01,Bangladesh,0,0,0.0,0.0,0.0,0.0
2020-02-02,Bangladesh,0,0,0.0,0.0,0.0,0.0
2020-02-03,Bangladesh,0,0,0.0,0.0,0.0,0.0
2020-02-04,Bangladesh,0,0,0.0,0.0,0.0,0.0
2020-02-05,Bangladesh,0,0,0.0,0.0,0.0,0.0
2020-02-06,Bangladesh,0,0,0.0,0.0,0.0,0.0
2020-02-07,Bangladesh,0,0,0.0,0.0,0.0,0.0
2020-02-08,Bangladesh,0,0,0.0,0.0,0.0,0.0
2020-02-09,Bangladesh,0,0,0.0,0.0,0.0,0.0
2020-02-10,Bangladesh,0,0,0.0,0.0,0.0,0.0
2020-02-11,Bangladesh,0,0,0.0,0.0,0.0,0.0
2020-02-12,Bangladesh,0,0,0.0,0.0,0.0,0.0
2020-02-13,Bangladesh,0,0,0.0,0.0,0.0,0.0
2020-02-14,Bangladesh,0,0,0.0,0.0,0.0,0.0
2020-02-15,Bangladesh,0,0,0.0,0.0,0.0,0.0
2020-02-16,Bangladesh,0,0,0.0,0.0,0.0,0.0
2020-02-17,Bangladesh,0,0,0.0,0.0,0.0,0.0
2020-02-18,Bangladesh,0,0,0.0,0.0,0.0,0.0
2020-02-19,Bangladesh,0,0,0.0,0.0,0.0,0.0
2020-02-20,Bangladesh,0,0,0.0,0.0,0.0,0.0
2020-02-21,Bangladesh,0,0,0.0,0.0,0.0,0.0
2020-02-22,Bangladesh,0,0,0.0,0.0,0.0,0.0
2020-02-23,Bangladesh,0,0,0.0,0.0,0.0,0.0
2020-02-24,Bangladesh,0,0,0.0,0.0,0.0,0.0
2020-02-25,Bangladesh,0,0,0.0,0.0,0.0,0.0
2020-02-26,Bangladesh,0,0,0.0,0.0,0.0,0.0
2020-02-27,Bangladesh,0,0,0.0,0.0,0.0,0.0
2020-02-28,Bangladesh,0,0,0.0,0.0,0.0,0.0
2020-02-29,Bangladesh,0,0,0.0,0.0,0.0,0.0
2020-03-01,Bangladesh,0,0,0.0,0.0,0.0,0.0
2020-03-02,Bangladesh,0,0,0.0,0.0,0.0,0.0
2020-03-03,Bangladesh,0,0,0.0,0.0,0.0,0.0
2020-03-04,Bangladesh,0,0,0.0,0.0,0.0,0.0
2020-03-05,Bangladesh,0,0,0.0,0.0,0.0,0.0
2020-03-06,Bangladesh,0,0,0.0,0.0,0.0,0.0
2020-03-07,Bangladesh,0,0,0.0,0.0,0.0,0.0
2020-03-08,Bangladesh,3,0,0.0,3.0,0.42857142857142855,0.0
2020-03-09,Bangladesh,3,0,0.0,0.0,0.42857142857142855,0.0
2020-03-10,Bangladesh,3,0,0.0,0.0,0.42857142857142855,0.0
2020-03-11,Bangladesh,3,0,0.0,0.0,0.42857142857142855,0.0
2020-03-12,Bangladesh,3,0,0.0,0.0,0.42857142857142855,0.0
2020-03-13,Bangladesh,3,0,0.0,0.0,0.42857142857142855,0.0
2020-03-14,Bangladesh,3,0,0.0,0.0,0.42857142857142855,0.0
2020-03-15,Bangladesh,5,0,0.0,2.0,0.2857142857142857,0.0
2020-03-16,Bangladesh,8,0,0.0,3.0,0.7142857142857143,0.0
2020-03-17,Bangladesh,10,0,0.0,2.0,1.0,0.0
2020-03-18,Bangladesh,14,1,1.0,4.0,1.5714285714285714,0.14285714285714285
2020-03-19,Bangladesh,17,1,0.0,3.0,2.0,0.14285714285714285
2020-03-20,Bangladesh,20,1,0.0,3.0,2.4285714285714284,0.14285714285714285
2020-03-21,Bangladesh,25,2,1.0,5.0,3.142857142857143,0.2857142857142857
2020-03-22,Bangladesh,27,2,0.0,2.0,3.142857142857143,0.2857142857142857
2020-03-23,Bangladesh,33,3,1.0,6.0,3.5714285714285716,0.42857142857142855
2020-03-24,Bangladesh,39,4,1.0,6.0,4.142857142857143,0.5714285714285714
2020-03-25,Bangladesh,39,5,1.0,0.0,3.5714285714285716,0.5714285714285714
2020-03-26,Bangladesh,44,5,0.0,5.0,3.857142857142857,0.5714285714285714
2020-03-27,Bangladesh,48,5,0.0,4.0,4.0,0.5714285714285714
2020-03-28,Bangladesh,48,5,0.0,0.0,3.2857142857142856,0.42857142857142855
2020-03-29,Bangladesh,48,5,0.0,0.0,3.0,0.42857142857142855
2020-03-30,Bangladesh,49,5,0.0,1.0,2.2857142857142856,0.2857142857142857
2020-03-31,Bangladesh,51,5,0.0,2.0,1.7142857142857142,0.14285714285714285
2020-04-01,Bangladesh,54,6,1.0,3.0,2.142857142857143,0.14285714285714285
2020-04-02,Bangladesh,56,6,0.0,2.0,1.7142857142857142,0.14285714285714285
2020-04-03,Bangladesh,61,6,0.0,5.0,1.8571428571428572,0.14285714285714285
2020-04-04,Bangladesh,70,8,2.0,9.0,3.142857142857143,0.42857142857142855
2020-04-05,Bangladesh,88,9,1.0,18.0,5.714285714285714,0.5714285714285714
2020-04-06,Bangladesh,123,12,3.0,35.0,10.571428571428571,1.0
2020-04-07,Bangladesh,164,17,5.0,41.0,16.142857142857142,1.7142857142857142
2020-04-08,Bangladesh,218,20,3.0,54.0,23.428571428571427,2.0
2020-04-09,Bangladesh,330,21,1.0,112.0,39.142857142857146,2.142857142857143
2020-04-10,Bangladesh,424,27,6.0,94.0,51.857142857142854,3.0
2020-04-11,Bangladesh,482,30,3.0,58.0,58.857142857142854,3.142857142857143
2020-04-12,Bangladesh,621,34,4.0,139.0,76.14285714285714,3.5714285714285716
2020-04-13,Bangladesh,803,39,5.0,182.0,97.14285714285714,3.857142857142857
2020-04-14,Bangladesh,1012,46,7.0,209.0,121.14285714285714,4.142857142857143
2020-04-15,Bangladesh,1231,50,4.0,219.0,144.71428571428572,4.285714285714286
2020-04-16,Bangladesh,1572,60,10.0,341.0,177.42857142857142,5.571428571428571
2020-04-17,Bangladesh,1838,75,15.0,266.0,202.0,6.857142857142857
2020-04-18,Bangladesh,2144,84,9.0,306.0,237.42857142857142,7.714285714285714
2020-04-19,Bangladesh,2456,91,7.0,312.0,262.14285714285717,8.142857142857142
2020-04-20,Bangladesh,2948,101,10.0,492.0,306.42857142857144,8.857142857142858
2020-04-21,Bangladesh,3382,110,9.0,434.0,338.57142857142856,9.142857142857142
2020-04-22,Bangladesh,3772,120,10.0,390.0,363.0,10.0
2020-04-23,Bangladesh,4186,127,7.0,414.0,373.42857142857144,9.571428571428571
2020-04-24,Bangladesh,4689,131,4.0,503.0,407.2857142857143,8.0
2020-04-25,Bangladesh,4998,140,9.0,309.0,407.7142857142857,8.0
2020-04-26,Bangladesh,5416,145,5.0,418.0,422.85714285714283,7.714285714285714
2020-04-27,Bangladesh,5913,152,7.0,497.0,423.57142857142856,7.285714285714286
2020-04-28,Bangladesh,6462,155,3.0,549.0,440.0,6.428571428571429
2020-04-29,Bangladesh,7103,163,8.0,641.0,475.85714285714283,6.142857142857143
2020-04-30,Bangladesh,7667,168,5.0,564.0,497.2857142857143,5.857142857142857
2020-05-01,Bangladesh,8238,170,2.0,571.0,507.0,5.571428571428571
2020-05-02,Bangladesh,8790,175,5.0,552.0,541.7142857142857,5.0
2020-05-03,Bangladesh,9455,177,2.0,665.0,577.0,4.571428571428571
2020-05-04,Bangladesh,10143,182,5.0,688.0,604.2857142857143,4.285714285714286
2020-05-05,Bangladesh,10929,183,1.0,786.0,638.1428571428571,4.0
2020-05-06,Bangladesh,11719,186,3.0,790.0,659.4285714285714,3.2857142857142856
2020-05-07,Bangladesh,12425,199,13.0,706.0,679.7142857142857,4.428571428571429
2020-05-08,Bangladesh,13134,206,7.0,709.0,699.4285714285714,5.142857142857143
2020-05-09,Bangladesh,13770,214,8.0,636.0,711.4285714285714,5.571428571428571
2020-05-10,Bangladesh,14657,228,14.0,887.0,743.1428571428571,7.285714285714286
2020-05-11,Bangladesh,15691,239,11.0,1034.0,792.5714285714286,8.142857142857142
2020-05-12,Bangladesh,16660,250,11.0,969.0,818.7142857142857,9.571428571428571
2020-05-13,Bangladesh,17822,269,19.0,1162.0,871.8571428571429,11.857142857142858
2020-05-14,Bangladesh,18863,283,14.0,1041.0,919.7142857142857,12.0
2020-05-15,Bangladesh,20065,298,15.0,1202.0,990.1428571428571,13.142857142857142
2020-05-16,Bangladesh,20995,314,16.0,930.0,1032.142857142857,14.285714285714286
2020-05-17,Bangladesh,22268,328,14.0,1273.0,1087.2857142857142,14.285714285714286
2020-05-18,Bangladesh,23870,349,21.0,1602.0,1168.4285714285713,15.714285714285714
2020-05-19,Bangladesh,25121,370,21.0,1251.0,1208.7142857142858,17.142857142857142
2020-05-20,Bangladesh,26738,386,16.0,1617.0,1273.7142857142858,16.714285714285715
2020-05-21,Bangladesh,28511,408,22.0,1773.0,1378.2857142857142,17.857142857142858
2020-05-22,Bangladesh,30205,432,24.0,1694.0,1448.5714285714287,19.142857142857142
2020-05-23,Bangladesh,32078,452,20.0,1873.0,1583.2857142857142,19.714285714285715
2020-05-24,Bangladesh,33610,480,28.0,1532.0,1620.2857142857142,21.714285714285715
2020-05-25,Bangladesh,35585,501,21.0,1975.0,1673.5714285714287,21.714285714285715
2020-05-26,Bangladesh,36751,522,21.0,1166.0,1661.4285714285713,21.714285714285715
2020-05-27,Bangladesh,38292,544,22.0,1541.0,1650.5714285714287,22.571428571428573
2020-05-28,Bangladesh,40321,559,15.0,2029.0,1687.142857142857,21.571428571428573
2020-05-29,Bangladesh,42844,582,23.0,2523.0,1805.5714285714287,21.428571428571427
2020-05-30,Bangladesh,44608,610,28.0,1764.0,1790.0,22.571428571428573
2020-05-31,Bangladesh,47153,650,40.0,2545.0,1934.7142857142858,24.285714285714285
2020-06-01,Bangladesh,49534,672,22.0,2381.0,1992.7142857142858,24.428571428571427
2020-06-02,Bangladesh,52445,709,37.0,2911.0,2242.0,26.714285714285715
2020-06-03,Bangladesh,55140,746,37.0,2695.0,2406.8571428571427,28.857142857142858
2020-06-04,Bangladesh,57563,781,35.0,2423.0,2463.1428571428573,31.714285714285715
2020-06-05,Bangladesh,60391,811,30.0,2828.0,2506.714285714286,32.714285714285715
2020-06-06,Bangladesh,63026,846,35.0,2635.0,2631.1428571428573,33.714285714285715
2020-06-07,Bangladesh,65769,888,42.0,2743.0,2659.4285714285716,34.0
2020-06-08,Bangladesh,68504,930,42.0,2735.0,2710.0,36.857142857142854
2020-06-09,Bangladesh,71675,975,45.0,3171.0,2747.1428571428573,38.0
2020-06-10,Bangladesh,74865,1012,37.0,3190.0,2817.8571428571427,38.0
2020-06-11,Bangladesh,78052,1049,37.0,3187.0,2927.0,38.285714285714285
2020-06-12,Bangladesh,81523,1095,46.0,3471.0,3018.8571428571427,40.57142857142857
2020-06-13,Bangladesh,84379,1139,44.0,2856.0,3050.4285714285716,41.857142857142854
2020-06-14,Bangladesh,87520,1171,32.0,3141.0,3107.285714285714,40.42857142857143
2020-06-15,Bangladesh,90619,1209,38.0,3099.0,3159.285714285714,39.857142857142854
2020-06-16,Bangladesh,94481,1262,53.0,3862.0,3258.0,41.0
2020-06-17,Bangladesh,98489,1305,43.0,4008.0,3374.8571428571427,41.857142857142854
2020-06-18,Bangladesh,102292,1343,38.0,3803.0,3462.8571428571427,42.0
2020-06-19,Bangladesh,105535,1388,45.0,3243.0,3430.285714285714,41.857142857142854
2020-06-20,Bangladesh,108775,1425,37.0,3240.0,3485.1428571428573,40.857142857142854
2020-06-21,Bangladesh,112306,1464,39.0,3531.0,3540.8571428571427,41.857142857142854
2020-06-22,Bangladesh,115786,1502,38.0,3480.0,3595.285714285714,41.857142857142854
2020-06-23,Bangladesh,119198,1545,43.0,3412.0,3531.0,40.42857142857143
2020-06-24,Bangladesh,122660,1582,37.0,3462.0,3453.0,39.57142857142857
2020-06-25,Bangladesh,126606,1621,39.0,3946.0,3473.4285714285716,39.714285714285715
2020-06-26,Bangladesh,130474,1661,40.0,3868.0,3562.714285714286,39.0
2020-06-27,Bangladesh,133978,1695,34.0,3504.0,3600.4285714285716,38.57142857142857
2020-06-28,Bangladesh,137787,1738,43.0,3809.0,3640.1428571428573,39.142857142857146
2020-06-29,Bangladesh,141801,1783,45.0,4014.0,3716.4285714285716,40.142857142857146
2020-06-30,Bangladesh,145483,1847,64.0,3682.0,3755.0,43.142857142857146
2020-07-01,Bangladesh,149258,1888,41.0,3775.0,3799.714285714286,43.714285714285715
2020-07-02,Bangladesh,153277,1926,38.0,4019.0,3810.1428571428573,43.57142857142857
2020-07-03,Bangladesh,156391,1968,42.0,3114.0,3702.4285714285716,43.857142857142854
2020-07-04,Bangladesh,159679,1997,29.0,3288.0,3671.5714285714284,43.142857142857146
2020-07-05,Bangladesh,162417,2052,55.0,2738.0,3518.5714285714284,44.857142857142854
2020-07-06,Bangladesh,165618,2096,44.0,3201.0,3402.4285714285716,44.714285714285715
2020-07-07,Bangladesh,168645,2151,55.0,3027.0,3308.8571428571427,43.42857142857143
2020-07-08,Bangladesh,172134,2197,46.0,3489.0,3268.0,44.142857142857146
2020-07-09,Bangladesh,175494,2238,41.0,3360.0,3173.8571428571427,44.57142857142857
2020-07-10,Bangladesh,178443,2275,37.0,2949.0,3150.285714285714,43.857142857142854
2020-07-11,Bangladesh,181129,2305,30.0,2686.0,3064.285714285714,44.0
2020-07-12,Bangladesh,183795,2352,47.0,2666.0,3054.0,42.857142857142854
2020-07-13,Bangladesh,186894,2391,39.0,3099.0,3039.4285714285716,42.142857142857146
2020-07-14,Bangladesh,190057,2424,33.0,3163.0,3058.8571428571427,39.0
2020-07-15,Bangladesh,193590,2457,33.0,3533.0,3065.1428571428573,37.142857142857146
2020-07-16,Bangladesh,196323,2496,39.0,2733.0,2975.5714285714284,36.857142857142854
2020-07-17,Bangladesh,199357,2547,51.0,3034.0,2987.714285714286,38.857142857142854
2020-07-18,Bangladesh,202066,2581,34.0,2709.0,2991.0,39.42857142857143
2020-07-19,Bangladesh,204525,2618,37.0,2459.0,2961.4285714285716,38.0
2020-07-20,Bangladesh,207453,2668,50.0,2928.0,2937.0,39.57142857142857
2020-07-21,Bangladesh,210510,2709,41.0,3057.0,2921.8571428571427,40.714285714285715
2020-07-22,Bangladesh,213254,2751,42.0,2744.0,2809.1428571428573,42.0
2020-07-23,Bangladesh,216110,2801,50.0,2856.0,2826.714285714286,43.57142857142857
2020-07-24,Bangladesh,218658,2836,35.0,2548.0,2757.285714285714,41.285714285714285
2020-07-25,Bangladesh,221178,2874,38.0,2520.0,2730.285714285714,41.857142857142854
2020-07-26,Bangladesh,223453,2928,54.0,2275.0,2704.0,44.285714285714285
2020-07-27,Bangladesh,226225,2965,37.0,2772.0,2681.714285714286,42.42857142857143
2020-07-28,Bangladesh,229185,3000,35.0,2960.0,2667.8571428571427,41.57142857142857
2020-07-29,Bangladesh,232194,3035,35.0,3009.0,2705.714285714286,40.57142857142857
2020-07-30,Bangladesh,234889,3083,48.0,2695.0,2682.714285714286,40.285714285714285
2020-07-31,Bangladesh,237661,3111,28.0,2772.0,2714.714285714286,39.285714285714285
2020-08-01,Bangladesh,239860,3132,21.0,2199.0,2668.8571428571427,36.857142857142854
2020-08-02,Bangladesh,240746,3154,22.0,886.0,2470.4285714285716,32.285714285714285
2020-08-03,Bangladesh,242102,3184,30.0,1356.0,2268.1428571428573,31.285714285714285
2020-08-04,Bangladesh,244020,3234,50.0,1918.0,2119.285714285714,33.42857142857143
2020-08-05,Bangladesh,246674,3267,33.0,2654.0,2068.5714285714284,33.142857142857146
2020-08-06,Bangladesh,249651,3306,39.0,2977.0,2108.8571428571427,31.857142857142858
2020-08-07,Bangladesh,252502,3333,27.0,2851.0,2120.1428571428573,31.714285714285715
2020-08-08,Bangladesh,255113,3365,32.0,2611.0,2179.0,33.285714285714285
