date,Country_Region,Confirmed,Deaths,daily_deaths,daily_confirmed,daily_confirmed_7day_ma,daily_deaths_7day_ma
2020-01-22,Colombia,0,0,0.0,0.0,0.0,0.0
2020-01-23,Colombia,0,0,0.0,0.0,0.0,0.0
2020-01-24,Colombia,0,0,0.0,0.0,0.0,0.0
2020-01-25,Colombia,0,0,0.0,0.0,0.0,0.0
2020-01-26,Colombia,0,0,0.0,0.0,0.0,0.0
2020-01-27,Colombia,0,0,0.0,0.0,0.0,0.0
2020-01-28,Colombia,0,0,0.0,0.0,0.0,0.0
2020-01-29,Colombia,0,0,0.0,0.0,0.0,0.0
2020-01-30,Colombia,0,0,0.0,0.0,0.0,0.0
2020-01-31,Colombia,0,0,0.0,0.0,0.0,0.0
2020-02-01,Colombia,0,0,0.0,0.0,0.0,0.0
2020-02-02,Colombia,0,0,0.0,0.0,0.0,0.0
2020-02-03,Colombia,0,0,0.0,0.0,0.0,0.0
2020-02-04,Colombia,0,0,0.0,0.0,0.0,0.0
2020-02-05,Colombia,0,0,0.0,0.0,0.0,0.0
2020-02-06,Colombia,0,0,0.0,0.0,0.0,0.0
2020-02-07,Colombia,0,0,0.0,0.0,0.0,0.0
2020-02-08,Colombia,0,0,0.0,0.0,0.0,0.0
2020-02-09,Colombia,0,0,0.0,0.0,0.0,0.0
2020-02-10,Colombia,0,0,0.0,0.0,0.0,0.0
2020-02-11,Colombia,0,0,0.0,0.0,0.0,0.0
2020-02-12,Colombia,0,0,0.0,0.0,0.0,0.0
2020-02-13,Colombia,0,0,0.0,0.0,0.0,0.0
2020-02-14,Colombia,0,0,0.0,0.0,0.0,0.0
2020-02-15,Colombia,0,0,0.0,0.0,0.0,0.0
2020-02-16,Colombia,0,0,0.0,0.0,0.0,0.0
2020-02-17,Colombia,0,0,0.0,0.0,0.0,0.0
2020-02-18,Colombia,0,0,0.0,0.0,0.0,0.0
2020-02-19,Colombia,0,0,0.0,0.0,0.0,0.0
2020-02-20,Colombia,0,0,0.0,0.0,0.0,0.0
2020-02-21,Colombia,0,0,0.0,0.0,0.0,0.0
2020-02-22,Colombia,0,0,0.0,0.0,0.0,0.0
2020-02-23,Colombia,0,0,0.0,0.0,0.0,0.0
2020-02-24,Colombia,0,0,0.0,0.0,0.0,0.0
2020-02-25,Colombia,0,0,0.0,0.0,0.0,0.0
2020-02-26,Colombia,0,0,0.0,0.0,0.0,0.0
2020-02-27,Colombia,0,0,0.0,0.0,0.0,0.0
2020-02-28,Colombia,0,0,0.0,0.0,0.0,0.0
2020-02-29,Colombia,0,0,0.0,0.0,0.0,0.0
2020-03-01,Colombia,0,0,0.0,0.0,0.0,0.0
2020-03-02,Colombia,0,0,0.0,0.0,0.0,0.0
2020-03-03,Colombia,0,0,0.0,0.0,0.0,0.0
2020-03-04,Colombia,0,0,0.0,0.0,0.0,0.0
2020-03-05,Colombia,0,0,0.0,0.0,0.0,0.0
2020-03-06,Colombia,1,0,0.0,1.0,0.14285714285714285,0.0
2020-03-07,Colombia,1,0,0.0,0.0,0.14285714285714285,0.0
2020-03-08,Colombia,1,0,0.0,0.0,0.14285714285714285,0.0
2020-03-09,Colombia,1,0,0.0,0.0,0.14285714285714285,0.0
2020-03-10,Colombia,3,0,0.0,2.0,0.42857142857142855,0.0
2020-03-11,Colombia,9,0,0.0,6.0,1.2857142857142858,0.0
2020-03-12,Colombia,9,0,0.0,0.0,1.2857142857142858,0.0
2020-03-13,Colombia,13,0,0.0,4.0,1.7142857142857142,0.0
2020-03-14,Colombia,22,0,0.0,9.0,3.0,0.0
2020-03-15,Colombia,34,0,0.0,12.0,4.714285714285714,0.0
2020-03-16,Colombia,57,0,0.0,23.0,8.0,0.0
2020-03-17,Colombia,75,0,0.0,18.0,10.285714285714286,0.0
2020-03-18,Colombia,102,0,0.0,27.0,13.285714285714286,0.0
2020-03-19,Colombia,108,0,0.0,6.0,14.142857142857142,0.0
2020-03-20,Colombia,158,0,0.0,50.0,20.714285714285715,0.0
2020-03-21,Colombia,196,0,0.0,38.0,24.857142857142858,0.0
2020-03-22,Colombia,231,2,2.0,35.0,28.142857142857142,0.2857142857142857
2020-03-23,Colombia,277,3,1.0,46.0,31.428571428571427,0.42857142857142855
2020-03-24,Colombia,378,3,0.0,101.0,43.285714285714285,0.42857142857142855
2020-03-25,Colombia,470,4,1.0,92.0,52.57142857142857,0.5714285714285714
2020-03-26,Colombia,491,6,2.0,21.0,54.714285714285715,0.8571428571428571
2020-03-27,Colombia,539,6,0.0,48.0,54.42857142857143,0.8571428571428571
2020-03-28,Colombia,608,6,0.0,69.0,58.857142857142854,0.8571428571428571
2020-03-29,Colombia,702,10,4.0,94.0,67.28571428571429,1.1428571428571428
2020-03-30,Colombia,798,12,2.0,96.0,74.42857142857143,1.2857142857142858
2020-03-31,Colombia,906,16,4.0,108.0,75.42857142857143,1.8571428571428572
2020-04-01,Colombia,1065,17,1.0,159.0,85.0,1.8571428571428572
2020-04-02,Colombia,1161,19,2.0,96.0,95.71428571428571,1.8571428571428572
2020-04-03,Colombia,1267,25,6.0,106.0,104.0,2.7142857142857144
2020-04-04,Colombia,1406,32,7.0,139.0,114.0,3.7142857142857144
2020-04-05,Colombia,1485,35,3.0,79.0,111.85714285714286,3.5714285714285716
2020-04-06,Colombia,1579,46,11.0,94.0,111.57142857142857,4.857142857142857
2020-04-07,Colombia,1780,50,4.0,201.0,124.85714285714286,4.857142857142857
2020-04-08,Colombia,2054,54,4.0,274.0,141.28571428571428,5.285714285714286
2020-04-09,Colombia,2223,69,15.0,169.0,151.71428571428572,7.142857142857143
2020-04-10,Colombia,2473,80,11.0,250.0,172.28571428571428,7.857142857142857
2020-04-11,Colombia,2709,100,20.0,236.0,186.14285714285714,9.714285714285714
2020-04-12,Colombia,2776,109,9.0,67.0,184.42857142857142,10.571428571428571
2020-04-13,Colombia,2852,112,3.0,76.0,181.85714285714286,9.428571428571429
2020-04-14,Colombia,2979,127,15.0,127.0,171.28571428571428,11.0
2020-04-15,Colombia,3105,131,4.0,126.0,150.14285714285714,11.0
2020-04-16,Colombia,3233,144,13.0,128.0,144.28571428571428,10.714285714285714
2020-04-17,Colombia,3439,153,9.0,206.0,138.0,10.428571428571429
2020-04-18,Colombia,3621,166,13.0,182.0,130.28571428571428,9.428571428571429
2020-04-19,Colombia,3792,179,13.0,171.0,145.14285714285714,10.0
2020-04-20,Colombia,3977,189,10.0,185.0,160.71428571428572,11.0
2020-04-21,Colombia,4149,196,7.0,172.0,167.14285714285714,9.857142857142858
2020-04-22,Colombia,4356,206,10.0,207.0,178.71428571428572,10.714285714285714
2020-04-23,Colombia,4561,215,9.0,205.0,189.71428571428572,10.142857142857142
2020-04-24,Colombia,4881,225,10.0,320.0,206.0,10.285714285714286
2020-04-25,Colombia,5142,233,8.0,261.0,217.28571428571428,9.571428571428571
2020-04-26,Colombia,5379,244,11.0,237.0,226.71428571428572,9.285714285714286
2020-04-27,Colombia,5597,253,9.0,218.0,231.42857142857142,9.142857142857142
2020-04-28,Colombia,5949,269,16.0,352.0,257.14285714285717,10.428571428571429
2020-04-29,Colombia,6207,278,9.0,258.0,264.42857142857144,10.285714285714286
2020-04-30,Colombia,6507,293,15.0,300.0,278.0,11.142857142857142
2020-05-01,Colombia,7006,314,21.0,499.0,303.57142857142856,12.714285714285714
2020-05-02,Colombia,7285,324,10.0,279.0,306.14285714285717,13.0
2020-05-03,Colombia,7668,340,16.0,383.0,327.0,13.714285714285714
2020-05-04,Colombia,7973,358,18.0,305.0,339.42857142857144,15.0
2020-05-05,Colombia,8613,378,20.0,640.0,380.57142857142856,15.571428571428571
2020-05-06,Colombia,8959,397,19.0,346.0,393.14285714285717,17.0
2020-05-07,Colombia,9456,407,10.0,497.0,421.2857142857143,16.285714285714285
2020-05-08,Colombia,10051,428,21.0,595.0,435.0,16.285714285714285
2020-05-09,Colombia,10495,445,17.0,444.0,458.57142857142856,17.285714285714285
2020-05-10,Colombia,11063,463,18.0,568.0,485.0,17.571428571428573
2020-05-11,Colombia,11613,479,16.0,550.0,520.0,17.285714285714285
2020-05-12,Colombia,12272,493,14.0,659.0,522.7142857142857,16.428571428571427
2020-05-13,Colombia,12930,509,16.0,658.0,567.2857142857143,16.0
2020-05-14,Colombia,13610,525,16.0,680.0,593.4285714285714,16.857142857142858
2020-05-15,Colombia,14216,546,21.0,606.0,595.0,16.857142857142858
2020-05-16,Colombia,14939,562,16.0,723.0,634.8571428571429,16.714285714285715
2020-05-17,Colombia,15574,574,12.0,635.0,644.4285714285714,15.857142857142858
2020-05-18,Colombia,16295,592,18.0,721.0,668.8571428571429,16.142857142857142
2020-05-19,Colombia,16935,613,21.0,640.0,666.1428571428571,17.142857142857142
2020-05-20,Colombia,17687,630,17.0,752.0,679.5714285714286,17.285714285714285
2020-05-21,Colombia,18330,652,22.0,643.0,674.2857142857143,18.142857142857142
2020-05-22,Colombia,19131,682,30.0,801.0,702.1428571428571,19.428571428571427
2020-05-23,Colombia,20177,705,23.0,1046.0,748.2857142857143,20.428571428571427
2020-05-24,Colombia,21175,727,22.0,998.0,800.1428571428571,21.857142857142858
2020-05-25,Colombia,21981,750,23.0,806.0,812.2857142857143,22.571428571428573
2020-05-26,Colombia,23003,776,26.0,1022.0,866.8571428571429,23.285714285714285
2020-05-27,Colombia,24104,803,27.0,1101.0,916.7142857142857,24.714285714285715
2020-05-28,Colombia,25366,822,19.0,1262.0,1005.1428571428571,24.285714285714285
2020-05-29,Colombia,26688,853,31.0,1322.0,1079.5714285714287,24.428571428571427
2020-05-30,Colombia,28236,890,37.0,1548.0,1151.2857142857142,26.428571428571427
2020-05-31,Colombia,29383,939,49.0,1147.0,1172.5714285714287,30.285714285714285
2020-06-01,Colombia,30493,969,30.0,1110.0,1216.0,31.285714285714285
2020-06-02,Colombia,31833,1009,40.0,1340.0,1261.4285714285713,33.285714285714285
2020-06-03,Colombia,33354,1045,36.0,1521.0,1321.4285714285713,34.57142857142857
2020-06-04,Colombia,35120,1087,42.0,1766.0,1393.4285714285713,37.857142857142854
2020-06-05,Colombia,36635,1145,58.0,1515.0,1421.0,41.714285714285715
2020-06-06,Colombia,38027,1205,60.0,1392.0,1398.7142857142858,45.0
2020-06-07,Colombia,39236,1259,54.0,1209.0,1407.5714285714287,45.714285714285715
2020-06-08,Colombia,40719,1308,49.0,1483.0,1460.857142857143,48.42857142857143
2020-06-09,Colombia,42078,1372,64.0,1359.0,1463.5714285714287,51.857142857142854
2020-06-10,Colombia,43682,1433,61.0,1604.0,1475.4285714285713,55.42857142857143
2020-06-11,Colombia,45212,1488,55.0,1530.0,1441.7142857142858,57.285714285714285
2020-06-12,Colombia,46858,1545,57.0,1646.0,1460.4285714285713,57.142857142857146
2020-06-13,Colombia,48746,1592,47.0,1888.0,1531.2857142857142,55.285714285714285
2020-06-14,Colombia,50939,1667,75.0,2193.0,1671.857142857143,58.285714285714285
2020-06-15,Colombia,53063,1726,59.0,2124.0,1763.4285714285713,59.714285714285715
2020-06-16,Colombia,54931,1801,75.0,1868.0,1836.142857142857,61.285714285714285
2020-06-17,Colombia,57046,1864,63.0,2115.0,1909.142857142857,61.57142857142857
2020-06-18,Colombia,60217,1950,86.0,3171.0,2143.5714285714284,66.0
2020-06-19,Colombia,63276,2045,95.0,3059.0,2345.4285714285716,71.42857142857143
2020-06-20,Colombia,65633,2126,81.0,2357.0,2412.4285714285716,76.28571428571429
2020-06-21,Colombia,68652,2237,111.0,3019.0,2530.4285714285716,81.42857142857143
2020-06-22,Colombia,71183,2310,73.0,2531.0,2588.5714285714284,83.42857142857143
2020-06-23,Colombia,73572,2404,94.0,2389.0,2663.0,86.14285714285714
2020-06-24,Colombia,77113,2491,87.0,3541.0,2866.714285714286,89.57142857142857
2020-06-25,Colombia,80599,2654,163.0,3486.0,2911.714285714286,100.57142857142857
2020-06-26,Colombia,84442,2811,157.0,3843.0,3023.714285714286,109.42857142857143
2020-06-27,Colombia,88591,2939,128.0,4149.0,3279.714285714286,116.14285714285714
2020-06-28,Colombia,91769,3178,239.0,3178.0,3302.4285714285716,134.42857142857142
2020-06-29,Colombia,95043,3274,96.0,3274.0,3408.5714285714284,137.71428571428572
2020-06-30,Colombia,97846,3334,60.0,2803.0,3467.714285714286,132.85714285714286
2020-07-01,Colombia,102009,3470,136.0,4163.0,3556.5714285714284,139.85714285714286
2020-07-02,Colombia,106110,3641,171.0,4101.0,3644.4285714285716,141.0
2020-07-03,Colombia,109505,3777,136.0,3395.0,3580.4285714285716,138.0
2020-07-04,Colombia,113389,3942,165.0,3884.0,3542.5714285714284,143.28571428571428
2020-07-05,Colombia,117110,4064,122.0,3721.0,3620.1428571428573,126.57142857142857
2020-07-06,Colombia,120281,4210,146.0,3171.0,3605.4285714285716,133.71428571428572
2020-07-07,Colombia,124494,4359,149.0,4213.0,3806.8571428571427,146.42857142857142
2020-07-08,Colombia,128638,4527,168.0,4144.0,3804.1428571428573,151.0
2020-07-09,Colombia,133973,4714,187.0,5335.0,3980.4285714285716,153.28571428571428
2020-07-10,Colombia,140776,4925,211.0,6803.0,4467.285714285715,164.0
2020-07-11,Colombia,145632,5119,194.0,4856.0,4606.142857142857,168.14285714285714
2020-07-12,Colombia,150445,5307,188.0,4813.0,4762.142857142857,177.57142857142858
2020-07-13,Colombia,154277,5455,148.0,3832.0,4856.571428571428,177.85714285714286
2020-07-14,Colombia,159898,5625,170.0,5621.0,5057.714285714285,180.85714285714286
2020-07-15,Colombia,165169,5814,189.0,5271.0,5218.714285714285,183.85714285714286
2020-07-16,Colombia,173206,6029,215.0,8037.0,5604.714285714285,187.85714285714286
2020-07-17,Colombia,182140,6288,259.0,8934.0,5909.142857142857,194.71428571428572
2020-07-18,Colombia,190700,6516,228.0,8560.0,6438.285714285715,199.57142857142858
2020-07-19,Colombia,197278,6736,220.0,6578.0,6690.428571428572,204.14285714285714
2020-07-20,Colombia,204005,6929,193.0,6727.0,7104.0,210.57142857142858
2020-07-21,Colombia,211038,7166,237.0,7033.0,7305.714285714285,220.14285714285714
2020-07-22,Colombia,218428,7373,207.0,7390.0,7608.428571428572,222.71428571428572
2020-07-23,Colombia,226373,7688,315.0,7945.0,7595.285714285715,237.0
2020-07-24,Colombia,233541,7975,287.0,7168.0,7343.0,241.0
2020-07-25,Colombia,240795,8269,294.0,7254.0,7156.428571428572,250.42857142857142
2020-07-26,Colombia,240795,8269,0.0,0.0,6216.714285714285,219.0
2020-07-27,Colombia,257101,8777,508.0,16306.0,7585.142857142857,264.0
2020-07-28,Colombia,267385,9074,297.0,10284.0,8049.571428571428,272.57142857142856
2020-07-29,Colombia,276055,9454,380.0,8670.0,8232.42857142857,297.2857142857143
2020-07-30,Colombia,286020,9810,356.0,9965.0,8521.0,303.14285714285717
2020-07-31,Colombia,295508,10105,295.0,9488.0,8852.42857142857,304.2857142857143
2020-08-01,Colombia,306181,10330,225.0,10673.0,9340.857142857143,294.42857142857144
2020-08-02,Colombia,317651,10650,320.0,11470.0,10979.42857142857,340.14285714285717
