date,Country_Region,Confirmed,Deaths,daily_deaths,daily_confirmed,daily_confirmed_7day_ma,daily_deaths_7day_ma
2020-01-22,Germany,0,0,0.0,0.0,0.0,0.0
2020-01-23,Germany,0,0,0.0,0.0,0.0,0.0
2020-01-24,Germany,0,0,0.0,0.0,0.0,0.0
2020-01-25,Germany,0,0,0.0,0.0,0.0,0.0
2020-01-26,Germany,0,0,0.0,0.0,0.0,0.0
2020-01-27,Germany,1,0,0.0,1.0,0.16666666666666666,0.0
2020-01-28,Germany,4,0,0.0,3.0,0.5714285714285714,0.0
2020-01-29,Germany,4,0,0.0,0.0,0.5714285714285714,0.0
2020-01-30,Germany,4,0,0.0,0.0,0.5714285714285714,0.0
2020-01-31,Germany,5,0,0.0,1.0,0.7142857142857143,0.0
2020-02-01,Germany,8,0,0.0,3.0,1.1428571428571428,0.0
2020-02-02,Germany,10,0,0.0,2.0,1.4285714285714286,0.0
2020-02-03,Germany,12,0,0.0,2.0,1.5714285714285714,0.0
2020-02-04,Germany,12,0,0.0,0.0,1.1428571428571428,0.0
2020-02-05,Germany,12,0,0.0,0.0,1.1428571428571428,0.0
2020-02-06,Germany,12,0,0.0,0.0,1.1428571428571428,0.0
2020-02-07,Germany,13,0,0.0,1.0,1.1428571428571428,0.0
2020-02-08,Germany,13,0,0.0,0.0,0.7142857142857143,0.0
2020-02-09,Germany,14,0,0.0,1.0,0.5714285714285714,0.0
2020-02-10,Germany,14,0,0.0,0.0,0.2857142857142857,0.0
2020-02-11,Germany,16,0,0.0,2.0,0.5714285714285714,0.0
2020-02-12,Germany,16,0,0.0,0.0,0.5714285714285714,0.0
2020-02-13,Germany,16,0,0.0,0.0,0.5714285714285714,0.0
2020-02-14,Germany,16,0,0.0,0.0,0.42857142857142855,0.0
2020-02-15,Germany,16,0,0.0,0.0,0.42857142857142855,0.0
2020-02-16,Germany,16,0,0.0,0.0,0.2857142857142857,0.0
2020-02-17,Germany,16,0,0.0,0.0,0.2857142857142857,0.0
2020-02-18,Germany,16,0,0.0,0.0,0.0,0.0
2020-02-19,Germany,16,0,0.0,0.0,0.0,0.0
2020-02-20,Germany,16,0,0.0,0.0,0.0,0.0
2020-02-21,Germany,16,0,0.0,0.0,0.0,0.0
2020-02-22,Germany,16,0,0.0,0.0,0.0,0.0
2020-02-23,Germany,16,0,0.0,0.0,0.0,0.0
2020-02-24,Germany,16,0,0.0,0.0,0.0,0.0
2020-02-25,Germany,17,0,0.0,1.0,0.14285714285714285,0.0
2020-02-26,Germany,27,0,0.0,10.0,1.5714285714285714,0.0
2020-02-27,Germany,46,0,0.0,19.0,4.285714285714286,0.0
2020-02-28,Germany,48,0,0.0,2.0,4.571428571428571,0.0
2020-02-29,Germany,79,0,0.0,31.0,9.0,0.0
2020-03-01,Germany,130,0,0.0,51.0,16.285714285714285,0.0
2020-03-02,Germany,159,0,0.0,29.0,20.428571428571427,0.0
2020-03-03,Germany,196,0,0.0,37.0,25.571428571428573,0.0
2020-03-04,Germany,262,0,0.0,66.0,33.57142857142857,0.0
2020-03-05,Germany,482,0,0.0,220.0,62.285714285714285,0.0
2020-03-06,Germany,670,0,0.0,188.0,88.85714285714286,0.0
2020-03-07,Germany,799,0,0.0,129.0,102.85714285714286,0.0
2020-03-08,Germany,1040,0,0.0,241.0,130.0,0.0
2020-03-09,Germany,1176,2,2.0,136.0,145.28571428571428,0.2857142857142857
2020-03-10,Germany,1457,2,0.0,281.0,180.14285714285714,0.2857142857142857
2020-03-11,Germany,1908,3,1.0,451.0,235.14285714285714,0.42857142857142855
2020-03-12,Germany,2078,3,0.0,170.0,228.0,0.42857142857142855
2020-03-13,Germany,3675,7,4.0,1597.0,429.2857142857143,1.0
2020-03-14,Germany,4585,9,2.0,910.0,540.8571428571429,1.2857142857142858
2020-03-15,Germany,5795,11,2.0,1210.0,679.2857142857143,1.5714285714285714
2020-03-16,Germany,7272,17,6.0,1477.0,870.8571428571429,2.142857142857143
2020-03-17,Germany,9257,24,7.0,1985.0,1114.2857142857142,3.142857142857143
2020-03-18,Germany,12327,28,4.0,3070.0,1488.4285714285713,3.5714285714285716
2020-03-19,Germany,15320,44,16.0,2993.0,1891.7142857142858,5.857142857142857
2020-03-20,Germany,19848,67,23.0,4528.0,2310.4285714285716,8.571428571428571
2020-03-21,Germany,22213,84,17.0,2365.0,2518.285714285714,10.714285714285714
2020-03-22,Germany,24873,94,10.0,2660.0,2725.4285714285716,11.857142857142858
2020-03-23,Germany,29056,123,29.0,4183.0,3112.0,15.142857142857142
2020-03-24,Germany,32986,157,34.0,3930.0,3389.8571428571427,19.0
2020-03-25,Germany,37323,206,49.0,4337.0,3570.8571428571427,25.428571428571427
2020-03-26,Germany,43938,267,61.0,6615.0,4088.285714285714,31.857142857142858
2020-03-27,Germany,50871,342,75.0,6933.0,4431.857142857143,39.285714285714285
2020-03-28,Germany,57695,433,91.0,6824.0,5068.857142857143,49.857142857142854
2020-03-29,Germany,62095,533,100.0,4400.0,5317.428571428572,62.714285714285715
2020-03-30,Germany,66885,645,112.0,4790.0,5404.142857142857,74.57142857142857
2020-03-31,Germany,71808,775,130.0,4923.0,5546.0,88.28571428571429
2020-04-01,Germany,77872,920,145.0,6064.0,5792.714285714285,102.0
2020-04-02,Germany,84794,1107,187.0,6922.0,5836.571428571428,120.0
2020-04-03,Germany,91159,1275,168.0,6365.0,5755.428571428572,133.28571428571428
2020-04-04,Germany,96092,1444,169.0,4933.0,5485.285714285715,144.42857142857142
2020-04-05,Germany,100123,1584,140.0,4031.0,5432.571428571428,150.14285714285714
2020-04-06,Germany,103374,1810,226.0,3251.0,5212.714285714285,166.42857142857142
2020-04-07,Germany,107663,2016,206.0,4289.0,5122.142857142857,177.28571428571428
2020-04-08,Germany,113296,2349,333.0,5633.0,5060.571428571428,204.14285714285714
2020-04-09,Germany,118181,2607,258.0,4885.0,4769.571428571428,214.28571428571428
2020-04-10,Germany,122171,2767,160.0,3990.0,4430.285714285715,213.14285714285714
2020-04-11,Germany,124908,2736,-31.0,2737.0,4116.571428571428,184.57142857142858
2020-04-12,Germany,127854,3022,286.0,2946.0,3961.5714285714284,205.42857142857142
2020-04-13,Germany,130072,3194,172.0,2218.0,3814.0,197.71428571428572
2020-04-14,Germany,131359,3294,100.0,1287.0,3385.1428571428573,182.57142857142858
2020-04-15,Germany,134753,3804,510.0,3394.0,3065.285714285714,207.85714285714286
2020-04-16,Germany,137698,4052,248.0,2945.0,2788.1428571428573,206.42857142857142
2020-04-17,Germany,141397,4352,300.0,3699.0,2746.5714285714284,226.42857142857142
2020-04-18,Germany,143342,4459,107.0,1945.0,2633.4285714285716,246.14285714285714
2020-04-19,Germany,145184,4586,127.0,1842.0,2475.714285714286,223.42857142857142
2020-04-20,Germany,147065,4862,276.0,1881.0,2427.5714285714284,238.28571428571428
2020-04-21,Germany,148291,5033,171.0,1226.0,2418.8571428571427,248.42857142857142
2020-04-22,Germany,150648,5279,246.0,2357.0,2270.714285714286,210.71428571428572
2020-04-23,Germany,153129,5575,296.0,2481.0,2204.4285714285716,217.57142857142858
2020-04-24,Germany,154999,5760,185.0,1870.0,1943.142857142857,201.14285714285714
2020-04-25,Germany,156513,5877,117.0,1514.0,1881.5714285714287,202.57142857142858
2020-04-26,Germany,157770,5976,99.0,1257.0,1798.0,198.57142857142858
2020-04-27,Germany,158758,6126,150.0,988.0,1670.4285714285713,180.57142857142858
2020-04-28,Germany,159912,6314,188.0,1154.0,1660.142857142857,183.0
2020-04-29,Germany,161539,6467,153.0,1627.0,1555.857142857143,169.71428571428572
2020-04-30,Germany,163009,6623,156.0,1470.0,1411.4285714285713,149.71428571428572
2020-05-01,Germany,164077,6736,113.0,1068.0,1296.857142857143,139.42857142857142
2020-05-02,Germany,164967,6812,76.0,890.0,1207.7142857142858,133.57142857142858
2020-05-03,Germany,165664,6866,54.0,697.0,1127.7142857142858,127.14285714285714
2020-05-04,Germany,166152,6993,127.0,488.0,1056.2857142857142,123.85714285714286
2020-05-05,Germany,167007,6993,0.0,855.0,1013.5714285714286,97.0
2020-05-06,Germany,168162,7275,282.0,1155.0,946.1428571428571,115.42857142857143
2020-05-07,Germany,169430,7392,117.0,1268.0,917.2857142857143,109.85714285714286
2020-05-08,Germany,170588,7510,118.0,1158.0,930.1428571428571,110.57142857142857
2020-05-09,Germany,171324,7549,39.0,736.0,908.1428571428571,105.28571428571429
2020-05-10,Germany,171879,7569,20.0,555.0,887.8571428571429,100.42857142857143
2020-05-11,Germany,172576,7661,92.0,697.0,917.7142857142857,95.42857142857143
2020-05-12,Germany,173171,7738,77.0,595.0,880.5714285714286,106.42857142857143
2020-05-13,Germany,174098,7861,123.0,927.0,848.0,83.71428571428571
2020-05-14,Germany,174478,7884,23.0,380.0,721.1428571428571,70.28571428571429
2020-05-15,Germany,175233,7897,13.0,755.0,663.5714285714286,55.285714285714285
2020-05-16,Germany,175752,7938,41.0,519.0,632.5714285714286,55.57142857142857
2020-05-17,Germany,176369,7962,24.0,617.0,641.4285714285714,56.142857142857146
2020-05-18,Germany,176551,8003,41.0,182.0,567.8571428571429,48.857142857142854
2020-05-19,Germany,177778,8081,78.0,1227.0,658.1428571428571,49.0
2020-05-20,Germany,178473,8144,63.0,695.0,625.0,40.42857142857143
2020-05-21,Germany,179021,8203,59.0,548.0,649.0,45.57142857142857
2020-05-22,Germany,179710,8228,25.0,689.0,639.5714285714286,47.285714285714285
2020-05-23,Germany,179986,8261,33.0,276.0,604.8571428571429,46.142857142857146
2020-05-24,Germany,180328,8283,22.0,342.0,565.5714285714286,45.857142857142854
2020-05-25,Germany,180600,8309,26.0,272.0,578.4285714285714,43.714285714285715
2020-05-26,Germany,181200,8372,63.0,600.0,488.85714285714283,41.57142857142857
2020-05-27,Germany,181524,8428,56.0,324.0,435.85714285714283,40.57142857142857
2020-05-28,Germany,182196,8470,42.0,672.0,453.57142857142856,38.142857142857146
2020-05-29,Germany,182922,8504,34.0,726.0,458.85714285714283,39.42857142857143
2020-05-30,Germany,183189,8530,26.0,267.0,457.57142857142856,38.42857142857143
2020-05-31,Germany,183410,8540,10.0,221.0,440.2857142857143,36.714285714285715
2020-06-01,Germany,183594,8555,15.0,184.0,427.7142857142857,35.142857142857146
2020-06-02,Germany,183879,8563,8.0,285.0,382.7142857142857,27.285714285714285
2020-06-03,Germany,184121,8602,39.0,242.0,371.0,24.857142857142858
2020-06-04,Germany,184472,8635,33.0,351.0,325.14285714285717,23.571428571428573
2020-06-05,Germany,184924,8658,23.0,452.0,286.0,22.0
2020-06-06,Germany,185450,8673,15.0,526.0,323.0,20.428571428571427
2020-06-07,Germany,185750,8685,12.0,300.0,334.2857142857143,20.714285714285715
2020-06-08,Germany,186109,8695,10.0,359.0,359.2857142857143,20.0
2020-06-09,Germany,186506,8736,41.0,397.0,375.2857142857143,24.714285714285715
2020-06-10,Germany,186522,8752,16.0,16.0,343.0,21.428571428571427
2020-06-11,Germany,186691,8772,20.0,169.0,317.0,19.571428571428573
2020-06-12,Germany,187226,8783,11.0,535.0,328.85714285714283,17.857142857142858
2020-06-13,Germany,187267,8793,10.0,41.0,259.57142857142856,17.142857142857142
2020-06-14,Germany,187518,8801,8.0,251.0,252.57142857142858,16.571428571428573
2020-06-15,Germany,187682,8807,6.0,164.0,224.71428571428572,16.0
2020-06-16,Germany,188252,8820,13.0,570.0,249.42857142857142,12.0
2020-06-17,Germany,188604,8851,31.0,352.0,297.42857142857144,14.142857142857142
2020-06-18,Germany,189817,8875,24.0,1213.0,446.57142857142856,14.714285714285714
2020-06-19,Germany,190299,8887,12.0,482.0,439.0,14.857142857142858
2020-06-20,Germany,190670,8895,8.0,371.0,486.14285714285717,14.571428571428571
2020-06-21,Germany,191272,8895,0.0,602.0,536.2857142857143,13.428571428571429
2020-06-22,Germany,191768,8899,4.0,496.0,583.7142857142857,13.142857142857142
2020-06-23,Germany,192480,8914,15.0,712.0,604.0,13.428571428571429
2020-06-24,Germany,192871,8928,14.0,391.0,609.5714285714286,11.0
2020-06-25,Germany,193371,8940,12.0,500.0,507.7142857142857,9.285714285714286
2020-06-26,Germany,194036,8965,25.0,665.0,533.8571428571429,11.142857142857142
2020-06-27,Germany,194458,8968,3.0,422.0,541.1428571428571,10.428571428571429
2020-06-28,Germany,194693,8968,0.0,235.0,488.7142857142857,10.428571428571429
2020-06-29,Germany,195042,8976,8.0,349.0,467.7142857142857,11.0
2020-06-30,Germany,195418,8990,14.0,376.0,419.7142857142857,10.857142857142858
2020-07-01,Germany,195893,8995,5.0,475.0,431.7142857142857,9.571428571428571
2020-07-02,Germany,196370,9006,11.0,477.0,428.42857142857144,9.428571428571429
2020-07-03,Germany,196780,9010,4.0,410.0,392.0,6.428571428571429
2020-07-04,Germany,197198,9020,10.0,418.0,391.42857142857144,7.428571428571429
2020-07-05,Germany,197523,9023,3.0,325.0,404.2857142857143,7.857142857142857
2020-07-06,Germany,198064,9022,-1.0,541.0,431.7142857142857,6.571428571428571
2020-07-07,Germany,198343,9032,10.0,279.0,417.85714285714283,6.0
2020-07-08,Germany,198699,9046,14.0,356.0,400.85714285714283,7.285714285714286
2020-07-09,Germany,199001,9057,11.0,302.0,375.85714285714283,7.285714285714286
2020-07-10,Germany,199332,9063,6.0,331.0,364.57142857142856,7.571428571428571
2020-07-11,Germany,199709,9070,7.0,377.0,358.7142857142857,7.142857142857143
2020-07-12,Germany,199919,9071,1.0,210.0,342.2857142857143,6.857142857142857
2020-07-13,Germany,200180,9074,3.0,261.0,302.2857142857143,7.428571428571429
2020-07-14,Germany,200456,9078,4.0,276.0,301.85714285714283,6.571428571428571
2020-07-15,Germany,200890,9080,2.0,434.0,313.0,4.857142857142857
2020-07-16,Germany,201450,9087,7.0,560.0,349.85714285714283,4.285714285714286
2020-07-17,Germany,202045,9088,1.0,595.0,387.57142857142856,3.5714285714285716
2020-07-18,Germany,202426,9091,3.0,381.0,388.14285714285717,3.0
2020-07-19,Germany,202735,9092,1.0,309.0,402.2857142857143,3.0
2020-07-20,Germany,203325,9094,2.0,590.0,449.2857142857143,2.857142857142857
2020-07-21,Germany,203717,9099,5.0,392.0,465.85714285714283,3.0
2020-07-22,Germany,204276,9102,3.0,559.0,483.7142857142857,3.142857142857143
2020-07-23,Germany,204881,9110,8.0,605.0,490.14285714285717,3.2857142857142856
2020-07-24,Germany,205623,9120,10.0,742.0,511.14285714285717,4.571428571428571
2020-07-25,Germany,206278,9124,4.0,655.0,550.2857142857143,4.714285714285714
2020-07-26,Germany,206667,9124,0.0,389.0,561.7142857142857,4.571428571428571
2020-07-27,Germany,207112,9125,1.0,445.0,541.0,4.428571428571429
2020-07-28,Germany,207707,9131,6.0,595.0,570.0,4.571428571428571
2020-07-29,Germany,208546,9135,4.0,839.0,610.0,4.714285714285714
2020-07-30,Germany,209535,9144,9.0,989.0,664.8571428571429,4.857142857142857
2020-07-31,Germany,210399,9147,3.0,864.0,682.2857142857143,3.857142857142857
2020-08-01,Germany,211005,9154,7.0,606.0,675.2857142857143,4.285714285714286
2020-08-02,Germany,211220,9154,0.0,215.0,650.4285714285714,4.285714285714286
2020-08-03,Germany,212111,9154,0.0,891.0,714.1428571428571,4.142857142857143
2020-08-04,Germany,212828,9163,9.0,717.0,731.5714285714286,4.571428571428571
2020-08-05,Germany,214113,9179,16.0,1285.0,795.2857142857143,6.285714285714286
2020-08-06,Germany,215039,9181,2.0,926.0,786.2857142857143,5.285714285714286
2020-08-07,Germany,216196,9195,14.0,1157.0,828.1428571428571,6.857142857142857
2020-08-08,Germany,216903,9201,6.0,707.0,842.5714285714286,6.714285714285714
2020-08-09,Germany,217288,9202,1.0,385.0,866.8571428571429,6.857142857142857
2020-08-10,Germany,218508,9203,1.0,1220.0,913.8571428571429,7.0
2020-08-11,Germany,219540,9208,5.0,1032.0,958.8571428571429,6.428571428571429
2020-08-12,Germany,220859,9213,5.0,1319.0,963.7142857142857,4.857142857142857
2020-08-13,Germany,222281,9217,4.0,1422.0,1034.5714285714287,5.142857142857143
2020-08-14,Germany,223791,9230,13.0,1510.0,1085.0,5.0
2020-08-15,Germany,224488,9235,5.0,697.0,1083.5714285714287,4.857142857142857
2020-08-16,Germany,225007,9235,0.0,519.0,1102.7142857142858,4.714285714285714
