date,Country_Region,Confirmed,Deaths,daily_deaths,daily_confirmed,daily_confirmed_7day_ma,daily_deaths_7day_ma
2020-01-22,Dominican Republic,0,0,0.0,0.0,0.0,0.0
2020-01-23,Dominican Republic,0,0,0.0,0.0,0.0,0.0
2020-01-24,Dominican Republic,0,0,0.0,0.0,0.0,0.0
2020-01-25,Dominican Republic,0,0,0.0,0.0,0.0,0.0
2020-01-26,Dominican Republic,0,0,0.0,0.0,0.0,0.0
2020-01-27,Dominican Republic,0,0,0.0,0.0,0.0,0.0
2020-01-28,Dominican Republic,0,0,0.0,0.0,0.0,0.0
2020-01-29,Dominican Republic,0,0,0.0,0.0,0.0,0.0
2020-01-30,Dominican Republic,0,0,0.0,0.0,0.0,0.0
2020-01-31,Dominican Republic,0,0,0.0,0.0,0.0,0.0
2020-02-01,Dominican Republic,0,0,0.0,0.0,0.0,0.0
2020-02-02,Dominican Republic,0,0,0.0,0.0,0.0,0.0
2020-02-03,Dominican Republic,0,0,0.0,0.0,0.0,0.0
2020-02-04,Dominican Republic,0,0,0.0,0.0,0.0,0.0
2020-02-05,Dominican Republic,0,0,0.0,0.0,0.0,0.0
2020-02-06,Dominican Republic,0,0,0.0,0.0,0.0,0.0
2020-02-07,Dominican Republic,0,0,0.0,0.0,0.0,0.0
2020-02-08,Dominican Republic,0,0,0.0,0.0,0.0,0.0
2020-02-09,Dominican Republic,0,0,0.0,0.0,0.0,0.0
2020-02-10,Dominican Republic,0,0,0.0,0.0,0.0,0.0
2020-02-11,Dominican Republic,0,0,0.0,0.0,0.0,0.0
2020-02-12,Dominican Republic,0,0,0.0,0.0,0.0,0.0
2020-02-13,Dominican Republic,0,0,0.0,0.0,0.0,0.0
2020-02-14,Dominican Republic,0,0,0.0,0.0,0.0,0.0
2020-02-15,Dominican Republic,0,0,0.0,0.0,0.0,0.0
2020-02-16,Dominican Republic,0,0,0.0,0.0,0.0,0.0
2020-02-17,Dominican Republic,0,0,0.0,0.0,0.0,0.0
2020-02-18,Dominican Republic,0,0,0.0,0.0,0.0,0.0
2020-02-19,Dominican Republic,0,0,0.0,0.0,0.0,0.0
2020-02-20,Dominican Republic,0,0,0.0,0.0,0.0,0.0
2020-02-21,Dominican Republic,0,0,0.0,0.0,0.0,0.0
2020-02-22,Dominican Republic,0,0,0.0,0.0,0.0,0.0
2020-02-23,Dominican Republic,0,0,0.0,0.0,0.0,0.0
2020-02-24,Dominican Republic,0,0,0.0,0.0,0.0,0.0
2020-02-25,Dominican Republic,0,0,0.0,0.0,0.0,0.0
2020-02-26,Dominican Republic,0,0,0.0,0.0,0.0,0.0
2020-02-27,Dominican Republic,0,0,0.0,0.0,0.0,0.0
2020-02-28,Dominican Republic,0,0,0.0,0.0,0.0,0.0
2020-02-29,Dominican Republic,0,0,0.0,0.0,0.0,0.0
2020-03-01,Dominican Republic,1,0,0.0,1.0,0.14285714285714285,0.0
2020-03-02,Dominican Republic,1,0,0.0,0.0,0.14285714285714285,0.0
2020-03-03,Dominican Republic,1,0,0.0,0.0,0.14285714285714285,0.0
2020-03-04,Dominican Republic,1,0,0.0,0.0,0.14285714285714285,0.0
2020-03-05,Dominican Republic,1,0,0.0,0.0,0.14285714285714285,0.0
2020-03-06,Dominican Republic,2,0,0.0,1.0,0.2857142857142857,0.0
2020-03-07,Dominican Republic,2,0,0.0,0.0,0.2857142857142857,0.0
2020-03-08,Dominican Republic,5,0,0.0,3.0,0.5714285714285714,0.0
2020-03-09,Dominican Republic,5,0,0.0,0.0,0.5714285714285714,0.0
2020-03-10,Dominican Republic,5,0,0.0,0.0,0.5714285714285714,0.0
2020-03-11,Dominican Republic,5,0,0.0,0.0,0.5714285714285714,0.0
2020-03-12,Dominican Republic,5,0,0.0,0.0,0.5714285714285714,0.0
2020-03-13,Dominican Republic,5,0,0.0,0.0,0.42857142857142855,0.0
2020-03-14,Dominican Republic,11,0,0.0,6.0,1.2857142857142858,0.0
2020-03-15,Dominican Republic,11,0,0.0,0.0,0.8571428571428571,0.0
2020-03-16,Dominican Republic,11,0,0.0,0.0,0.8571428571428571,0.0
2020-03-17,Dominican Republic,21,1,1.0,10.0,2.2857142857142856,0.14285714285714285
2020-03-18,Dominican Republic,21,1,0.0,0.0,2.2857142857142856,0.14285714285714285
2020-03-19,Dominican Republic,34,2,1.0,13.0,4.142857142857143,0.2857142857142857
2020-03-20,Dominican Republic,72,2,0.0,38.0,9.571428571428571,0.2857142857142857
2020-03-21,Dominican Republic,112,2,0.0,40.0,14.428571428571429,0.2857142857142857
2020-03-22,Dominican Republic,202,3,1.0,90.0,27.285714285714285,0.42857142857142855
2020-03-23,Dominican Republic,245,3,0.0,43.0,33.42857142857143,0.42857142857142855
2020-03-24,Dominican Republic,312,6,3.0,67.0,41.57142857142857,0.7142857142857143
2020-03-25,Dominican Republic,392,10,4.0,80.0,53.0,1.2857142857142858
2020-03-26,Dominican Republic,488,10,0.0,96.0,64.85714285714286,1.1428571428571428
2020-03-27,Dominican Republic,581,20,10.0,93.0,72.71428571428571,2.5714285714285716
2020-03-28,Dominican Republic,719,28,8.0,138.0,86.71428571428571,3.7142857142857144
2020-03-29,Dominican Republic,859,39,11.0,140.0,93.85714285714286,5.142857142857143
2020-03-30,Dominican Republic,901,42,3.0,42.0,93.71428571428571,5.571428571428571
2020-03-31,Dominican Republic,1109,51,9.0,208.0,113.85714285714286,6.428571428571429
2020-04-01,Dominican Republic,1284,57,6.0,175.0,127.42857142857143,6.714285714285714
2020-04-02,Dominican Republic,1380,60,3.0,96.0,127.42857142857143,7.142857142857143
2020-04-03,Dominican Republic,1488,68,8.0,108.0,129.57142857142858,6.857142857142857
2020-04-04,Dominican Republic,1488,68,0.0,0.0,109.85714285714286,5.714285714285714
2020-04-05,Dominican Republic,1745,82,14.0,257.0,126.57142857142857,6.142857142857143
2020-04-06,Dominican Republic,1828,86,4.0,83.0,132.42857142857142,6.285714285714286
2020-04-07,Dominican Republic,1956,98,12.0,128.0,121.0,6.714285714285714
2020-04-08,Dominican Republic,2111,108,10.0,155.0,118.14285714285714,7.285714285714286
2020-04-09,Dominican Republic,2349,118,10.0,238.0,138.42857142857142,8.285714285714286
2020-04-10,Dominican Republic,2620,126,8.0,271.0,161.71428571428572,8.285714285714286
2020-04-11,Dominican Republic,2759,135,9.0,139.0,181.57142857142858,9.571428571428571
2020-04-12,Dominican Republic,2967,173,38.0,208.0,174.57142857142858,13.0
2020-04-13,Dominican Republic,3167,177,4.0,200.0,191.28571428571428,13.0
2020-04-14,Dominican Republic,3286,183,6.0,119.0,190.0,12.142857142857142
2020-04-15,Dominican Republic,3614,189,6.0,328.0,214.71428571428572,11.571428571428571
2020-04-16,Dominican Republic,3755,196,7.0,141.0,200.85714285714286,11.142857142857142
2020-04-17,Dominican Republic,4126,200,4.0,371.0,215.14285714285714,10.571428571428571
2020-04-18,Dominican Republic,4335,217,17.0,209.0,225.14285714285714,11.714285714285714
2020-04-19,Dominican Republic,4680,226,9.0,345.0,244.71428571428572,7.571428571428571
2020-04-20,Dominican Republic,4964,235,9.0,284.0,256.7142857142857,8.285714285714286
2020-04-21,Dominican Republic,5044,245,10.0,80.0,251.14285714285714,8.857142857142858
2020-04-22,Dominican Republic,5300,260,15.0,256.0,240.85714285714286,10.142857142857142
2020-04-23,Dominican Republic,5543,265,5.0,243.0,255.42857142857142,9.857142857142858
2020-04-24,Dominican Republic,5749,267,2.0,206.0,231.85714285714286,9.571428571428571
2020-04-25,Dominican Republic,5926,273,6.0,177.0,227.28571428571428,8.0
2020-04-26,Dominican Republic,6135,278,5.0,209.0,207.85714285714286,7.428571428571429
2020-04-27,Dominican Republic,6293,282,4.0,158.0,189.85714285714286,6.714285714285714
2020-04-28,Dominican Republic,6416,286,4.0,123.0,196.0,5.857142857142857
2020-04-29,Dominican Republic,6652,293,7.0,236.0,193.14285714285714,4.714285714285714
2020-04-30,Dominican Republic,6972,301,8.0,320.0,204.14285714285714,5.142857142857143
2020-05-01,Dominican Republic,7288,313,12.0,316.0,219.85714285714286,6.571428571428571
2020-05-02,Dominican Republic,7578,326,13.0,290.0,236.0,7.571428571428571
2020-05-03,Dominican Republic,7954,333,7.0,376.0,259.85714285714283,7.857142857142857
2020-05-04,Dominican Republic,8235,346,13.0,281.0,277.42857142857144,9.142857142857142
2020-05-05,Dominican Republic,8480,354,8.0,245.0,294.85714285714283,9.714285714285714
2020-05-06,Dominican Republic,8807,362,8.0,327.0,307.85714285714283,9.857142857142858
2020-05-07,Dominican Republic,9095,373,11.0,288.0,303.2857142857143,10.285714285714286
2020-05-08,Dominican Republic,9376,380,7.0,281.0,298.2857142857143,9.571428571428571
2020-05-09,Dominican Republic,9882,385,5.0,506.0,329.14285714285717,8.428571428571429
2020-05-10,Dominican Republic,10347,388,3.0,465.0,341.85714285714283,7.857142857142857
2020-05-11,Dominican Republic,10634,393,5.0,287.0,342.7142857142857,6.714285714285714
2020-05-12,Dominican Republic,10900,402,9.0,266.0,345.7142857142857,6.857142857142857
2020-05-13,Dominican Republic,11196,409,7.0,296.0,341.2857142857143,6.714285714285714
2020-05-14,Dominican Republic,11320,422,13.0,124.0,317.85714285714283,7.0
2020-05-15,Dominican Republic,11739,424,2.0,419.0,337.57142857142856,6.285714285714286
2020-05-16,Dominican Republic,12110,428,4.0,371.0,318.2857142857143,6.142857142857143
2020-05-17,Dominican Republic,12314,428,0.0,204.0,281.0,5.714285714285714
2020-05-18,Dominican Republic,12725,434,6.0,411.0,298.7142857142857,5.857142857142857
2020-05-19,Dominican Republic,13223,441,7.0,498.0,331.85714285714283,5.571428571428571
2020-05-20,Dominican Republic,13477,446,5.0,254.0,325.85714285714283,5.285714285714286
2020-05-21,Dominican Republic,13657,448,2.0,180.0,333.85714285714283,3.7142857142857144
2020-05-22,Dominican Republic,13989,456,8.0,332.0,321.42857142857144,4.571428571428571
2020-05-23,Dominican Republic,14422,458,2.0,433.0,330.2857142857143,4.285714285714286
2020-05-24,Dominican Republic,14801,458,0.0,379.0,355.2857142857143,4.285714285714286
2020-05-25,Dominican Republic,15073,460,2.0,272.0,335.42857142857144,3.7142857142857144
2020-05-26,Dominican Republic,15264,468,8.0,191.0,291.57142857142856,3.857142857142857
2020-05-27,Dominican Republic,15723,474,6.0,459.0,320.85714285714283,4.0
2020-05-28,Dominican Republic,16068,485,11.0,345.0,344.42857142857144,5.285714285714286
2020-05-29,Dominican Republic,16531,488,3.0,463.0,363.14285714285717,4.571428571428571
2020-05-30,Dominican Republic,16908,498,10.0,377.0,355.14285714285717,5.714285714285714
2020-05-31,Dominican Republic,17285,502,4.0,377.0,354.85714285714283,6.285714285714286
2020-06-01,Dominican Republic,17572,502,0.0,287.0,357.0,6.0
2020-06-02,Dominican Republic,17752,515,13.0,180.0,355.42857142857144,6.714285714285714
2020-06-03,Dominican Republic,18040,516,1.0,288.0,331.0,6.0
2020-06-04,Dominican Republic,18319,520,4.0,279.0,321.57142857142856,5.0
2020-06-05,Dominican Republic,18708,525,5.0,389.0,311.0,5.285714285714286
2020-06-06,Dominican Republic,19195,536,11.0,487.0,326.7142857142857,5.428571428571429
2020-06-07,Dominican Republic,19600,538,2.0,405.0,330.7142857142857,5.142857142857143
2020-06-08,Dominican Republic,20126,539,1.0,526.0,364.85714285714283,5.285714285714286
2020-06-09,Dominican Republic,20415,544,5.0,289.0,380.42857142857144,4.142857142857143
2020-06-10,Dominican Republic,20808,550,6.0,393.0,395.42857142857144,4.857142857142857
2020-06-11,Dominican Republic,21437,561,11.0,629.0,445.42857142857144,5.857142857142857
2020-06-12,Dominican Republic,22008,568,7.0,571.0,471.42857142857144,6.142857142857143
2020-06-13,Dominican Republic,22572,577,9.0,564.0,482.42857142857144,5.857142857142857
2020-06-14,Dominican Republic,22962,592,15.0,390.0,480.2857142857143,7.714285714285714
2020-06-15,Dominican Republic,23271,605,13.0,309.0,449.2857142857143,9.428571428571429
2020-06-16,Dominican Republic,23686,615,10.0,415.0,467.2857142857143,10.142857142857142
2020-06-17,Dominican Republic,24105,633,18.0,419.0,471.0,11.857142857142858
2020-06-18,Dominican Republic,24645,635,2.0,540.0,458.2857142857143,10.571428571428571
2020-06-19,Dominican Republic,25068,647,12.0,423.0,437.14285714285717,11.285714285714286
2020-06-20,Dominican Republic,25778,655,8.0,710.0,458.0,11.142857142857142
2020-06-21,Dominican Republic,26677,662,7.0,899.0,530.7142857142857,10.0
2020-06-22,Dominican Republic,27370,669,7.0,693.0,585.5714285714286,9.142857142857142
2020-06-23,Dominican Republic,27936,675,6.0,566.0,607.1428571428571,8.571428571428571
2020-06-24,Dominican Republic,28631,691,16.0,695.0,646.5714285714286,8.285714285714286
2020-06-25,Dominican Republic,29141,698,7.0,510.0,642.2857142857143,9.0
2020-06-26,Dominican Republic,29764,712,14.0,623.0,670.8571428571429,9.285714285714286
2020-06-27,Dominican Republic,30619,718,6.0,855.0,691.5714285714286,9.0
2020-06-28,Dominican Republic,31373,726,8.0,754.0,670.8571428571429,9.142857142857142
2020-06-29,Dominican Republic,31816,733,7.0,443.0,635.1428571428571,9.142857142857142
2020-06-30,Dominican Republic,32568,747,14.0,752.0,661.7142857142857,10.285714285714286
2020-07-01,Dominican Republic,33387,754,7.0,819.0,679.4285714285714,9.0
2020-07-02,Dominican Republic,34197,765,11.0,810.0,722.2857142857143,9.571428571428571
2020-07-03,Dominican Republic,35148,775,10.0,951.0,769.1428571428571,9.0
2020-07-04,Dominican Republic,36184,786,11.0,1036.0,795.0,9.714285714285714
2020-07-05,Dominican Republic,37425,794,8.0,1241.0,864.5714285714286,9.714285714285714
2020-07-06,Dominican Republic,38128,804,10.0,703.0,901.7142857142857,10.142857142857142
2020-07-07,Dominican Republic,38430,821,17.0,302.0,837.4285714285714,10.571428571428571
2020-07-08,Dominican Republic,39588,829,8.0,1158.0,885.8571428571429,10.714285714285714
2020-07-09,Dominican Republic,40790,842,13.0,1202.0,941.8571428571429,11.0
2020-07-10,Dominican Republic,41915,864,22.0,1125.0,966.7142857142857,12.714285714285714
2020-07-11,Dominican Republic,43114,880,16.0,1199.0,990.0,13.428571428571429
2020-07-12,Dominican Republic,44532,897,17.0,1418.0,1015.2857142857143,14.714285714285714
2020-07-13,Dominican Republic,45506,903,6.0,974.0,1054.0,14.142857142857142
2020-07-14,Dominican Republic,46305,910,7.0,799.0,1125.0,12.714285714285714
2020-07-15,Dominican Republic,47671,929,19.0,1366.0,1154.7142857142858,14.285714285714286
2020-07-16,Dominican Republic,48743,941,12.0,1072.0,1136.142857142857,14.142857142857142
2020-07-17,Dominican Republic,50113,942,1.0,1370.0,1171.142857142857,11.142857142857142
2020-07-18,Dominican Republic,51519,971,29.0,1406.0,1200.7142857142858,13.0
2020-07-19,Dominican Republic,52855,981,10.0,1336.0,1189.0,12.0
2020-07-20,Dominican Republic,53956,993,12.0,1101.0,1207.142857142857,12.857142857142858
2020-07-21,Dominican Republic,54797,999,6.0,841.0,1213.142857142857,12.714285714285714
2020-07-22,Dominican Republic,56043,1005,6.0,1246.0,1196.0,10.857142857142858
2020-07-23,Dominican Republic,57615,1006,1.0,1572.0,1267.4285714285713,9.285714285714286
2020-07-24,Dominican Republic,59077,1036,30.0,1462.0,1280.5714285714287,13.428571428571429
2020-07-25,Dominican Republic,60896,1055,19.0,1819.0,1339.5714285714287,12.0
2020-07-26,Dominican Republic,62908,1063,8.0,2012.0,1436.142857142857,11.714285714285714
2020-07-27,Dominican Republic,64156,1083,20.0,1248.0,1457.142857142857,12.857142857142858
2020-07-28,Dominican Republic,64690,1101,18.0,534.0,1413.2857142857142,14.571428571428571
2020-07-29,Dominican Republic,66182,1123,22.0,1492.0,1448.4285714285713,16.857142857142858
2020-07-30,Dominican Republic,67915,1146,23.0,1733.0,1471.4285714285713,20.0
2020-07-31,Dominican Republic,69649,1160,14.0,1734.0,1510.2857142857142,17.714285714285715
2020-08-01,Dominican Republic,71415,1170,10.0,1766.0,1502.7142857142858,16.428571428571427
2020-08-02,Dominican Republic,72243,1178,8.0,828.0,1333.5714285714287,16.428571428571427
2020-08-03,Dominican Republic,73117,1183,5.0,874.0,1280.142857142857,14.285714285714286
2020-08-04,Dominican Republic,74295,1213,30.0,1178.0,1372.142857142857,16.0
2020-08-05,Dominican Republic,75660,1222,9.0,1365.0,1354.0,14.142857142857142
2020-08-06,Dominican Republic,76536,1246,24.0,876.0,1231.5714285714287,14.285714285714286
2020-08-07,Dominican Republic,77709,1259,13.0,1173.0,1151.4285714285713,14.142857142857142
2020-08-08,Dominican Republic,78778,1289,30.0,1069.0,1051.857142857143,17.0
2020-08-09,Dominican Republic,79732,1309,20.0,954.0,1069.857142857143,18.714285714285715
2020-08-10,Dominican Republic,80499,1328,19.0,767.0,1054.5714285714287,20.714285714285715
2020-08-11,Dominican Republic,81094,1346,18.0,595.0,971.2857142857143,19.0
2020-08-12,Dominican Republic,82224,1371,25.0,1130.0,937.7142857142857,21.285714285714285
2020-08-13,Dominican Republic,83134,1393,22.0,910.0,942.5714285714286,21.0
2020-08-14,Dominican Republic,84488,1409,16.0,1354.0,968.4285714285714,21.428571428571427
2020-08-15,Dominican Republic,85545,1438,29.0,1057.0,966.7142857142857,21.285714285714285
2020-08-16,Dominican Republic,86309,1453,15.0,764.0,939.5714285714286,20.571428571428573
2020-08-17,Dominican Republic,86737,1481,28.0,428.0,891.1428571428571,21.857142857142858
2020-08-18,Dominican Republic,87123,1489,8.0,386.0,861.2857142857143,20.428571428571427
2020-08-19,Dominican Republic,88127,1501,12.0,1004.0,843.2857142857143,18.571428571428573
2020-08-20,Dominican Republic,89010,1505,4.0,883.0,839.4285714285714,16.0
2020-08-21,Dominican Republic,89867,1533,28.0,857.0,768.4285714285714,17.714285714285715
2020-08-22,Dominican Republic,90561,1554,21.0,694.0,716.5714285714286,16.571428571428573
2020-08-23,Dominican Republic,91161,1567,13.0,600.0,693.1428571428571,16.285714285714285
2020-08-24,Dominican Republic,91608,1573,6.0,447.0,695.8571428571429,13.142857142857142
2020-08-25,Dominican Republic,92217,1585,12.0,609.0,727.7142857142857,13.714285714285714
2020-08-26,Dominican Republic,92557,1613,28.0,340.0,632.8571428571429,16.0
2020-08-27,Dominican Republic,92964,1630,17.0,407.0,564.8571428571429,17.857142857142858
