date,Country_Region,Confirmed,Deaths,daily_deaths,daily_confirmed,daily_confirmed_7day_ma,daily_deaths_7day_ma
2020-01-22,Belarus,0,0,0.0,0.0,0.0,0.0
2020-01-23,Belarus,0,0,0.0,0.0,0.0,0.0
2020-01-24,Belarus,0,0,0.0,0.0,0.0,0.0
2020-01-25,Belarus,0,0,0.0,0.0,0.0,0.0
2020-01-26,Belarus,0,0,0.0,0.0,0.0,0.0
2020-01-27,Belarus,0,0,0.0,0.0,0.0,0.0
2020-01-28,Belarus,0,0,0.0,0.0,0.0,0.0
2020-01-29,Belarus,0,0,0.0,0.0,0.0,0.0
2020-01-30,Belarus,0,0,0.0,0.0,0.0,0.0
2020-01-31,Belarus,0,0,0.0,0.0,0.0,0.0
2020-02-01,Belarus,0,0,0.0,0.0,0.0,0.0
2020-02-02,Belarus,0,0,0.0,0.0,0.0,0.0
2020-02-03,Belarus,0,0,0.0,0.0,0.0,0.0
2020-02-04,Belarus,0,0,0.0,0.0,0.0,0.0
2020-02-05,Belarus,0,0,0.0,0.0,0.0,0.0
2020-02-06,Belarus,0,0,0.0,0.0,0.0,0.0
2020-02-07,Belarus,0,0,0.0,0.0,0.0,0.0
2020-02-08,Belarus,0,0,0.0,0.0,0.0,0.0
2020-02-09,Belarus,0,0,0.0,0.0,0.0,0.0
2020-02-10,Belarus,0,0,0.0,0.0,0.0,0.0
2020-02-11,Belarus,0,0,0.0,0.0,0.0,0.0
2020-02-12,Belarus,0,0,0.0,0.0,0.0,0.0
2020-02-13,Belarus,0,0,0.0,0.0,0.0,0.0
2020-02-14,Belarus,0,0,0.0,0.0,0.0,0.0
2020-02-15,Belarus,0,0,0.0,0.0,0.0,0.0
2020-02-16,Belarus,0,0,0.0,0.0,0.0,0.0
2020-02-17,Belarus,0,0,0.0,0.0,0.0,0.0
2020-02-18,Belarus,0,0,0.0,0.0,0.0,0.0
2020-02-19,Belarus,0,0,0.0,0.0,0.0,0.0
2020-02-20,Belarus,0,0,0.0,0.0,0.0,0.0
2020-02-21,Belarus,0,0,0.0,0.0,0.0,0.0
2020-02-22,Belarus,0,0,0.0,0.0,0.0,0.0
2020-02-23,Belarus,0,0,0.0,0.0,0.0,0.0
2020-02-24,Belarus,0,0,0.0,0.0,0.0,0.0
2020-02-25,Belarus,0,0,0.0,0.0,0.0,0.0
2020-02-26,Belarus,0,0,0.0,0.0,0.0,0.0
2020-02-27,Belarus,0,0,0.0,0.0,0.0,0.0
2020-02-28,Belarus,1,0,0.0,1.0,0.14285714285714285,0.0
2020-02-29,Belarus,1,0,0.0,0.0,0.14285714285714285,0.0
2020-03-01,Belarus,1,0,0.0,0.0,0.14285714285714285,0.0
2020-03-02,Belarus,1,0,0.0,0.0,0.14285714285714285,0.0
2020-03-03,Belarus,1,0,0.0,0.0,0.14285714285714285,0.0
2020-03-04,Belarus,6,0,0.0,5.0,0.8571428571428571,0.0
2020-03-05,Belarus,6,0,0.0,0.0,0.8571428571428571,0.0
2020-03-06,Belarus,6,0,0.0,0.0,0.7142857142857143,0.0
2020-03-07,Belarus,6,0,0.0,0.0,0.7142857142857143,0.0
2020-03-08,Belarus,6,0,0.0,0.0,0.7142857142857143,0.0
2020-03-09,Belarus,6,0,0.0,0.0,0.7142857142857143,0.0
2020-03-10,Belarus,9,0,0.0,3.0,1.1428571428571428,0.0
2020-03-11,Belarus,9,0,0.0,0.0,0.42857142857142855,0.0
2020-03-12,Belarus,12,0,0.0,3.0,0.8571428571428571,0.0
2020-03-13,Belarus,27,0,0.0,15.0,3.0,0.0
2020-03-14,Belarus,27,0,0.0,0.0,3.0,0.0
2020-03-15,Belarus,27,0,0.0,0.0,3.0,0.0
2020-03-16,Belarus,36,0,0.0,9.0,4.285714285714286,0.0
2020-03-17,Belarus,36,0,0.0,0.0,3.857142857142857,0.0
2020-03-18,Belarus,51,0,0.0,15.0,6.0,0.0
2020-03-19,Belarus,51,0,0.0,0.0,5.571428571428571,0.0
2020-03-20,Belarus,69,0,0.0,18.0,6.0,0.0
2020-03-21,Belarus,76,0,0.0,7.0,7.0,0.0
2020-03-22,Belarus,76,0,0.0,0.0,7.0,0.0
2020-03-23,Belarus,81,0,0.0,5.0,6.428571428571429,0.0
2020-03-24,Belarus,81,0,0.0,0.0,6.428571428571429,0.0
2020-03-25,Belarus,86,0,0.0,5.0,5.0,0.0
2020-03-26,Belarus,86,0,0.0,0.0,5.0,0.0
2020-03-27,Belarus,94,0,0.0,8.0,3.5714285714285716,0.0
2020-03-28,Belarus,94,0,0.0,0.0,2.5714285714285716,0.0
2020-03-29,Belarus,94,0,0.0,0.0,2.5714285714285716,0.0
2020-03-30,Belarus,152,0,0.0,58.0,10.142857142857142,0.0
2020-03-31,Belarus,152,1,1.0,0.0,10.142857142857142,0.14285714285714285
2020-04-01,Belarus,163,2,1.0,11.0,11.0,0.2857142857142857
2020-04-02,Belarus,304,4,2.0,141.0,31.142857142857142,0.5714285714285714
2020-04-03,Belarus,351,4,0.0,47.0,36.714285714285715,0.5714285714285714
2020-04-04,Belarus,440,5,1.0,89.0,49.42857142857143,0.7142857142857143
2020-04-05,Belarus,562,8,3.0,122.0,66.85714285714286,1.1428571428571428
2020-04-06,Belarus,700,13,5.0,138.0,78.28571428571429,1.8571428571428572
2020-04-07,Belarus,861,13,0.0,161.0,101.28571428571429,1.7142857142857142
2020-04-08,Belarus,1066,13,0.0,205.0,129.0,1.5714285714285714
2020-04-09,Belarus,1486,16,3.0,420.0,168.85714285714286,1.7142857142857142
2020-04-10,Belarus,1981,19,3.0,495.0,232.85714285714286,2.142857142857143
2020-04-11,Belarus,2226,23,4.0,245.0,255.14285714285714,2.5714285714285716
2020-04-12,Belarus,2578,26,3.0,352.0,288.0,2.5714285714285716
2020-04-13,Belarus,2919,29,3.0,341.0,317.0,2.2857142857142856
2020-04-14,Belarus,3281,33,4.0,362.0,345.7142857142857,2.857142857142857
2020-04-15,Belarus,3728,36,3.0,447.0,380.2857142857143,3.2857142857142856
2020-04-16,Belarus,4204,40,4.0,476.0,388.2857142857143,3.4285714285714284
2020-04-17,Belarus,4779,42,2.0,575.0,399.7142857142857,3.2857142857142856
2020-04-18,Belarus,5297,45,3.0,518.0,438.7142857142857,3.142857142857143
2020-04-19,Belarus,5807,47,2.0,510.0,461.2857142857143,3.0
2020-04-20,Belarus,6264,51,4.0,457.0,477.85714285714283,3.142857142857143
2020-04-21,Belarus,6723,55,4.0,459.0,491.7142857142857,3.142857142857143
2020-04-22,Belarus,7281,58,3.0,558.0,507.57142857142856,3.142857142857143
2020-04-23,Belarus,8022,60,2.0,741.0,545.4285714285714,2.857142857142857
2020-04-24,Belarus,8773,63,3.0,751.0,570.5714285714286,3.0
2020-04-25,Belarus,9590,67,4.0,817.0,613.2857142857143,3.142857142857143
2020-04-26,Belarus,10463,72,5.0,873.0,665.1428571428571,3.5714285714285716
2020-04-27,Belarus,11289,75,3.0,826.0,717.8571428571429,3.4285714285714284
2020-04-28,Belarus,12208,79,4.0,919.0,783.5714285714286,3.4285714285714284
2020-04-29,Belarus,13181,84,5.0,973.0,842.8571428571429,3.7142857142857144
2020-04-30,Belarus,14027,89,5.0,846.0,857.8571428571429,4.142857142857143
2020-05-01,Belarus,14917,93,4.0,890.0,877.7142857142857,4.285714285714286
2020-05-02,Belarus,15828,97,4.0,911.0,891.1428571428571,4.285714285714286
2020-05-03,Belarus,16705,99,2.0,877.0,891.7142857142857,3.857142857142857
2020-05-04,Belarus,17489,103,4.0,784.0,885.7142857142857,4.0
2020-05-05,Belarus,18350,107,4.0,861.0,877.4285714285714,4.0
2020-05-06,Belarus,19255,112,5.0,905.0,867.7142857142857,4.0
2020-05-07,Belarus,20168,116,4.0,913.0,877.2857142857143,3.857142857142857
2020-05-08,Belarus,21101,121,5.0,933.0,883.4285714285714,4.0
2020-05-09,Belarus,22052,126,5.0,951.0,889.1428571428571,4.142857142857143
2020-05-10,Belarus,22973,131,5.0,921.0,895.4285714285714,4.571428571428571
2020-05-11,Belarus,23906,135,4.0,933.0,916.7142857142857,4.571428571428571
2020-05-12,Belarus,24873,142,7.0,967.0,931.8571428571429,5.0
2020-05-13,Belarus,25825,146,4.0,952.0,938.5714285714286,4.857142857142857
2020-05-14,Belarus,26772,151,5.0,947.0,943.4285714285714,5.0
2020-05-15,Belarus,27730,156,5.0,958.0,947.0,5.0
2020-05-16,Belarus,28681,160,4.0,951.0,947.0,4.857142857142857
2020-05-17,Belarus,29650,165,5.0,969.0,953.8571428571429,4.857142857142857
2020-05-18,Belarus,30572,171,6.0,922.0,952.2857142857143,5.142857142857143
2020-05-19,Belarus,31508,175,4.0,936.0,947.8571428571429,4.714285714285714
2020-05-20,Belarus,32426,179,4.0,918.0,943.0,4.714285714285714
2020-05-21,Belarus,33371,185,6.0,945.0,942.7142857142857,4.857142857142857
2020-05-22,Belarus,34303,190,5.0,932.0,939.0,4.857142857142857
2020-05-23,Belarus,35244,194,4.0,941.0,937.5714285714286,4.857142857142857
2020-05-24,Belarus,36198,199,5.0,954.0,935.4285714285714,4.857142857142857
2020-05-25,Belarus,37144,204,5.0,946.0,938.8571428571429,4.714285714285714
2020-05-26,Belarus,38059,208,4.0,915.0,935.8571428571429,4.714285714285714
2020-05-27,Belarus,38956,214,6.0,897.0,932.8571428571429,5.0
2020-05-28,Belarus,39858,219,5.0,902.0,926.7142857142857,4.857142857142857
2020-05-29,Belarus,40764,224,5.0,906.0,923.0,4.857142857142857
2020-05-30,Belarus,41658,229,5.0,894.0,916.2857142857143,5.0
2020-05-31,Belarus,42556,235,6.0,898.0,908.2857142857143,5.142857142857143
2020-06-01,Belarus,43403,240,5.0,847.0,894.1428571428571,5.142857142857143
2020-06-02,Belarus,44255,243,3.0,852.0,885.1428571428571,5.0
2020-06-03,Belarus,45116,248,5.0,861.0,880.0,4.857142857142857
2020-06-04,Belarus,45981,253,5.0,865.0,874.7142857142857,4.857142857142857
2020-06-05,Belarus,46868,259,6.0,887.0,872.0,5.0
2020-06-06,Belarus,47751,263,4.0,883.0,870.4285714285714,4.857142857142857
2020-06-07,Belarus,48630,269,6.0,879.0,867.7142857142857,4.857142857142857
2020-06-08,Belarus,49453,276,7.0,823.0,864.2857142857143,5.142857142857143
2020-06-09,Belarus,50265,282,6.0,812.0,858.5714285714286,5.571428571428571
2020-06-10,Belarus,51066,288,6.0,801.0,850.0,5.714285714285714
2020-06-11,Belarus,51816,293,5.0,750.0,833.5714285714286,5.714285714285714
2020-06-12,Belarus,52520,298,5.0,704.0,807.4285714285714,5.571428571428571
2020-06-13,Belarus,53241,303,5.0,721.0,784.2857142857143,5.714285714285714
2020-06-14,Belarus,53973,308,5.0,732.0,763.2857142857143,5.571428571428571
2020-06-15,Belarus,54680,312,4.0,707.0,746.7142857142857,5.142857142857143
2020-06-16,Belarus,55369,318,6.0,689.0,729.1428571428571,5.142857142857143
2020-06-17,Belarus,56032,324,6.0,663.0,709.4285714285714,5.142857142857143
2020-06-18,Belarus,56657,331,7.0,625.0,691.5714285714286,5.428571428571429
2020-06-19,Belarus,57333,337,6.0,676.0,687.5714285714286,5.571428571428571
2020-06-20,Belarus,57936,343,6.0,603.0,670.7142857142857,5.714285714285714
2020-06-21,Belarus,58505,346,3.0,569.0,647.4285714285714,5.428571428571429
2020-06-22,Belarus,59023,351,5.0,518.0,620.4285714285714,5.571428571428571
2020-06-23,Belarus,59487,357,6.0,464.0,588.2857142857143,5.571428571428571
2020-06-24,Belarus,59945,362,5.0,458.0,559.0,5.428571428571429
2020-06-25,Belarus,60382,367,5.0,437.0,532.1428571428571,5.142857142857143
2020-06-26,Belarus,60713,373,6.0,331.0,482.85714285714283,5.142857142857143
2020-06-27,Belarus,61095,377,4.0,382.0,451.2857142857143,4.857142857142857
2020-06-28,Belarus,61475,383,6.0,380.0,424.2857142857143,5.285714285714286
2020-06-29,Belarus,61790,387,4.0,315.0,395.2857142857143,5.142857142857143
2020-06-30,Belarus,62118,392,5.0,328.0,375.85714285714283,5.0
2020-07-01,Belarus,62424,398,6.0,306.0,354.14285714285717,5.142857142857143
2020-07-02,Belarus,62698,405,7.0,274.0,330.85714285714283,5.428571428571429
2020-07-03,Belarus,62997,412,7.0,299.0,326.2857142857143,5.571428571428571
2020-07-04,Belarus,63270,418,6.0,273.0,310.7142857142857,5.857142857142857
2020-07-05,Belarus,63554,423,5.0,284.0,297.0,5.714285714285714
2020-07-06,Belarus,63804,429,6.0,250.0,287.7142857142857,6.0
2020-07-07,Belarus,64003,436,7.0,199.0,269.2857142857143,6.285714285714286
2020-07-08,Belarus,64224,443,7.0,221.0,257.14285714285717,6.428571428571429
2020-07-09,Belarus,64411,449,6.0,187.0,244.71428571428572,6.285714285714286
2020-07-10,Belarus,64604,454,5.0,193.0,229.57142857142858,6.0
2020-07-11,Belarus,64767,459,5.0,163.0,213.85714285714286,5.857142857142857
2020-07-12,Belarus,64932,464,5.0,165.0,196.85714285714286,5.857142857142857
2020-07-13,Belarus,65114,468,4.0,182.0,187.14285714285714,5.571428571428571
2020-07-14,Belarus,65269,474,6.0,155.0,180.85714285714286,5.428571428571429
2020-07-15,Belarus,65443,480,6.0,174.0,174.14285714285714,5.285714285714286
2020-07-16,Belarus,65623,485,5.0,180.0,173.14285714285714,5.142857142857143
2020-07-17,Belarus,65782,491,6.0,159.0,168.28571428571428,5.285714285714286
2020-07-18,Belarus,65953,495,4.0,171.0,169.42857142857142,5.142857142857143
2020-07-19,Belarus,66095,499,4.0,142.0,166.14285714285714,5.0
2020-07-20,Belarus,66213,503,4.0,118.0,157.0,5.0
2020-07-21,Belarus,66348,507,4.0,135.0,154.14285714285714,4.714285714285714
2020-07-22,Belarus,66521,513,6.0,173.0,154.0,4.714285714285714
2020-07-23,Belarus,66688,519,6.0,167.0,152.14285714285714,4.857142857142857
2020-07-24,Belarus,66846,524,5.0,158.0,152.0,4.714285714285714
2020-07-25,Belarus,67002,530,6.0,156.0,149.85714285714286,5.0
2020-07-26,Belarus,67132,534,4.0,130.0,148.14285714285714,5.0
2020-07-27,Belarus,67251,538,4.0,119.0,148.28571428571428,5.0
2020-07-28,Belarus,67366,543,5.0,115.0,145.42857142857142,5.142857142857143
2020-07-29,Belarus,67518,548,5.0,152.0,142.42857142857142,5.0
2020-07-30,Belarus,67665,553,5.0,147.0,139.57142857142858,4.857142857142857
