date,Country_Region,Confirmed,Deaths,daily_deaths,daily_confirmed,daily_confirmed_7day_ma,daily_deaths_7day_ma
2020-01-22,Norway,0,0,0.0,0.0,0.0,0.0
2020-01-23,Norway,0,0,0.0,0.0,0.0,0.0
2020-01-24,Norway,0,0,0.0,0.0,0.0,0.0
2020-01-25,Norway,0,0,0.0,0.0,0.0,0.0
2020-01-26,Norway,0,0,0.0,0.0,0.0,0.0
2020-01-27,Norway,0,0,0.0,0.0,0.0,0.0
2020-01-28,Norway,0,0,0.0,0.0,0.0,0.0
2020-01-29,Norway,0,0,0.0,0.0,0.0,0.0
2020-01-30,Norway,0,0,0.0,0.0,0.0,0.0
2020-01-31,Norway,0,0,0.0,0.0,0.0,0.0
2020-02-01,Norway,0,0,0.0,0.0,0.0,0.0
2020-02-02,Norway,0,0,0.0,0.0,0.0,0.0
2020-02-03,Norway,0,0,0.0,0.0,0.0,0.0
2020-02-04,Norway,0,0,0.0,0.0,0.0,0.0
2020-02-05,Norway,0,0,0.0,0.0,0.0,0.0
2020-02-06,Norway,0,0,0.0,0.0,0.0,0.0
2020-02-07,Norway,0,0,0.0,0.0,0.0,0.0
2020-02-08,Norway,0,0,0.0,0.0,0.0,0.0
2020-02-09,Norway,0,0,0.0,0.0,0.0,0.0
2020-02-10,Norway,0,0,0.0,0.0,0.0,0.0
2020-02-11,Norway,0,0,0.0,0.0,0.0,0.0
2020-02-12,Norway,0,0,0.0,0.0,0.0,0.0
2020-02-13,Norway,0,0,0.0,0.0,0.0,0.0
2020-02-14,Norway,0,0,0.0,0.0,0.0,0.0
2020-02-15,Norway,0,0,0.0,0.0,0.0,0.0
2020-02-16,Norway,0,0,0.0,0.0,0.0,0.0
2020-02-17,Norway,0,0,0.0,0.0,0.0,0.0
2020-02-18,Norway,0,0,0.0,0.0,0.0,0.0
2020-02-19,Norway,0,0,0.0,0.0,0.0,0.0
2020-02-20,Norway,0,0,0.0,0.0,0.0,0.0
2020-02-21,Norway,0,0,0.0,0.0,0.0,0.0
2020-02-22,Norway,0,0,0.0,0.0,0.0,0.0
2020-02-23,Norway,0,0,0.0,0.0,0.0,0.0
2020-02-24,Norway,0,0,0.0,0.0,0.0,0.0
2020-02-25,Norway,0,0,0.0,0.0,0.0,0.0
2020-02-26,Norway,1,0,0.0,1.0,0.14285714285714285,0.0
2020-02-27,Norway,1,0,0.0,0.0,0.14285714285714285,0.0
2020-02-28,Norway,6,0,0.0,5.0,0.8571428571428571,0.0
2020-02-29,Norway,15,0,0.0,9.0,2.142857142857143,0.0
2020-03-01,Norway,19,0,0.0,4.0,2.7142857142857144,0.0
2020-03-02,Norway,25,0,0.0,6.0,3.5714285714285716,0.0
2020-03-03,Norway,32,0,0.0,7.0,4.571428571428571,0.0
2020-03-04,Norway,56,0,0.0,24.0,7.857142857142857,0.0
2020-03-05,Norway,87,0,0.0,31.0,12.285714285714286,0.0
2020-03-06,Norway,108,0,0.0,21.0,14.571428571428571,0.0
2020-03-07,Norway,147,0,0.0,39.0,18.857142857142858,0.0
2020-03-08,Norway,176,0,0.0,29.0,22.428571428571427,0.0
2020-03-09,Norway,205,0,0.0,29.0,25.714285714285715,0.0
2020-03-10,Norway,400,0,0.0,195.0,52.57142857142857,0.0
2020-03-11,Norway,598,0,0.0,198.0,77.42857142857143,0.0
2020-03-12,Norway,702,0,0.0,104.0,87.85714285714286,0.0
2020-03-13,Norway,996,0,0.0,294.0,126.85714285714286,0.0
2020-03-14,Norway,1090,3,3.0,94.0,134.71428571428572,0.42857142857142855
2020-03-15,Norway,1221,3,0.0,131.0,149.28571428571428,0.42857142857142855
2020-03-16,Norway,1333,3,0.0,112.0,161.14285714285714,0.42857142857142855
2020-03-17,Norway,1463,3,0.0,130.0,151.85714285714286,0.42857142857142855
2020-03-18,Norway,1550,6,3.0,87.0,136.0,0.8571428571428571
2020-03-19,Norway,1746,7,1.0,196.0,149.14285714285714,1.0
2020-03-20,Norway,1914,7,0.0,168.0,131.14285714285714,1.0
2020-03-21,Norway,2118,7,0.0,204.0,146.85714285714286,0.5714285714285714
2020-03-22,Norway,2385,7,0.0,267.0,166.28571428571428,0.5714285714285714
2020-03-23,Norway,2621,10,3.0,236.0,184.0,1.0
2020-03-24,Norway,2863,12,2.0,242.0,200.0,1.2857142857142858
2020-03-25,Norway,3084,14,2.0,221.0,219.14285714285714,1.1428571428571428
2020-03-26,Norway,3369,14,0.0,285.0,231.85714285714286,1.0
2020-03-27,Norway,3755,19,5.0,386.0,263.0,1.7142857142857142
2020-03-28,Norway,4015,23,4.0,260.0,271.0,2.2857142857142856
2020-03-29,Norway,4284,25,2.0,269.0,271.2857142857143,2.5714285714285716
2020-03-30,Norway,4445,32,7.0,161.0,260.57142857142856,3.142857142857143
2020-03-31,Norway,4641,39,7.0,196.0,254.0,3.857142857142857
2020-04-01,Norway,4863,44,5.0,222.0,254.14285714285714,4.285714285714286
2020-04-02,Norway,5147,50,6.0,284.0,254.0,5.142857142857143
2020-04-03,Norway,5370,59,9.0,223.0,230.71428571428572,5.714285714285714
2020-04-04,Norway,5550,62,3.0,180.0,219.28571428571428,5.571428571428571
2020-04-05,Norway,5687,71,9.0,137.0,200.42857142857142,6.571428571428571
2020-04-06,Norway,5865,76,5.0,178.0,202.85714285714286,6.285714285714286
2020-04-07,Norway,6086,89,13.0,221.0,206.42857142857142,7.142857142857143
2020-04-08,Norway,6086,101,12.0,0.0,174.71428571428572,8.142857142857142
2020-04-09,Norway,6211,108,7.0,125.0,152.0,8.285714285714286
2020-04-10,Norway,6314,113,5.0,103.0,134.85714285714286,7.714285714285714
2020-04-11,Norway,6409,119,6.0,95.0,122.71428571428571,8.142857142857142
2020-04-12,Norway,6525,128,9.0,116.0,119.71428571428571,8.142857142857142
2020-04-13,Norway,6603,134,6.0,78.0,105.42857142857143,8.285714285714286
2020-04-14,Norway,6623,139,5.0,20.0,76.71428571428571,7.142857142857143
2020-04-15,Norway,6740,150,11.0,117.0,93.42857142857143,7.0
2020-04-16,Norway,6896,152,2.0,156.0,97.85714285714286,6.285714285714286
2020-04-17,Norway,6937,161,9.0,41.0,89.0,6.857142857142857
2020-04-18,Norway,7036,164,3.0,99.0,89.57142857142857,6.428571428571429
2020-04-19,Norway,7078,165,1.0,42.0,79.0,5.285714285714286
2020-04-20,Norway,7156,181,16.0,78.0,79.0,6.714285714285714
2020-04-21,Norway,7191,182,1.0,35.0,81.14285714285714,6.142857142857143
2020-04-22,Norway,7338,187,5.0,147.0,85.42857142857143,5.285714285714286
2020-04-23,Norway,7401,194,7.0,63.0,72.14285714285714,6.0
2020-04-24,Norway,7463,199,5.0,62.0,75.14285714285714,5.428571428571429
2020-04-25,Norway,7499,201,2.0,36.0,66.14285714285714,5.285714285714286
2020-04-26,Norway,7527,201,0.0,28.0,64.14285714285714,5.142857142857143
2020-04-27,Norway,7599,205,4.0,72.0,63.285714285714285,3.4285714285714284
2020-04-28,Norway,7660,206,1.0,61.0,67.0,3.4285714285714284
2020-04-29,Norway,7710,207,1.0,50.0,53.142857142857146,2.857142857142857
2020-04-30,Norway,7738,210,3.0,28.0,48.142857142857146,2.2857142857142856
2020-05-01,Norway,7783,210,0.0,45.0,45.714285714285715,1.5714285714285714
2020-05-02,Norway,7809,211,1.0,26.0,44.285714285714285,1.4285714285714286
2020-05-03,Norway,7847,211,0.0,38.0,45.714285714285715,1.4285714285714286
2020-05-04,Norway,7904,214,3.0,57.0,43.57142857142857,1.2857142857142858
2020-05-05,Norway,7955,215,1.0,51.0,42.142857142857146,1.2857142857142858
2020-05-06,Norway,7996,216,1.0,41.0,40.857142857142854,1.2857142857142858
2020-05-07,Norway,8034,217,1.0,38.0,42.285714285714285,1.0
2020-05-08,Norway,8070,218,1.0,36.0,41.0,1.1428571428571428
2020-05-09,Norway,8099,219,1.0,29.0,41.42857142857143,1.1428571428571428
2020-05-10,Norway,8105,219,0.0,6.0,36.857142857142854,1.1428571428571428
2020-05-11,Norway,8132,224,5.0,27.0,32.57142857142857,1.4285714285714286
2020-05-12,Norway,8157,228,4.0,25.0,28.857142857142858,1.8571428571428572
2020-05-13,Norway,8175,229,1.0,18.0,25.571428571428573,1.8571428571428572
2020-05-14,Norway,8196,232,3.0,21.0,23.142857142857142,2.142857142857143
2020-05-15,Norway,8219,232,0.0,23.0,21.285714285714285,2.0
2020-05-16,Norway,8237,232,0.0,18.0,19.714285714285715,1.8571428571428572
2020-05-17,Norway,8249,232,0.0,12.0,20.571428571428573,1.8571428571428572
2020-05-18,Norway,8257,233,1.0,8.0,17.857142857142858,1.2857142857142858
2020-05-19,Norway,8267,233,0.0,10.0,15.714285714285714,0.7142857142857143
2020-05-20,Norway,8281,234,1.0,14.0,15.142857142857142,0.7142857142857143
2020-05-21,Norway,8309,235,1.0,28.0,16.142857142857142,0.42857142857142855
2020-05-22,Norway,8332,235,0.0,23.0,16.142857142857142,0.42857142857142855
2020-05-23,Norway,8346,235,0.0,14.0,15.571428571428571,0.42857142857142855
2020-05-24,Norway,8352,235,0.0,6.0,14.714285714285714,0.42857142857142855
2020-05-25,Norway,8364,235,0.0,12.0,15.285714285714286,0.2857142857142857
2020-05-26,Norway,8383,235,0.0,19.0,16.571428571428573,0.2857142857142857
2020-05-27,Norway,8401,235,0.0,18.0,17.142857142857142,0.14285714285714285
2020-05-28,Norway,8411,236,1.0,10.0,14.571428571428571,0.14285714285714285
2020-05-29,Norway,8422,236,0.0,11.0,12.857142857142858,0.14285714285714285
2020-05-30,Norway,8437,236,0.0,15.0,13.0,0.14285714285714285
2020-05-31,Norway,8440,236,0.0,3.0,12.571428571428571,0.14285714285714285
2020-06-01,Norway,8446,236,0.0,6.0,11.714285714285714,0.14285714285714285
2020-06-02,Norway,8455,237,1.0,9.0,10.285714285714286,0.2857142857142857
2020-06-03,Norway,8477,237,0.0,22.0,10.857142857142858,0.2857142857142857
2020-06-04,Norway,8504,238,1.0,27.0,13.285714285714286,0.2857142857142857
2020-06-05,Norway,8522,238,0.0,18.0,14.285714285714286,0.2857142857142857
2020-06-06,Norway,8531,238,0.0,9.0,13.428571428571429,0.2857142857142857
2020-06-07,Norway,8547,238,0.0,16.0,15.285714285714286,0.2857142857142857
2020-06-08,Norway,8561,239,1.0,14.0,16.428571428571427,0.42857142857142855
2020-06-09,Norway,8576,239,0.0,15.0,17.285714285714285,0.2857142857142857
2020-06-10,Norway,8594,239,0.0,18.0,16.714285714285715,0.2857142857142857
2020-06-11,Norway,8608,242,3.0,14.0,14.857142857142858,0.5714285714285714
2020-06-12,Norway,8620,242,0.0,12.0,14.0,0.5714285714285714
2020-06-13,Norway,8628,242,0.0,8.0,13.857142857142858,0.5714285714285714
2020-06-14,Norway,8631,242,0.0,3.0,12.0,0.5714285714285714
2020-06-15,Norway,8647,242,0.0,16.0,12.285714285714286,0.42857142857142855
2020-06-16,Norway,8660,242,0.0,13.0,12.0,0.42857142857142855
2020-06-17,Norway,8692,243,1.0,32.0,14.0,0.5714285714285714
2020-06-18,Norway,8708,244,1.0,16.0,14.285714285714286,0.2857142857142857
2020-06-19,Norway,8726,244,0.0,18.0,15.142857142857142,0.2857142857142857
2020-06-20,Norway,8742,244,0.0,16.0,16.285714285714285,0.2857142857142857
2020-06-21,Norway,8745,244,0.0,3.0,16.285714285714285,0.2857142857142857
2020-06-22,Norway,8751,248,4.0,6.0,14.857142857142858,0.8571428571428571
2020-06-23,Norway,8772,248,0.0,21.0,16.0,0.8571428571428571
2020-06-24,Norway,8788,249,1.0,16.0,13.714285714285714,0.8571428571428571
2020-06-25,Norway,8788,249,0.0,0.0,11.428571428571429,0.7142857142857143
2020-06-26,Norway,8832,249,0.0,44.0,15.142857142857142,0.7142857142857143
2020-06-27,Norway,8846,249,0.0,14.0,14.857142857142858,0.7142857142857143
2020-06-28,Norway,8855,249,0.0,9.0,15.714285714285714,0.7142857142857143
2020-06-29,Norway,8862,249,0.0,7.0,15.857142857142858,0.14285714285714285
2020-06-30,Norway,8879,250,1.0,17.0,15.285714285714286,0.2857142857142857
2020-07-01,Norway,8896,251,1.0,17.0,15.428571428571429,0.2857142857142857
2020-07-02,Norway,8902,251,0.0,6.0,16.285714285714285,0.2857142857142857
2020-07-03,Norway,8921,251,0.0,19.0,12.714285714285714,0.2857142857142857
2020-07-04,Norway,8926,251,0.0,5.0,11.428571428571429,0.2857142857142857
2020-07-05,Norway,8930,251,0.0,4.0,10.714285714285714,0.2857142857142857
2020-07-06,Norway,8936,251,0.0,6.0,10.571428571428571,0.2857142857142857
2020-07-07,Norway,8947,251,0.0,11.0,9.714285714285714,0.14285714285714285
2020-07-08,Norway,8950,251,0.0,3.0,7.714285714285714,0.0
2020-07-09,Norway,8965,252,1.0,15.0,9.0,0.14285714285714285
2020-07-10,Norway,8974,252,0.0,9.0,7.571428571428571,0.14285714285714285
2020-07-11,Norway,8977,252,0.0,3.0,7.285714285714286,0.14285714285714285
2020-07-12,Norway,8981,252,0.0,4.0,7.285714285714286,0.14285714285714285
2020-07-13,Norway,8984,253,1.0,3.0,6.857142857142857,0.2857142857142857
2020-07-14,Norway,9001,253,0.0,17.0,7.714285714285714,0.2857142857142857
2020-07-15,Norway,9011,253,0.0,10.0,8.714285714285714,0.2857142857142857
2020-07-16,Norway,9015,254,1.0,4.0,7.142857142857143,0.2857142857142857
2020-07-17,Norway,9025,255,1.0,10.0,7.285714285714286,0.42857142857142855
2020-07-18,Norway,9028,255,0.0,3.0,7.285714285714286,0.42857142857142855
2020-07-19,Norway,9028,255,0.0,0.0,6.714285714285714,0.42857142857142855
2020-07-20,Norway,9034,255,0.0,6.0,7.142857142857143,0.2857142857142857
2020-07-21,Norway,9053,255,0.0,19.0,7.428571428571429,0.2857142857142857
2020-07-22,Norway,9059,255,0.0,6.0,6.857142857142857,0.2857142857142857
2020-07-23,Norway,9085,255,0.0,26.0,10.0,0.14285714285714285
2020-07-24,Norway,9092,255,0.0,7.0,9.571428571428571,0.0
2020-07-25,Norway,9111,255,0.0,19.0,11.857142857142858,0.0
2020-07-26,Norway,9117,255,0.0,6.0,12.714285714285714,0.0
2020-07-27,Norway,9132,255,0.0,15.0,14.0,0.0
2020-07-28,Norway,9150,255,0.0,18.0,13.857142857142858,0.0
2020-07-29,Norway,9172,255,0.0,22.0,16.142857142857142,0.0
2020-07-30,Norway,9208,255,0.0,36.0,17.571428571428573,0.0
2020-07-31,Norway,9240,255,0.0,32.0,21.142857142857142,0.0
2020-08-01,Norway,9253,255,0.0,13.0,20.285714285714285,0.0
2020-08-02,Norway,9268,255,0.0,15.0,21.571428571428573,0.0
2020-08-03,Norway,9334,256,1.0,66.0,28.857142857142858,0.14285714285714285
2020-08-04,Norway,9362,256,0.0,28.0,30.285714285714285,0.14285714285714285
2020-08-05,Norway,9409,256,0.0,47.0,33.857142857142854,0.14285714285714285
2020-08-06,Norway,9468,256,0.0,59.0,37.142857142857146,0.14285714285714285
2020-08-07,Norway,9551,256,0.0,83.0,44.42857142857143,0.14285714285714285
2020-08-08,Norway,9599,256,0.0,48.0,49.42857142857143,0.14285714285714285
2020-08-09,Norway,9638,256,0.0,39.0,52.857142857142854,0.14285714285714285
2020-08-10,Norway,9684,256,0.0,46.0,50.0,0.0
2020-08-11,Norway,9751,256,0.0,67.0,55.57142857142857,0.0
2020-08-12,Norway,9783,256,0.0,32.0,53.42857142857143,0.0
2020-08-13,Norway,9851,257,1.0,68.0,54.714285714285715,0.14285714285714285
2020-08-14,Norway,9908,261,4.0,57.0,51.0,0.7142857142857143
2020-08-15,Norway,9965,261,0.0,57.0,52.285714285714285,0.7142857142857143
2020-08-16,Norway,10005,261,0.0,40.0,52.42857142857143,0.7142857142857143
2020-08-17,Norway,10060,261,0.0,55.0,53.714285714285715,0.7142857142857143
2020-08-18,Norway,10111,262,1.0,51.0,51.42857142857143,0.8571428571428571
2020-08-19,Norway,10162,262,0.0,51.0,54.142857142857146,0.8571428571428571
2020-08-20,Norway,10197,264,2.0,35.0,49.42857142857143,1.0
2020-08-21,Norway,10275,264,0.0,78.0,52.42857142857143,0.42857142857142855
2020-08-22,Norway,10299,264,0.0,24.0,47.714285714285715,0.42857142857142855
2020-08-23,Norway,10323,264,0.0,24.0,45.42857142857143,0.42857142857142855
2020-08-24,Norway,10395,264,0.0,72.0,47.857142857142854,0.42857142857142855
2020-08-25,Norway,10454,264,0.0,59.0,49.0,0.2857142857142857
2020-08-26,Norway,10504,264,0.0,50.0,48.857142857142854,0.2857142857142857
2020-08-27,Norway,10542,264,0.0,38.0,49.285714285714285,0.0
2020-08-28,Norway,10582,264,0.0,40.0,43.857142857142854,0.0
