date,actual_deaths,total_deaths,predicted_deaths_mean,predicted_deaths_lower,predicted_deaths_upper,predicted_total_deaths_mean,predicted_total_deaths_lower,predicted_total_deaths_upper,predicted_new_infected_mean,predicted_new_infected_lower,predicted_new_infected_upper,predicted_current_infected_mean,predicted_current_infected_lower,predicted_current_infected_upper,predicted_total_infected_mean,predicted_total_infected_lower,predicted_total_infected_upper
2020-02-13,,,,,,,,,50,40,60,50,40,60,50,40,60
2020-02-14,,,,,,,,,50,40,60,101,80,120,101,80,120
2020-02-15,,,,,,,,,50,40,60,151,120,180,151,120,180
2020-02-16,,,,,,,,,50,40,60,202,160,240,202,160,240
2020-02-17,,,,,,,,,50,40,60,252,200,300,252,200,300
2020-02-18,,,,,,,,,50,40,60,303,240,360,303,240,360
2020-02-19,,,,,,,,,50,40,60,353,280,420,353,280,420
2020-02-20,,,,,,,,,50,40,60,404,320,480,404,320,480
2020-02-21,,,,,,,,,50,40,60,454,360,540,454,360,540
2020-02-22,,,,,,,,,113,87,144,567,447,684,567,447,684
2020-02-23,,,,,,,,,113,87,144,680,535,827,680,535,827
2020-02-24,,,,,,,,,116,90,149,796,625,976,796,625,976
2020-02-25,,,,,,,,,124,95,160,920,721,1135,920,721,1135
2020-02-26,,,,,,,,,139,106,183,1059,828,1317,1059,828,1317
2020-02-27,,,,,,,,,163,124,218,1222,952,1535,1222,952,1535
2020-02-28,,,,,,,,,181,137,245,1353,1049,1719,1403,1089,1779
2020-02-29,,,,,,,,,195,147,266,1497,1156,1924,1598,1236,2044
2020-03-01,,,,,,,,,210,157,289,1657,1274,2153,1808,1394,2333
2020-03-02,,,,,,,,,227,169,316,1833,1403,2408,2035,1563,2648
2020-03-03,,,,,,,,,248,183,348,2031,1546,2696,2283,1746,2996
2020-03-04,,,,,,,,,269,197,381,2249,1704,3017,2552,1944,3377
2020-03-05,,,,,,,,,289,211,413,2488,1875,3369,2841,2155,3789
2020-03-06,,,,,,,,,310,224,444,2747,2060,3753,3151,2380,4233
2020-03-07,,,,,,,,,331,238,477,3028,2258,4169,3482,2618,4709
2020-03-08,1,1,,,,,,,354,253,514,3268,2424,4538,3836,2872,5222
2020-03-09,0,1,,,,,,,378,268,549,3533,2604,4944,4213,3140,5771
2020-03-10,0,1,,,,,,,402,283,583,3819,2798,5379,4615,3424,6354
2020-03-11,0,1,,,,,,,426,294,619,4122,2996,5837,5042,3718,6972
2020-03-12,0,1,,,,,,,451,304,660,4433,3194,6315,5492,4022,7632
2020-03-13,1,2,,,,,,,475,314,694,4745,3384,6791,5967,4337,8325
2020-03-14,0,2,,,,,,,500,324,726,5064,3572,7272,6467,4662,9050
2020-03-15,0,2,,,,,,,524,335,756,5393,3760,7762,6991,4997,9806
2020-03-16,0,2,,,,,,,547,346,783,5729,3949,8255,7538,5343,10588
2020-03-17,0,2,,,,,,,569,356,809,6071,4136,8748,8107,5700,11396
2020-03-18,0,2,,,,,,,590,367,830,6414,4320,9230,8697,6067,12226
2020-03-19,1,3,,,,,,,609,378,850,6754,4500,9699,9306,6445,13075
2020-03-20,0,3,,,,,,,628,389,872,7093,4679,10158,9934,6835,13947
2020-03-21,1,4,,,,,,,644,401,900,7427,4855,10614,10578,7236,14846
2020-03-22,0,4,,,,,,,659,412,927,7755,5029,11064,11237,7648,15773
2020-03-23,0,4,,,,,,,673,424,944,8075,5200,11494,11910,8072,16716
2020-03-24,2,6,,,,,,,685,435,952,8382,5368,11897,12596,8508,17668
2020-03-25,2,8,,,,,,,697,448,953,8677,5532,12266,13292,8956,18620
2020-03-26,1,9,,,,,,,707,459,970,8958,5698,12618,14000,9416,19589
2020-03-27,4,13,,,,,,,717,471,971,9224,5865,12929,14716,9887,20560
2020-03-28,5,18,,,,,,,725,483,978,9474,6033,13213,15442,10370,21537
2020-03-29,1,19,,,,,,,734,495,980,9708,6204,13467,16175,10866,22517
2020-03-30,4,23,,,,,,,742,508,991,9926,6377,13702,16917,11374,23507
2020-03-31,4,27,,,,,,,749,520,997,10128,6551,13917,17666,11895,24504
2020-04-01,1,28,,,,,,,756,531,1003,10316,6726,14111,18422,12427,25507
2020-04-02,8,36,,,,,,,763,542,1006,10489,6902,14287,19186,12969,26512
2020-04-03,3,39,,,,,,,770,553,1016,10650,7077,14452,19956,13523,27527
2020-04-04,4,43,,,,,,,777,565,1023,10799,7253,14603,20732,14088,28550
2020-04-05,1,44,,,,,,,783,576,1039,10938,7428,14743,21516,14665,29588
2020-04-06,4,48,,,,,,,790,586,1042,11068,7603,14858,22306,15252,30630
2020-04-07,8,56,,,,,,,796,595,1060,11192,7774,14975,23102,15847,31690
2020-04-08,7,63,,,,,,,803,595,1077,11309,7934,15100,23905,16443,32767
2020-04-09,9,72,,,,,,,810,595,1085,11422,8081,15232,24715,17038,33851
2020-04-10,10,82,,,,,,,816,597,1101,11532,8219,15363,25531,17636,34952
2020-04-11,1,83,,,,,,,823,596,1118,11638,8344,15510,26354,18232,36070
2020-04-12,7,90,,,,,,,830,594,1136,11743,8455,15668,27185,18826,37205
2020-04-13,7,97,,,,,,,838,595,1154,11847,8556,15842,28022,19422,38358
2020-04-14,5,102,,,,,,,845,592,1172,11950,8640,16023,28867,20015,39530
2020-04-15,9,111,,,,,,,852,590,1192,12054,8710,16218,29720,20605,40722
2020-04-16,4,115,,,,,,,860,585,1213,12157,8763,16428,30580,21190,41934
2020-04-17,8,123,,,,,,,868,579,1234,12262,8800,16656,31448,21770,43168
2020-04-18,6,129,,,,,,,876,575,1256,12369,8822,16896,32324,22346,44423
2020-04-19,3,132,,,,,,,885,571,1278,12477,8829,17151,33209,22917,45700
2020-04-20,4,136,,,,,,,893,567,1300,12587,8820,17412,34102,23485,47000
2020-04-21,11,147,,,,,,,902,563,1324,12699,8797,17694,35005,24049,48323
2020-04-22,5,152,,,,,,,911,560,1347,12814,8762,17980,35916,24609,49670
2020-04-23,13,165,,,,,,,920,556,1371,12931,8723,18274,36836,25166,51041
2020-04-24,11,176,,,,,,,929,553,1396,13050,8681,18585,37765,25719,52436
2020-04-25,9,185,,,,,,,939,549,1421,13173,8633,18905,38704,26269,53856
2020-04-26,7,192,,,,,,,948,545,1446,13298,8582,19233,39652,26814,55302
2020-04-27,5,197,,,,,,,958,534,1472,13426,8522,19569,40611,27349,56774
2020-04-28,10,207,,,,,,,968,524,1498,13556,8450,19914,41579,27873,58271
2020-04-29,7,214,,,,,,,978,521,1525,13690,8379,20266,42557,28394,59796
2020-04-30,4,218,,,,,,,989,518,1552,13826,8307,20626,43546,28912,61348
2020-05-01,7,225,,,,,,,999,515,1580,13965,8237,20993,44545,29427,62927
2020-05-02,12,237,,,,,,,1010,512,1607,14106,8169,21367,45554,29940,64534
2020-05-03,9,246,,,,,,,1021,509,1635,14251,8103,21746,46575,30449,66168
2020-05-04,14,260,,,,,,,1032,506,1663,14398,8038,22132,47608,30956,67831
2020-05-05,4,264,,,,,,,1044,502,1692,14550,7973,22523,48652,31459,69522
2020-05-06,9,273,,,,,,,1057,498,1725,14704,7908,22924,49709,31957,71247
2020-05-07,9,282,,,,,,,1070,494,1763,14864,7842,23340,50779,32451,73010
2020-05-08,11,293,,,,,,,1085,491,1805,15029,7777,23774,51864,32943,74814
2020-05-09,7,300,,,,,,,1101,488,1836,15200,7712,24214,52965,33432,76650
2020-05-10,5,305,,,,,,,1118,485,1878,15378,7648,24672,54082,33918,78527
2020-05-11,9,314,,,,,,,1137,484,1931,15567,7587,25156,55219,34402,80458
2020-05-12,5,319,,,,,,,1158,484,1979,15766,7537,25663,56377,34886,82436
2020-05-13,10,329,,,,,,,1181,485,2046,15978,7498,26211,57557,35371,84482
2020-05-14,24,353,,,,,,,1206,485,2117,16206,7462,26803,58763,35856,86599
2020-05-15,,,10,6,15,363,359,368,1234,479,2187,16452,7423,27438,59997,36336,88785
2020-05-16,,,10,5,16,373,365,384,1264,477,2283,16716,7386,28141,61261,36814,91067
2020-05-17,,,10,5,16,383,370,399,1296,477,2376,17003,7351,28909,62557,37291,93442
2020-05-18,,,10,5,16,393,376,415,1331,472,2480,17313,7314,29754,63888,37764,95921
2020-05-19,,,10,5,16,404,382,430,1367,470,2602,17648,7278,30692,65255,38235,98523
2020-05-20,,,10,5,16,414,387,446,1406,468,2733,18009,7243,31733,66661,38703,101255
2020-05-21,,,10,5,17,424,393,462,1446,463,2873,18398,7209,32881,68107,39166,104128
2020-05-22,,,10,5,17,434,398,478,1488,459,3021,18816,7174,34139,69596,39626,107148
2020-05-23,,,10,5,17,445,404,495,1533,460,3178,19264,7142,35512,71128,40086,110326
2020-05-24,,,10,5,17,455,409,511,1579,456,3344,19742,7110,37020,72707,40542,113669
2020-05-25,,,10,5,17,466,414,528,1627,450,3520,20251,7075,38661,74334,40993,117188
2020-05-26,,,11,5,17,476,419,545,1677,449,3705,20792,7040,40436,76011,41442,120893
2020-05-27,,,11,5,18,487,424,562,1729,447,3900,21363,7003,42356,77739,41890,124792
2020-05-28,,,11,4,18,497,429,579,1783,442,4106,21965,6960,44416,79522,42332,128898
2020-05-29,,,11,4,18,508,434,597,1839,438,4322,22598,6913,46621,81361,42770,133219
2020-05-30,,,11,4,19,519,439,615,1895,436,4540,23259,6870,48974,83256,43206,137759
2020-05-31,,,11,4,19,530,444,634,1954,430,4773,23948,6822,51465,85209,43636,142531
2020-06-01,,,11,4,20,541,449,653,2015,424,5017,24667,6769,54106,87224,44061,147548
2020-06-02,,,11,4,20,553,454,672,2077,419,5271,25414,6716,56897,89302,44481,152818
2020-06-03,,,12,4,21,565,459,693,2142,413,5533,26188,6660,59828,91443,44895,158351
2020-06-04,,,12,4,21,576,464,713,2207,408,5802,26989,6600,62897,93650,45304,164152
2020-06-05,,,12,4,22,589,468,735,2272,403,6077,27815,6540,66101,95922,45707,170228
2020-06-06,,,12,4,23,601,473,757,2339,398,6357,28665,6480,69437,98261,46106,176585
2020-06-07,,,13,4,24,614,478,780,2405,393,6638,29538,6414,72897,100666,46500,183222
2020-06-08,,,13,4,25,627,483,804,2470,388,6916,30429,6346,76469,103136,46889,190138
2020-06-09,,,13,4,26,640,487,830,2533,383,7186,31335,6279,80136,105669,47273,197324
2020-06-10,,,14,4,27,654,492,856,2593,378,7444,32251,6208,83875,108261,47651,204767
2020-06-11,,,14,4,28,668,497,884,2648,373,7684,33170,6134,87659,110910,48025,212451
2020-06-12,,,15,4,30,683,501,913,2699,368,7903,34086,6060,91456,113609,48393,220353
2020-06-13,,,15,4,31,698,506,944,2744,363,8097,34992,5985,95231,116353,48756,228450
2020-06-14,,,15,4,33,713,511,976,2784,357,8265,35881,5907,98956,119137,49114,236714
2020-06-15,,,16,4,35,729,515,1010,2819,352,8409,36746,5829,102592,121956,49466,245123
2020-06-16,,,16,4,36,746,520,1046,2849,347,8531,37580,5752,106106,124804,49814,253653
2020-06-17,,,17,4,38,763,524,1084,2875,342,8634,38377,5675,109469,127679,50156,262286
2020-06-18,,,17,4,40,780,529,1123,2897,336,8721,39133,5598,112656,130576,50493,271007
2020-06-19,,,18,4,42,798,533,1165,2917,331,8795,39844,5521,115650,133493,50825,279801
2020-06-20,,,19,4,44,816,537,1209,2935,326,8860,40506,5443,118433,136428,51151,288660
2020-06-21,,,19,4,47,836,542,1255,2952,321,8916,41119,5365,120992,139380,51472,297576
2020-06-22,,,20,4,49,855,546,1303,2967,315,8966,41680,5287,123320,142346,51788,306542
2020-06-23,,,20,4,51,876,550,1354,2981,312,9012,42191,5211,125415,145327,52100,315553
2020-06-24,,,21,4,54,896,555,1407,2994,307,9054,42652,5135,127283,148321,52408,324606
2020-06-25,,,22,4,56,918,559,1463,3007,303,9093,43067,5059,128932,151328,52711,333698
2020-06-26,,,22,4,59,940,563,1522,3020,298,9130,43438,4984,130378,154348,53009,342828
2020-06-27,,,23,4,62,963,567,1583,3032,293,9165,43772,4910,131640,157380,53303,351993
2020-06-28,,,23,3,64,986,571,1647,3044,288,9199,44071,4836,132743,160424,53592,361192
2020-06-29,,,24,3,67,1011,575,1714,3056,284,9232,44343,4762,133710,163480,53876,370424
2020-06-30,,,25,3,70,1035,579,1783,3068,279,9264,44592,4689,134565,166547,54155,379687
2020-07-01,,,25,3,72,1061,582,1855,3079,275,9296,44822,4616,135330,169627,54431,388983
2020-07-02,,,26,3,75,1086,586,1929,3091,271,9326,45039,4545,136023,172717,54702,398308
2020-07-03,,,26,3,77,1113,590,2005,3102,267,9356,45243,4476,136658,175819,54969,407664
2020-07-04,,,27,3,79,1140,594,2084,3113,262,9386,45440,4407,137249,178933,55232,417050
2020-07-05,,,27,3,81,1167,597,2164,3125,258,9415,45629,4339,137805,182058,55491,426465
2020-07-06,,,28,3,83,1195,601,2247,3136,254,9444,45814,4273,138333,185194,55745,435908
2020-07-07,,,28,3,84,1223,604,2330,3147,250,9473,45995,4207,138839,188341,55996,445380
2020-07-08,,,28,3,85,1251,608,2415,3159,246,9501,46173,4141,139328,191500,56242,454880
2020-07-09,,,29,3,86,1280,611,2501,3170,243,9528,46348,4077,139803,194669,56485,464408
2020-07-10,,,29,3,87,1309,615,2588,3181,239,9555,46522,4013,140265,197850,56725,473963
2020-07-11,,,29,3,88,1338,618,2675,3192,236,9582,46694,3951,140717,201043,56961,483545
2020-07-12,,,29,3,89,1367,621,2764,3203,232,9609,46866,3891,141161,204246,57194,493153
2020-07-13,,,29,3,90,1397,624,2853,3214,228,9635,47036,3831,141597,207460,57423,502788
2020-07-14,,,30,3,90,1426,627,2942,3225,225,9661,47206,3772,142025,210686,57648,512448
2020-07-15,,,30,3,91,1456,631,3032,3236,221,9686,47375,3714,142447,213922,57870,522134
2020-07-16,,,30,3,91,1486,634,3123,3247,217,9712,47543,3656,142863,217169,58087,531845
2020-07-17,,,30,3,91,1516,637,3214,3258,214,9736,47711,3599,143273,220428,58302,541581
2020-07-18,,,30,2,92,1547,640,3305,3269,210,9761,47878,3543,143677,223697,58513,551341
2020-07-19,,,30,2,92,1577,643,3397,3280,207,9785,48045,3487,144076,226977,58720,561125
2020-07-20,,,30,2,92,1607,645,3489,3291,204,9808,48211,3433,144469,230268,58924,570933
2020-07-21,,,31,2,93,1638,648,3581,3302,200,9832,48377,3379,144856,233570,59125,580764
2020-07-22,,,31,2,93,1669,651,3674,3313,197,9854,48542,3326,145238,236883,59322,590618
2020-07-23,,,31,2,93,1699,654,3767,3324,194,9877,48707,3274,145615,240207,59517,600494
2020-07-24,,,31,2,94,1730,657,3860,3334,191,9899,48871,3222,145985,243541,59708,610393
2020-07-25,,,31,2,94,1761,659,3954,3345,187,9921,49035,3170,146350,246886,59896,620313
2020-07-26,,,31,2,94,1792,662,4047,3356,184,9942,49199,3119,146710,250241,60081,630254
2020-07-27,,,31,2,95,1824,664,4142,3366,181,9963,49362,3068,147064,253608,60262,640217
2020-07-28,,,31,2,95,1855,667,4236,3377,178,9983,49524,3018,147412,256985,60441,650199
2020-07-29,,,31,2,95,1887,669,4331,3387,176,10003,49686,2969,147754,260372,60618,660202
2020-07-30,,,32,2,96,1918,672,4426,3398,173,10023,49848,2921,148090,263770,60791,670224
2020-07-31,,,32,2,96,1950,674,4521,3408,170,10042,50009,2873,148421,267178,60961,680266
2020-08-01,,,32,2,96,1982,677,4617,3419,167,10061,50169,2826,148745,270597,61129,690326
2020-08-02,,,32,2,96,2014,679,4713,3429,164,10079,50329,2780,149064,274026,61294,700405
2020-08-03,,,32,2,97,2046,681,4809,3439,162,10097,50488,2735,149376,277465,61456,710501
2020-08-04,,,32,2,97,2078,684,4905,3450,159,10115,50647,2691,149683,280915,61615,720616
