date,actual_deaths,total_deaths,predicted_deaths_mean,predicted_deaths_lower,predicted_deaths_upper,predicted_total_deaths_mean,predicted_total_deaths_lower,predicted_total_deaths_upper,predicted_new_infected_mean,predicted_new_infected_lower,predicted_new_infected_upper,predicted_current_infected_mean,predicted_current_infected_lower,predicted_current_infected_upper,predicted_total_infected_mean,predicted_total_infected_lower,predicted_total_infected_upper
2020-02-22,,,,,,,,,853,500,1000,853,500,1000,853,500,1000
2020-02-23,,,,,,,,,853,500,1000,1706,1000,2000,1706,1000,2000
2020-02-24,,,,,,,,,853,500,1000,2559,1500,3000,2559,1500,3000
2020-02-25,,,,,,,,,853,500,1000,3412,2000,4000,3412,2000,4000
2020-02-26,,,,,,,,,853,500,1000,4264,2500,5000,4264,2500,5000
2020-02-27,,,,,,,,,853,500,1000,5117,3000,6000,5117,3000,6000
2020-02-28,,,,,,,,,853,500,1000,5970,3500,7000,5970,3500,7000
2020-02-29,,,,,,,,,853,500,1000,6823,4000,8000,6823,4000,8000
2020-03-01,,,,,,,,,853,500,1000,7676,4500,9000,7676,4500,9000
2020-03-02,,,,,,,,,2056,1299,2400,9732,5799,11400,9732,5799,11400
2020-03-03,,,,,,,,,2048,1294,2392,11780,7094,13792,11780,7094,13792
2020-03-04,,,,,,,,,2126,1354,2481,13906,8448,16272,13906,8448,16272
2020-03-05,,,,,,,,,2288,1477,2668,16194,9925,18939,16194,9925,18939
2020-03-06,,,,,,,,,2624,1732,3056,18818,11658,21995,18818,11658,21995
2020-03-07,,,,,,,,,3146,2128,3658,21964,13786,25653,21964,13786,25653
2020-03-08,,,,,,,,,3544,2435,4116,24655,15722,28768,25508,16222,29768
2020-03-09,,,,,,,,,3867,2697,4487,27669,17920,32255,29374,18920,34255
2020-03-10,,,,,,,,,4230,3002,4904,31046,20422,36158,33605,21922,39158
2020-03-11,,,,,,,,,4648,3363,5381,34841,23285,40538,38253,25285,44538
2020-03-12,,,,,,,,,5168,3817,5975,39156,26602,45513,43421,29102,50513
2020-03-13,,,,,,,,,5708,4295,6590,44011,30398,51103,49128,33398,57103
2020-03-14,,,,,,,,,6245,4785,7202,49403,34683,57304,55373,38183,64304
2020-03-15,,,,,,,,,6805,5312,7838,55355,39496,64141,62178,43496,72141
2020-03-16,,,,,,,,,7411,5898,8525,61913,44894,71665,69589,49394,80665
2020-03-17,1,1,,,,,,,8083,6560,9285,67940,50155,78550,77672,55955,89950
2020-03-18,2,3,,,,,,,8808,7288,10105,74700,56149,86263,86480,63243,100054
2020-03-19,3,6,,,,,,,9573,8072,10969,82148,62867,94751,96054,71315,111023
2020-03-20,5,11,,,,,,,10383,8873,11881,90243,70263,103964,106436,80189,122903
2020-03-21,4,15,,,,,,,11247,9593,12855,98866,78124,113763,117684,89782,135758
2020-03-22,10,25,,,,,,,12179,10366,13903,107898,86362,124008,129862,100149,149660
2020-03-23,9,34,,,,,,,13179,11193,15028,117533,95120,134920,143041,111342,164687
2020-03-24,12,46,,,,,,,14247,12074,16229,127913,104496,146662,157287,123417,180916
2020-03-25,13,59,,,,,,,15384,13008,17509,139067,114502,159267,172671,136425,198424
2020-03-26,18,77,,,,,,,16596,14000,18875,151015,125139,172761,189268,150425,217299
2020-03-27,15,92,,,,,,,17892,15055,20336,163738,136377,187122,207159,165480,237634
2020-03-28,19,111,,,,,,,19274,16177,21899,177305,148260,202430,226434,181658,259533
2020-03-29,25,136,,,,,,,20747,17368,23570,191808,160843,218799,247181,199027,283102
2020-03-30,23,159,,,,,,,22314,18629,25353,207317,174160,236314,269495,217656,308455
2020-03-31,42,201,,,,,,,23976,19962,27256,223882,188224,255046,293471,237619,335711
2020-04-01,39,240,,,,,,,25739,21370,29303,241538,203034,275064,319210,258989,365013
2020-04-02,84,324,,,,,,,27605,22854,31500,260334,218600,296459,346815,281844,396513
2020-04-03,35,359,,,,,,,29574,24416,34133,280336,234944,319624,376389,306260,430646
2020-04-04,86,445,,,,,,,31646,26053,36968,301599,252124,344711,408035,332313,467613
2020-04-05,41,486,,,,,,,33818,27753,39963,324169,270284,371818,441853,360067,507575
2020-04-06,78,564,,,,,,,36083,29533,43060,348074,289451,400976,477936,389600,550635
2020-04-07,122,686,,,,,,,38434,31354,46047,373329,309612,431995,516370,420955,596682
2020-04-08,133,819,,,,,,,40860,33238,49372,399943,330776,465138,557230,454193,646053
2020-04-09,131,950,,,,,,,43343,35204,52335,427902,352972,499964,600573,489397,698388
2020-04-10,107,1057,,,,,,,45864,37200,55500,457170,376173,536589,646437,526598,753887
2020-04-11,67,1124,,,,,,,48401,39038,58844,487679,400156,575097,694838,565637,812731
2020-04-12,99,1223,,,,,,,50928,40881,62415,519332,424859,615613,745766,606518,875145
2020-04-13,105,1328,,,,,,,53418,42820,65789,552003,450311,657833,799184,649338,940934
2020-04-14,204,1532,,,,,,,55846,44467,69179,585535,476148,701658,855030,693805,1010112
2020-04-15,204,1736,,,,,,,58185,46154,72472,619744,502341,746874,913215,739960,1082584
2020-04-16,188,1924,,,,,,,60414,47543,75459,654418,528514,793029,973628,787503,1158042
2020-04-17,217,2141,,,,,,,62510,48738,78467,689324,554398,839996,1036139,836242,1236508
2020-04-18,213,2354,,,,,,,64460,49667,80935,724209,579650,886797,1100598,885910,1317443
2020-04-19,108,2462,,,,,,,66252,50165,83448,758814,603761,933277,1166850,936075,1400890
2020-04-20,125,2587,,,,,,,67883,50288,85990,792880,626296,979304,1234733,986364,1486879
2020-04-21,154,2741,,,,,,,69359,51009,88025,826156,647773,1024270,1304092,1037374,1574904
2020-04-22,165,2906,,,,,,,70690,50845,90682,858412,667264,1068904,1374783,1088219,1665585
2020-04-23,425,3331,,,,,,,71891,50393,92339,889444,684419,1111871,1446674,1138612,1757924
2020-04-24,373,3704,,,,,,,72981,50117,95218,919082,699332,1154753,1519655,1188729,1853141
2020-04-25,353,4057,,,,,,,73976,49598,97537,947193,711729,1196791,1593630,1238328,1950678
2020-04-26,229,4286,,,,,,,74893,49063,99575,973685,721754,1237522,1668523,1287391,2050252
2020-04-27,317,4603,,,,,,,75746,48317,102126,998503,729190,1277232,1744269,1335709,2152377
2020-04-28,480,5083,,,,,,,76549,47436,105166,1021634,733807,1316609,1820818,1383145,2257543
2020-04-29,430,5513,,,,,,,77312,46412,107459,1043100,735752,1354889,1898129,1429557,2365001
2020-04-30,493,6006,,,,,,,78046,45178,110115,1062961,734776,1392532,1976176,1474736,2475115
2020-05-01,406,6412,,,,,,,78760,44065,112105,1081308,731298,1429178,2054936,1518802,2587219
2020-05-02,349,6761,,,,,,,79462,43147,115202,1098260,725706,1465913,2134398,1561949,2702421
2020-05-03,290,7051,,,,,,,80158,42434,118169,1113958,718474,1503147,2214557,1604384,2820589
2020-05-04,316,7367,,,,,,,80856,41674,120826,1128562,709982,1540524,2295412,1646058,2941414
2020-05-05,571,7938,,,,,,,81559,40775,123576,1142238,700469,1578111,2376971,1686833,3064990
2020-05-06,650,8588,,,,,,,82275,39755,126972,1155154,689215,1617058,2459246,1726589,3191962
2020-05-07,602,9190,,,,,,,83007,38685,130468,1167470,677055,1656845,2542253,1765275,3322430
2020-05-08,827,10017,,,,,,,83759,37756,134066,1179338,664418,1698572,2626012,1803031,3456495
2020-05-09,639,10656,,,,,,,84536,36753,137178,1190894,651054,1740532,2710549,1839784,3593673
2020-05-10,467,11123,,,,,,,85341,35607,140552,1202260,637063,1783547,2795890,1875391,3734224
2020-05-11,530,11653,,,,,,,86177,34576,144636,1213544,622576,1828608,2882067,1909968,3878859
2020-05-12,808,12461,,,,,,,87046,33541,148658,1224845,607800,1875141,2969114,1943509,4027517
2020-05-13,779,13240,,,,,,,87951,32619,152813,1236247,592983,1922788,3057064,1976128,4180330
2020-05-14,759,13999,,,,,,,88892,31721,156947,1247827,578292,1972276,3145956,2007850,4337277
2020-05-15,,,689,482,890,14688,14481,14889,89871,30888,161240,1259651,564001,2023402,3235827,2038738,4498517
2020-05-16,,,702,480,919,15389,14962,15808,90889,30161,165692,1271780,550097,2076989,3326716,2068899,4664208
2020-05-17,,,714,476,943,16103,15439,16751,91946,29316,170230,1284263,536267,2132016,3418662,2098216,4834437
2020-05-18,,,725,475,968,16828,15914,17718,93041,28614,174947,1297146,522447,2188794,3511703,2126831,5009383
2020-05-19,,,736,468,998,17565,16383,18716,94175,27796,179840,1310465,508568,2247809,3605877,2154627,5189222
2020-05-20,,,747,462,1029,18311,16845,19744,95346,27119,184891,1324252,494913,2309123,3701224,2181747,5374113
2020-05-21,,,757,452,1052,19068,17298,20796,96554,26379,190016,1338532,481537,2372167,3797778,2208127,5564128
2020-05-22,,,767,442,1079,19835,17740,21874,97798,25629,195296,1353323,468481,2436994,3895576,2233756,5759423
2020-05-23,,,776,433,1106,20611,18173,22979,99077,24948,200701,1368641,455674,2503629,3994653,2258705,5960123
2020-05-24,,,786,425,1143,21397,18599,24122,100389,24248,206229,1384493,443169,2572680,4095042,2282953,6166352
2020-05-25,,,795,419,1177,22192,19018,25298,101733,23568,211880,1400885,431130,2644008,4196775,2306522,6378232
2020-05-26,,,805,413,1207,22997,19431,26505,103109,22909,217652,1417816,419463,2717025,4299884,2329432,6595884
2020-05-27,,,815,406,1240,23811,19838,27745,104514,22305,223542,1435284,408227,2791909,4404398,2351737,6819425
2020-05-28,,,824,396,1279,24636,20234,29023,105949,21681,229549,1453282,397290,2868645,4510346,2373419,7048974
2020-05-29,,,832,386,1314,25467,20621,30336,107411,21084,235670,1471802,386653,2947367,4617758,2394503,7284643
2020-05-30,,,840,377,1350,26307,20998,31685,108901,20503,241901,1490831,376269,3028028,4726659,2415007,7526544
2020-05-31,,,847,367,1377,27154,21365,33062,110416,19937,248242,1510359,366045,3110577,4837075,2434945,7774785
2020-06-01,,,856,355,1420,28010,21721,34481,111957,19386,254687,1530371,356115,3195035,4949032,2454332,8029472
2020-06-02,,,864,345,1455,28874,22067,35936,113522,18850,261235,1550852,346351,3281324,5062554,2473182,8290707
2020-06-03,,,873,335,1496,29747,22402,37431,115110,18327,267882,1571786,336882,3369366,5177664,2491510,8558588
2020-06-04,,,882,325,1537,30629,22728,38968,116720,17818,274624,1593160,327581,3459100,5294384,2509328,8833212
2020-06-05,,,892,316,1579,31521,23045,40547,118351,17322,281458,1614957,318524,3550541,5412735,2526651,9114669
2020-06-06,,,901,308,1623,32422,23353,42170,120003,16838,288378,1637161,309733,3643624,5532737,2543490,9403046
2020-06-07,,,912,301,1667,33334,23654,43836,121673,16399,295381,1659757,301183,3738304,5654410,2559889,9698426
2020-06-08,,,922,292,1714,34256,23947,45549,123362,15923,302461,1682730,292858,3834536,5777772,2575812,10000887
2020-06-09,,,933,285,1761,35189,24233,47310,125067,15460,309614,1706064,284750,3932270,5902839,2591272,10310501
2020-06-10,,,945,277,1810,36134,24511,49120,126788,15009,316836,1729744,276850,4031453,6029628,2606282,10627336
2020-06-11,,,956,270,1861,37090,24782,50980,128524,14571,324118,1753754,269116,4132029,6158152,2620854,10951454
2020-06-12,,,969,263,1912,38059,25045,52892,130273,14148,331456,1778079,261583,4233936,6288425,2635002,11282910
2020-06-13,,,981,256,1965,39040,25302,54857,132034,13746,338842,1802701,254244,4337109,6420459,2648748,11621751
2020-06-14,,,994,249,2019,40034,25551,56876,133805,13353,346272,1827606,247094,4441479,6554264,2662102,11968022
2020-06-15,,,1007,242,2075,41041,25793,58950,135585,12971,353736,1852775,240128,4546973,6689850,2675073,12321758
2020-06-16,,,1020,235,2132,42061,26028,61081,137373,12598,361227,1878190,233339,4653513,6827222,2687672,12682984
2020-06-17,,,1034,228,2189,43095,26257,63270,139166,12234,368736,1903834,226724,4761013,6966388,2699907,13051719
2020-06-18,,,1048,222,2248,44143,26480,65518,140963,11879,376255,1929687,220276,4869386,7107351,2711787,13427973
2020-06-19,,,1063,216,2309,45206,26696,67826,142762,11533,383776,1955729,213991,4978537,7250112,2723320,13811748
2020-06-20,,,1077,210,2370,46283,26907,70195,144561,11196,391289,1981938,207865,5088368,7394673,2734516,14203037
2020-06-21,,,1092,204,2432,47375,27112,72627,146359,10866,398783,2008294,201893,5198774,7541032,2745383,14601819
2020-06-22,,,1107,199,2496,48482,27311,75122,148152,10544,406263,2034774,196038,5309656,7689184,2755928,15008082
2020-06-23,,,1123,193,2560,49605,27504,77682,149941,10230,413560,2061353,190346,5420756,7839125,2766158,15421642
2020-06-24,,,1138,188,2626,50743,27693,80307,151721,9924,420961,2088007,184810,5532102,7990846,2776083,15842602
2020-06-25,,,1154,182,2692,51897,27876,82999,153491,9625,428247,2114709,179426,5643513,8144337,2785708,16270849
2020-06-26,,,1170,177,2760,53067,28054,85758,155257,9341,435469,2141442,174195,5754863,8299594,2795049,16706317
2020-06-27,,,1187,172,2828,54254,28227,88585,157007,9064,442607,2168176,169112,5866014,8456601,2804114,17148923
2020-06-28,,,1203,168,2897,55457,28395,91481,158741,8794,449650,2194883,164160,5976822,8615342,2812909,17598573
2020-06-29,,,1220,163,2967,56677,28558,94448,160457,8499,456587,2221535,159306,6087137,8775799,2821408,18055159
2020-06-30,,,1237,159,3038,57913,28717,97485,162152,8243,463406,2248101,154577,6196807,8937951,2829651,18518564
2020-07-01,,,1254,154,3109,59167,28872,100594,163825,7995,470209,2274554,149974,6305789,9101776,2837646,18988772
2020-07-02,,,1271,149,3181,60438,29022,103775,165473,7758,476675,2300861,145497,6413728,9267249,2845405,19465446
2020-07-03,,,1288,145,3254,61726,29167,107028,167093,7525,482983,2326991,141143,6520456,9434342,2852930,19948429
2020-07-04,,,1306,141,3327,63031,29308,110355,168682,7300,489122,2352911,136910,6625802,9603023,2860231,20437550
2020-07-05,,,1323,137,3401,64355,29446,113755,170237,7081,495079,2378587,132796,6729593,9773261,2867313,20932629
2020-07-06,,,1341,133,3475,65696,29579,117230,171758,6869,500842,2403986,128799,6831652,9945018,2874182,21433471
2020-07-07,,,1359,129,3549,67054,29708,120779,173240,6663,506400,2429074,124918,6931788,10118258,2880846,21939870
2020-07-08,,,1376,125,3624,68431,29834,124402,174681,6463,511740,2453814,121151,7029968,10292939,2887309,22451609
2020-07-09,,,1394,122,3699,69825,29956,128101,176078,6270,516850,2478171,117496,7125857,10469017,2893580,22968459
2020-07-10,,,1412,118,3774,71237,30075,131874,177430,6082,521744,2502110,113953,7219354,10646447,2899662,23490203
2020-07-11,,,1430,115,3849,72667,30190,135722,178733,5899,526402,2525586,110511,7310288,10825180,2905561,24016604
2020-07-12,,,1448,111,3923,74116,30302,139645,179985,5722,530797,2548564,107169,7398478,11005165,2911284,24547401
2020-07-13,,,1466,108,3998,75582,30410,143643,181184,5550,534921,2571006,103926,7483749,11186348,2916835,25082321
2020-07-14,,,1484,105,4072,77065,30516,147714,182326,5384,538762,2592876,100811,7565924,11368675,2922219,25621083
2020-07-15,,,1502,102,4145,78567,30618,151859,183411,5222,542311,2614135,97790,7644830,11552086,2927442,26163393
2020-07-16,,,1519,99,4219,80087,30717,156077,184436,5066,545560,2634745,94861,7720181,11736521,2932508,26708953
2020-07-17,,,1537,96,4291,81624,30813,160368,185398,4913,548500,2654670,92017,7792007,11921919,2937422,27257452
2020-07-18,,,1555,93,4363,83178,30906,164730,186295,4766,551222,2673873,89257,7860245,12108214,2942188,27808674
2020-07-19,,,1572,90,4433,84750,30997,169163,187126,4619,553581,2692318,86577,7924704,12295341,2946808,28362254
2020-07-20,,,1589,87,4503,86340,31085,173666,187889,4482,555658,2709969,83977,7985283,12483230,2951290,28917912
2020-07-21,,,1606,84,4572,87946,31170,178237,188582,4348,557649,2726794,81456,8042090,12671812,2955639,29475560
2020-07-22,,,1623,82,4640,89569,31252,182877,189204,4218,558649,2742758,79011,8094339,12861016,2959857,30034208
2020-07-23,,,1640,79,4707,91209,31332,187583,189752,4092,560142,2757830,76640,8142741,13050769,2963950,30594350
2020-07-24,,,1656,77,4771,92865,31409,192354,190227,3970,560251,2771978,74340,8186141,13240995,2967920,31154600
2020-07-25,,,1672,75,4833,94537,31484,197186,190625,3851,560408,2785174,72109,8224805,13431621,2971772,31715007
2020-07-26,,,1688,72,4894,96225,31557,202080,190948,3736,560368,2797389,69946,8258772,13622568,2975508,32275375
2020-07-27,,,1703,70,4953,97928,31628,207033,191193,3624,560102,2808596,67849,8288076,13813761,2979133,32835476
2020-07-28,,,1718,68,5010,99647,31697,212042,191360,3516,559412,2818773,65814,8312567,14005121,2982650,33394888
2020-07-29,,,1733,66,5065,101380,31763,217107,191448,3411,558081,2827894,63841,8331886,14196569,2986061,33952968
2020-07-30,,,1747,64,5118,103127,31828,222224,191457,3306,557153,2835941,61925,8346727,14388026,2989368,34510120
2020-07-31,,,1761,62,5168,104888,31890,227391,191388,3206,556189,2842893,60066,8357356,14579414,2992575,35066308
2020-08-01,,,1775,60,5216,106663,31951,232607,191239,3110,554727,2848734,58262,8363584,14770653,2995685,35621035
2020-08-02,,,1787,58,5262,108450,32010,237868,191010,3016,553380,2853449,56513,8365742,14961663,2998702,36174415
2020-08-03,,,1800,57,5305,110250,32067,243173,190703,2925,552132,2857026,54819,8364293,15152367,3001628,36726547
2020-08-04,,,1812,55,5346,112062,32123,248519,190318,2837,550810,2859454,53174,8359445,15342685,3004465,37277356
