date,actual_deaths,total_deaths,predicted_deaths_mean,predicted_deaths_lower,predicted_deaths_upper,predicted_total_deaths_mean,predicted_total_deaths_lower,predicted_total_deaths_upper
2020-02-26,,,,,,,,
2020-02-27,,,,,,,,
2020-02-28,,,,,,,,
2020-02-29,,,,,,,,
2020-03-01,,,,,,,,
2020-03-02,,,,,,,,
2020-03-03,,,,,,,,
2020-03-04,,,,,,,,
2020-03-05,,,,,,,,
2020-03-06,,,,,,,,
2020-03-07,,,,,,,,
2020-03-08,,,,,,,,
2020-03-09,,,,,,,,
2020-03-10,,,,,,,,
2020-03-11,,,,,,,,
2020-03-12,,,,,,,,
2020-03-13,,,,,,,,
2020-03-14,,,,,,,,
2020-03-15,,,,,,,,
2020-03-16,,,,,,,,
2020-03-17,,,,,,,,
2020-03-18,,,,,,,,
2020-03-19,,,,,,,,
2020-03-20,,,,,,,,
2020-03-21,1,1,,,,,,
2020-03-22,1,2,,,,,,
2020-03-23,0,2,,,,,,
2020-03-24,3,5,,,,,,
2020-03-25,1,6,,,,,,
2020-03-26,2,8,,,,,,
2020-03-27,5,13,,,,,,
2020-03-28,2,15,,,,,,
2020-03-29,2,17,,,,,,
2020-03-30,3,20,,,,,,
2020-03-31,4,24,,,,,,
2020-04-01,5,29,,,,,,
2020-04-02,3,32,,,,,,
2020-04-03,9,41,,,,,,
2020-04-04,11,52,,,,,,
2020-04-05,12,64,,,,,,
2020-04-06,1,65,,,,,,
2020-04-07,8,73,,,,,,
2020-04-08,7,80,,,,,,
2020-04-09,9,89,,,,,,
2020-04-10,8,97,,,,,,
2020-04-11,11,108,,,,,,
2020-04-12,7,115,,,,,,
2020-04-13,7,122,,,,,,
2020-04-14,9,131,,,,,,
2020-04-15,11,142,,,,,,
2020-04-16,,,9,7,11,151,149,153
2020-04-17,,,9,7,11,160,156,164
2020-04-18,,,9,6,11,168,162,175
2020-04-19,,,9,6,11,177,168,187
2020-04-20,,,9,6,12,186,174,198
2020-04-21,,,8,6,12,194,179,210
2020-04-22,,,8,5,12,202,184,222
2020-04-23,,,8,5,12,211,189,234
2020-04-24,,,8,5,12,219,194,246
2020-04-25,,,8,5,12,227,199,258
2020-04-26,,,8,4,12,235,203,270
2020-04-27,,,8,4,12,243,207,282
2020-04-28,,,8,4,12,251,211,295
2020-04-29,,,8,4,13,258,215,307
2020-04-30,,,8,4,13,266,219,320
2020-05-01,,,8,4,13,274,222,333
2020-05-02,,,7,3,13,281,226,345
2020-05-03,,,7,3,13,289,229,358
2020-05-04,,,7,3,13,296,232,371
2020-05-05,,,7,3,13,303,235,384
2020-05-06,,,7,3,13,310,238,397
2020-05-07,,,7,3,13,317,241,410
2020-05-08,,,7,3,13,325,244,424
2020-05-09,,,7,3,13,331,247,437
2020-05-10,,,7,3,13,338,249,450
2020-05-11,,,7,3,13,345,252,463
2020-05-12,,,7,2,13,352,254,477
2020-05-13,,,7,2,13,359,257,490
2020-05-14,,,7,2,13,365,259,503
2020-05-15,,,7,2,13,372,261,516
2020-05-16,,,6,2,13,378,264,530
2020-05-17,,,6,2,13,385,266,543
2020-05-18,,,6,2,13,391,268,556
2020-05-19,,,6,2,13,397,270,570
2020-05-20,,,6,2,13,404,272,583
2020-05-21,,,6,2,13,410,274,596
2020-05-22,,,6,2,13,416,276,610
2020-05-23,,,6,2,13,422,278,623
2020-05-24,,,6,2,13,428,280,636
2020-05-25,,,6,2,13,434,282,649
2020-05-26,,,6,2,13,440,284,662
2020-05-27,,,6,2,13,445,285,676
2020-05-28,,,6,2,13,451,287,689
2020-05-29,,,6,2,13,457,289,702
2020-05-30,,,6,2,13,462,290,715
2020-05-31,,,5,2,13,468,292,728
2020-06-01,,,5,2,13,473,294,740
2020-06-02,,,5,2,13,478,295,753
2020-06-03,,,5,2,13,484,297,766
2020-06-04,,,5,2,13,489,298,778
2020-06-05,,,5,1,13,494,300,791
2020-06-06,,,5,1,12,499,301,804
2020-06-07,,,5,1,12,504,303,816
2020-06-08,,,5,1,12,509,304,828
2020-06-09,,,5,1,12,514,305,841
2020-06-10,,,5,1,12,519,307,853
2020-06-11,,,5,1,12,523,308,865
2020-06-12,,,5,1,12,528,309,877
2020-06-13,,,5,1,12,533,311,889
2020-06-14,,,5,1,12,537,312,900
2020-06-15,,,4,1,12,542,313,912
2020-06-16,,,4,1,12,546,314,924
2020-06-17,,,4,1,11,550,315,935
2020-06-18,,,4,1,11,554,316,947
2020-06-19,,,4,1,11,559,317,958
2020-06-20,,,4,1,11,563,318,969
2020-06-21,,,4,1,11,567,320,980
2020-06-22,,,4,1,11,571,321,992
2020-06-23,,,4,1,11,576,322,1003
2020-06-24,,,4,1,12,580,323,1015
2020-06-25,,,4,1,12,585,325,1026
2020-06-26,,,5,1,12,589,326,1038
2020-06-27,,,5,1,12,594,327,1050
2020-06-28,,,5,1,12,599,328,1062
2020-06-29,,,5,1,12,603,330,1074
2020-06-30,,,5,1,12,608,331,1086
2020-07-01,,,5,1,13,613,332,1098
2020-07-02,,,5,1,13,618,333,1112
2020-07-03,,,5,1,14,623,334,1125
2020-07-04,,,5,1,14,629,336,1139
2020-07-05,,,5,1,15,634,337,1154
2020-07-06,,,5,1,15,640,338,1169
2020-07-07,,,6,1,16,645,339,1185
2020-07-08,,,6,1,17,651,340,1202
2020-07-09,,,6,1,17,656,341,1219
2020-07-10,,,6,1,18,662,342,1237
2020-07-11,,,6,1,19,668,343,1255
2020-07-12,,,6,1,19,674,344,1274
2020-07-13,,,6,1,20,680,345,1294
2020-07-14,,,6,1,21,687,346,1315
2020-07-15,,,6,1,21,693,347,1337
2020-07-16,,,7,1,22,700,348,1359
2020-07-17,,,7,1,23,706,349,1382
2020-07-18,,,7,1,24,713,349,1406
2020-07-19,,,7,1,25,720,350,1431
2020-07-20,,,7,1,26,727,351,1457
2020-07-21,,,7,1,27,734,352,1483
2020-07-22,,,7,1,28,742,352,1511
2020-07-23,,,8,1,29,750,353,1540
2020-07-24,,,8,1,30,757,353,1570
2020-07-25,,,8,1,31,765,354,1601
2020-07-26,,,8,1,32,774,355,1633
2020-07-27,,,8,1,33,782,355,1667
2020-07-28,,,9,0,35,791,356,1701
2020-07-29,,,9,0,36,799,356,1737
2020-07-30,,,9,0,37,808,357,1774
2020-07-31,,,9,0,39,818,357,1813
2020-08-01,,,10,0,40,827,357,1853
2020-08-02,,,10,0,42,837,358,1895
2020-08-03,,,10,0,43,847,358,1938
2020-08-04,,,10,0,45,858,359,1983
