date,actual_deaths,total_deaths,predicted_deaths_mean,predicted_deaths_lower,predicted_deaths_upper,predicted_total_deaths_mean,predicted_total_deaths_lower,predicted_total_deaths_upper
2020-02-12,,,,,,,,
2020-02-13,,,,,,,,
2020-02-14,,,,,,,,
2020-02-15,,,,,,,,
2020-02-16,,,,,,,,
2020-02-17,,,,,,,,
2020-02-18,,,,,,,,
2020-02-19,,,,,,,,
2020-02-20,,,,,,,,
2020-02-21,,,,,,,,
2020-02-22,,,,,,,,
2020-02-23,,,,,,,,
2020-02-24,,,,,,,,
2020-02-25,,,,,,,,
2020-02-26,,,,,,,,
2020-02-27,,,,,,,,
2020-02-28,,,,,,,,
2020-02-29,,,,,,,,
2020-03-01,,,,,,,,
2020-03-02,,,,,,,,
2020-03-03,,,,,,,,
2020-03-04,,,,,,,,
2020-03-05,,,,,,,,
2020-03-06,,,,,,,,
2020-03-07,,,,,,,,
2020-03-08,2,2,,,,,,
2020-03-09,0,2,,,,,,
2020-03-10,0,2,,,,,,
2020-03-11,0,2,,,,,,
2020-03-12,0,2,,,,,,
2020-03-13,0,2,,,,,,
2020-03-14,1,3,,,,,,
2020-03-15,1,4,,,,,,
2020-03-16,1,5,,,,,,
2020-03-17,1,6,,,,,,
2020-03-18,1,7,,,,,,
2020-03-19,2,9,,,,,,
2020-03-20,1,10,,,,,,
2020-03-21,3,13,,,,,,
2020-03-22,0,13,,,,,,
2020-03-23,5,18,,,,,,
2020-03-24,0,18,,,,,,
2020-03-25,5,23,,,,,,
2020-03-26,6,29,,,,,,
2020-03-27,6,35,,,,,,
2020-03-28,19,54,,,,,,
2020-03-29,2,56,,,,,,
2020-03-30,7,63,,,,,,
2020-03-31,22,85,,,,,,
2020-04-01,2,87,,,,,,
2020-04-02,77,164,,,,,,
2020-04-03,6,170,,,,,,
2020-04-04,25,195,,,,,,
2020-04-05,26,221,,,,,,
2020-04-06,15,236,,,,,,
2020-04-07,47,283,,,,,,
2020-04-08,26,309,,,,,,
2020-04-09,45,354,,,,,,
2020-04-10,36,390,,,,,,
2020-04-11,48,438,,,,,,
2020-04-12,23,461,,,,,,
2020-04-13,38,499,,,,,,
2020-04-14,72,571,,,,,,
2020-04-15,25,596,,,,,,
2020-04-16,,,47,30,64,643,626,660
2020-04-17,,,46,29,64,689,654,724
2020-04-18,,,45,28,63,735,682,786
2020-04-19,,,44,26,62,779,708,848
2020-04-20,,,43,24,60,822,732,908
2020-04-21,,,42,22,59,864,754,967
2020-04-22,,,40,21,57,905,775,1023
2020-04-23,,,39,19,56,944,794,1080
2020-04-24,,,38,17,56,981,811,1136
2020-04-25,,,36,16,55,1018,827,1191
2020-04-26,,,35,15,55,1053,842,1246
2020-04-27,,,34,14,54,1087,856,1299
2020-04-28,,,33,12,53,1120,868,1352
2020-04-29,,,32,11,52,1151,880,1404
2020-04-30,,,31,10,51,1182,890,1455
2020-05-01,,,30,9,50,1211,899,1505
2020-05-02,,,29,9,49,1240,908,1554
2020-05-03,,,28,8,48,1268,916,1602
2020-05-04,,,27,7,48,1294,923,1650
2020-05-05,,,26,7,47,1320,930,1696
2020-05-06,,,25,6,46,1345,936,1742
2020-05-07,,,24,6,45,1369,942,1787
2020-05-08,,,23,5,44,1393,947,1831
2020-05-09,,,23,5,43,1415,952,1874
2020-05-10,,,22,5,43,1438,957,1917
2020-05-11,,,21,4,42,1459,961,1959
2020-05-12,,,21,4,41,1480,965,2000
2020-05-13,,,20,4,40,1500,969,2040
2020-05-14,,,20,3,40,1520,972,2080
2020-05-15,,,19,3,39,1539,975,2119
2020-05-16,,,19,3,38,1557,978,2157
2020-05-17,,,18,3,38,1575,981,2195
2020-05-18,,,18,3,37,1593,984,2232
2020-05-19,,,17,2,36,1610,986,2268
2020-05-20,,,17,2,36,1627,988,2304
2020-05-21,,,16,2,35,1643,990,2339
2020-05-22,,,16,2,35,1659,992,2373
2020-05-23,,,15,2,34,1674,994,2407
2020-05-24,,,15,2,33,1689,996,2441
2020-05-25,,,15,2,33,1704,998,2474
2020-05-26,,,14,2,33,1718,999,2506
2020-05-27,,,14,1,32,1732,1001,2538
2020-05-28,,,14,1,31,1745,1002,2570
2020-05-29,,,13,1,31,1759,1003,2601
2020-05-30,,,13,1,30,1772,1005,2631
2020-05-31,,,13,1,30,1784,1006,2661
2020-06-01,,,12,1,29,1796,1007,2690
2020-06-02,,,12,1,29,1809,1008,2719
2020-06-03,,,12,1,28,1820,1009,2747
2020-06-04,,,11,1,28,1832,1010,2775
2020-06-05,,,11,1,28,1843,1011,2803
2020-06-06,,,11,1,27,1854,1012,2830
2020-06-07,,,11,1,27,1865,1013,2857
2020-06-08,,,10,1,26,1875,1014,2883
2020-06-09,,,10,1,26,1885,1015,2909
2020-06-10,,,10,1,25,1895,1016,2934
2020-06-11,,,10,1,25,1905,1017,2959
2020-06-12,,,10,1,24,1915,1018,2983
2020-06-13,,,9,1,24,1924,1018,3007
2020-06-14,,,9,1,23,1933,1019,3031
2020-06-15,,,9,1,23,1942,1020,3054
2020-06-16,,,9,1,23,1951,1020,3076
2020-06-17,,,9,1,22,1959,1021,3099
2020-06-18,,,8,1,22,1968,1022,3121
2020-06-19,,,8,1,22,1976,1022,3142
2020-06-20,,,8,1,22,1984,1023,3164
2020-06-21,,,8,1,22,1992,1024,3186
2020-06-22,,,8,1,22,2000,1024,3208
2020-06-23,,,8,1,23,2009,1025,3230
2020-06-24,,,8,1,23,2017,1026,3253
2020-06-25,,,9,1,24,2026,1027,3277
2020-06-26,,,9,1,25,2035,1027,3302
2020-06-27,,,9,1,26,2044,1028,3327
2020-06-28,,,9,1,27,2053,1029,3354
2020-06-29,,,9,1,28,2062,1030,3382
2020-06-30,,,9,1,29,2071,1030,3410
2020-07-01,,,10,1,30,2081,1031,3440
2020-07-02,,,10,1,31,2091,1032,3471
2020-07-03,,,10,1,32,2101,1032,3503
2020-07-04,,,10,1,33,2111,1033,3537
2020-07-05,,,10,1,35,2121,1034,3571
2020-07-06,,,11,1,36,2132,1034,3607
2020-07-07,,,11,1,37,2143,1035,3644
2020-07-08,,,11,1,39,2154,1036,3683
2020-07-09,,,11,1,40,2165,1036,3723
2020-07-10,,,12,1,42,2177,1037,3765
2020-07-11,,,12,1,43,2189,1037,3808
2020-07-12,,,12,1,45,2201,1038,3853
2020-07-13,,,13,1,47,2214,1038,3899
2020-07-14,,,13,0,48,2227,1039,3948
2020-07-15,,,13,0,50,2240,1039,3998
2020-07-16,,,14,0,52,2254,1040,4050
2020-07-17,,,14,0,54,2267,1040,4103
2020-07-18,,,14,0,56,2282,1041,4159
2020-07-19,,,15,0,58,2297,1041,4217
2020-07-20,,,15,0,60,2312,1041,4277
2020-07-21,,,16,0,62,2327,1042,4340
2020-07-22,,,16,0,65,2343,1042,4405
2020-07-23,,,16,0,67,2360,1042,4472
2020-07-24,,,17,0,70,2377,1043,4541
2020-07-25,,,17,0,72,2394,1043,4614
2020-07-26,,,18,0,75,2412,1043,4689
2020-07-27,,,19,0,78,2431,1044,4766
2020-07-28,,,19,0,81,2450,1044,4847
2020-07-29,,,20,0,84,2470,1044,4931
2020-07-30,,,20,0,87,2490,1044,5018
2020-07-31,,,21,0,90,2511,1045,5108
2020-08-01,,,22,0,93,2533,1045,5201
2020-08-02,,,22,0,97,2555,1045,5298
2020-08-03,,,23,0,101,2578,1045,5399
2020-08-04,,,24,0,104,2602,1045,5503
