date,actual_deaths,total_deaths,predicted_deaths_mean,predicted_deaths_lower,predicted_deaths_upper,predicted_total_deaths_mean,predicted_total_deaths_lower,predicted_total_deaths_upper
2020-02-18,,,,,,,,
2020-02-19,,,,,,,,
2020-02-20,,,,,,,,
2020-02-21,,,,,,,,
2020-02-22,,,,,,,,
2020-02-23,,,,,,,,
2020-02-24,,,,,,,,
2020-02-25,,,,,,,,
2020-02-26,,,,,,,,
2020-02-27,,,,,,,,
2020-02-28,,,,,,,,
2020-02-29,,,,,,,,
2020-03-01,,,,,,,,
2020-03-02,,,,,,,,
2020-03-03,,,,,,,,
2020-03-04,,,,,,,,
2020-03-05,,,,,,,,
2020-03-06,,,,,,,,
2020-03-07,,,,,,,,
2020-03-08,,,,,,,,
2020-03-09,,,,,,,,
2020-03-10,,,,,,,,
2020-03-11,,,,,,,,
2020-03-12,,,,,,,,
2020-03-13,1,1,,,,,,
2020-03-14,0,1,,,,,,
2020-03-15,0,1,,,,,,
2020-03-16,0,1,,,,,,
2020-03-17,0,1,,,,,,
2020-03-18,0,1,,,,,,
2020-03-19,0,1,,,,,,
2020-03-20,0,1,,,,,,
2020-03-21,1,2,,,,,,
2020-03-22,0,2,,,,,,
2020-03-23,0,2,,,,,,
2020-03-24,0,2,,,,,,
2020-03-25,1,3,,,,,,
2020-03-26,0,3,,,,,,
2020-03-27,1,4,,,,,,
2020-03-28,0,4,,,,,,
2020-03-29,3,7,,,,,,
2020-03-30,1,8,,,,,,
2020-03-31,1,9,,,,,,
2020-04-01,1,10,,,,,,
2020-04-02,2,12,,,,,,
2020-04-03,6,18,,,,,,
2020-04-04,3,21,,,,,,
2020-04-05,1,22,,,,,,
2020-04-06,3,25,,,,,,
2020-04-07,4,29,,,,,,
2020-04-08,5,34,,,,,,
2020-04-09,8,42,,,,,,
2020-04-10,0,42,,,,,,
2020-04-11,13,55,,,,,,
2020-04-12,1,56,,,,,,
2020-04-13,6,62,,,,,,
2020-04-14,7,69,,,,,,
2020-04-15,2,71,,,,,,
2020-04-16,,,4,2,7,75,73,78
2020-04-17,,,4,2,7,79,76,84
2020-04-18,,,4,2,6,83,78,91
2020-04-19,,,4,2,6,87,80,97
2020-04-20,,,4,2,6,91,82,103
2020-04-21,,,4,2,6,94,83,109
2020-04-22,,,3,2,6,97,85,115
2020-04-23,,,3,2,6,101,87,121
2020-04-24,,,3,1,6,104,88,127
2020-04-25,,,3,1,6,107,90,132
2020-04-26,,,3,1,5,110,91,138
2020-04-27,,,3,1,5,113,92,143
2020-04-28,,,3,1,5,115,93,148
2020-04-29,,,3,1,5,118,94,153
2020-04-30,,,3,1,5,121,95,158
2020-05-01,,,2,1,5,123,96,163
2020-05-02,,,2,1,5,126,97,168
2020-05-03,,,2,1,5,128,98,173
2020-05-04,,,2,1,5,130,99,177
2020-05-05,,,2,1,5,132,100,182
2020-05-06,,,2,1,5,134,101,186
2020-05-07,,,2,1,5,137,102,191
2020-05-08,,,2,1,5,139,102,196
2020-05-09,,,2,1,4,140,103,200
2020-05-10,,,2,1,4,142,104,204
2020-05-11,,,2,1,4,144,104,209
2020-05-12,,,2,1,4,146,105,213
2020-05-13,,,2,1,4,148,106,217
2020-05-14,,,2,1,4,150,106,221
2020-05-15,,,2,1,4,151,107,226
2020-05-16,,,2,1,4,153,108,230
2020-05-17,,,2,1,4,155,108,233
2020-05-18,,,2,1,4,156,109,237
2020-05-19,,,2,1,4,158,109,241
2020-05-20,,,2,1,4,159,110,245
2020-05-21,,,1,1,4,161,110,248
2020-05-22,,,1,1,4,162,111,252
2020-05-23,,,1,1,3,164,111,255
2020-05-24,,,1,1,3,165,112,258
2020-05-25,,,1,0,3,167,112,262
2020-05-26,,,1,0,3,168,113,265
2020-05-27,,,1,0,3,169,113,268
2020-05-28,,,1,0,3,170,114,271
2020-05-29,,,1,0,3,172,114,274
2020-05-30,,,1,0,3,173,115,278
2020-05-31,,,1,0,3,174,115,281
2020-06-01,,,1,0,3,175,116,283
2020-06-02,,,1,0,3,177,116,286
2020-06-03,,,1,0,3,178,116,289
2020-06-04,,,1,0,3,179,117,292
2020-06-05,,,1,0,3,180,117,295
2020-06-06,,,1,0,3,181,118,297
2020-06-07,,,1,0,3,182,118,300
2020-06-08,,,1,0,3,183,118,303
2020-06-09,,,1,0,3,184,119,305
2020-06-10,,,1,0,2,185,119,308
2020-06-11,,,1,0,2,186,119,310
2020-06-12,,,1,0,2,187,120,312
2020-06-13,,,1,0,2,188,120,315
2020-06-14,,,1,0,2,189,120,317
2020-06-15,,,1,0,2,190,121,319
2020-06-16,,,1,0,2,191,121,321
2020-06-17,,,1,0,2,191,121,324
2020-06-18,,,1,0,2,192,122,326
2020-06-19,,,1,0,2,193,122,328
2020-06-20,,,1,0,2,194,122,330
2020-06-21,,,1,0,2,195,122,332
2020-06-22,,,1,0,2,195,123,334
2020-06-23,,,1,0,2,196,123,336
2020-06-24,,,1,0,2,197,123,338
2020-06-25,,,1,0,2,198,123,340
2020-06-26,,,1,0,2,198,124,342
2020-06-27,,,1,0,2,199,124,344
2020-06-28,,,1,0,2,200,124,345
2020-06-29,,,1,0,2,200,124,347
2020-06-30,,,1,0,2,201,125,349
2020-07-01,,,1,0,2,202,125,351
2020-07-02,,,1,0,2,202,125,353
2020-07-03,,,1,0,2,203,125,355
2020-07-04,,,1,0,2,204,125,357
2020-07-05,,,1,0,2,204,125,359
2020-07-06,,,1,0,2,205,126,361
2020-07-07,,,1,0,2,206,126,363
2020-07-08,,,1,0,2,206,126,365
2020-07-09,,,1,0,2,207,126,367
2020-07-10,,,1,0,2,207,126,369
2020-07-11,,,1,0,2,208,126,371
2020-07-12,,,1,0,2,208,126,373
2020-07-13,,,1,0,2,209,127,375
2020-07-14,,,1,0,2,210,127,377
2020-07-15,,,1,0,2,210,127,379
2020-07-16,,,1,0,2,211,127,381
2020-07-17,,,1,0,2,211,127,383
2020-07-18,,,0,0,2,212,127,385
2020-07-19,,,0,0,2,212,127,387
2020-07-20,,,0,0,2,213,127,389
2020-07-21,,,0,0,2,213,127,391
2020-07-22,,,0,0,2,213,127,393
2020-07-23,,,0,0,2,214,127,395
2020-07-24,,,0,0,2,214,127,397
2020-07-25,,,0,0,2,215,127,399
2020-07-26,,,0,0,2,215,127,401
2020-07-27,,,0,0,2,216,127,403
2020-07-28,,,0,0,2,216,127,405
2020-07-29,,,0,0,2,217,127,407
2020-07-30,,,0,0,2,217,127,409
2020-07-31,,,0,0,2,217,127,411
2020-08-01,,,0,0,2,218,127,413
2020-08-02,,,0,0,2,218,127,415
2020-08-03,,,0,0,2,219,127,417
2020-08-04,,,0,0,2,219,127,419
