date,actual_deaths,total_deaths,predicted_deaths_mean,predicted_deaths_lower,predicted_deaths_upper,predicted_total_deaths_mean,predicted_total_deaths_lower,predicted_total_deaths_upper
2020-02-24,,,,,,,,
2020-02-25,,,,,,,,
2020-02-26,,,,,,,,
2020-02-27,,,,,,,,
2020-02-28,,,,,,,,
2020-02-29,,,,,,,,
2020-03-01,,,,,,,,
2020-03-02,,,,,,,,
2020-03-03,,,,,,,,
2020-03-04,,,,,,,,
2020-03-05,,,,,,,,
2020-03-06,,,,,,,,
2020-03-07,,,,,,,,
2020-03-08,,,,,,,,
2020-03-09,,,,,,,,
2020-03-10,,,,,,,,
2020-03-11,,,,,,,,
2020-03-12,,,,,,,,
2020-03-13,,,,,,,,
2020-03-14,,,,,,,,
2020-03-15,,,,,,,,
2020-03-16,,,,,,,,
2020-03-17,,,,,,,,
2020-03-18,,,,,,,,
2020-03-19,1,1,,,,,,
2020-03-20,1,2,,,,,,
2020-03-21,1,3,,,,,,
2020-03-22,0,3,,,,,,
2020-03-23,1,4,,,,,,
2020-03-24,3,7,,,,,,
2020-03-25,1,8,,,,,,
2020-03-26,1,9,,,,,,
2020-03-27,0,9,,,,,,
2020-03-28,1,10,,,,,,
2020-03-29,3,13,,,,,,
2020-03-30,0,13,,,,,,
2020-03-31,2,15,,,,,,
2020-04-01,3,18,,,,,,
2020-04-02,4,22,,,,,,
2020-04-03,3,25,,,,,,
2020-04-04,8,33,,,,,,
2020-04-05,11,44,,,,,,
2020-04-06,3,47,,,,,,
2020-04-07,18,65,,,,,,
2020-04-08,21,86,,,,,,
2020-04-09,7,93,,,,,,
2020-04-10,6,99,,,,,,
2020-04-11,17,116,,,,,,
2020-04-12,2,118,,,,,,
2020-04-13,5,123,,,,,,
2020-04-14,26,149,,,,,,
2020-04-15,4,153,,,,,,
2020-04-16,,,11,8,16,164,161,169
2020-04-17,,,11,8,16,176,168,184
2020-04-18,,,11,7,16,187,175,200
2020-04-19,,,11,7,16,197,182,216
2020-04-20,,,10,6,16,208,188,232
2020-04-21,,,10,6,16,218,194,248
2020-04-22,,,10,5,16,228,199,264
2020-04-23,,,10,5,16,237,204,280
2020-04-24,,,9,5,16,247,209,296
2020-04-25,,,9,4,16,256,213,311
2020-04-26,,,9,4,16,264,217,327
2020-04-27,,,8,4,15,273,221,342
2020-04-28,,,8,3,15,281,225,358
2020-04-29,,,8,3,15,289,228,373
2020-04-30,,,8,3,15,297,231,388
2020-05-01,,,7,3,15,304,234,403
2020-05-02,,,7,3,15,311,236,418
2020-05-03,,,7,2,15,318,239,432
2020-05-04,,,7,2,15,325,241,447
2020-05-05,,,7,2,15,332,243,462
2020-05-06,,,6,2,15,338,245,476
2020-05-07,,,6,2,14,345,247,491
2020-05-08,,,6,2,14,351,249,505
2020-05-09,,,6,2,14,357,251,519
2020-05-10,,,6,2,14,363,252,533
2020-05-11,,,6,2,14,369,254,547
2020-05-12,,,6,1,14,374,255,561
2020-05-13,,,5,1,14,380,257,575
2020-05-14,,,5,1,14,385,258,589
2020-05-15,,,5,1,14,390,259,602
2020-05-16,,,5,1,14,395,260,616
2020-05-17,,,5,1,14,400,262,630
2020-05-18,,,5,1,13,405,263,643
2020-05-19,,,5,1,13,410,264,656
2020-05-20,,,5,1,13,415,265,670
2020-05-21,,,5,1,13,419,266,683
2020-05-22,,,5,1,13,424,267,696
2020-05-23,,,4,1,13,428,268,709
2020-05-24,,,4,1,13,433,268,722
2020-05-25,,,4,1,13,437,269,735
2020-05-26,,,4,1,13,441,270,748
2020-05-27,,,4,1,13,445,271,761
2020-05-28,,,4,1,13,449,272,773
2020-05-29,,,4,1,13,453,272,786
2020-05-30,,,4,1,12,457,273,798
2020-05-31,,,4,1,12,461,274,811
2020-06-01,,,4,1,12,465,275,823
2020-06-02,,,4,1,12,469,275,836
2020-06-03,,,4,1,12,472,276,848
2020-06-04,,,4,1,12,476,276,860
2020-06-05,,,4,1,12,479,277,872
2020-06-06,,,3,1,12,483,278,884
2020-06-07,,,3,1,12,486,278,896
2020-06-08,,,3,1,12,490,279,908
2020-06-09,,,3,1,12,493,279,920
2020-06-10,,,3,1,12,496,280,932
2020-06-11,,,3,1,12,499,280,944
2020-06-12,,,3,1,12,502,281,956
2020-06-13,,,3,0,12,506,281,967
2020-06-14,,,3,0,12,509,282,979
2020-06-15,,,3,0,12,512,282,990
2020-06-16,,,3,0,11,515,283,1002
2020-06-17,,,3,0,11,517,283,1013
2020-06-18,,,3,0,11,520,284,1025
2020-06-19,,,3,0,11,523,284,1036
2020-06-20,,,3,0,11,526,285,1047
2020-06-21,,,3,0,11,529,285,1059
2020-06-22,,,3,0,12,532,285,1070
2020-06-23,,,3,0,12,535,286,1082
2020-06-24,,,3,0,12,537,286,1094
2020-06-25,,,3,0,12,540,287,1106
2020-06-26,,,3,0,12,543,287,1118
2020-06-27,,,3,0,12,546,288,1130
2020-06-28,,,3,0,13,549,288,1143
2020-06-29,,,3,0,13,552,288,1156
2020-06-30,,,3,0,13,556,289,1170
2020-07-01,,,3,0,14,559,289,1183
2020-07-02,,,3,0,14,562,290,1198
2020-07-03,,,3,0,15,565,290,1213
2020-07-04,,,3,0,15,568,290,1228
2020-07-05,,,3,0,16,572,291,1244
2020-07-06,,,3,0,16,575,291,1260
2020-07-07,,,3,0,17,579,292,1277
2020-07-08,,,4,0,18,582,292,1295
2020-07-09,,,4,0,18,586,292,1313
2020-07-10,,,4,0,19,589,293,1332
2020-07-11,,,4,0,20,593,293,1351
2020-07-12,,,4,0,20,597,293,1372
2020-07-13,,,4,0,21,601,294,1393
2020-07-14,,,4,0,22,605,294,1415
2020-07-15,,,4,0,23,609,294,1437
2020-07-16,,,4,0,24,613,295,1461
2020-07-17,,,4,0,24,617,295,1485
2020-07-18,,,4,0,25,621,295,1511
2020-07-19,,,4,0,26,625,295,1537
2020-07-20,,,4,0,27,630,296,1564
2020-07-21,,,5,0,28,634,296,1593
2020-07-22,,,5,0,29,639,296,1622
2020-07-23,,,5,0,30,644,296,1653
2020-07-24,,,5,0,32,649,296,1684
2020-07-25,,,5,0,33,654,297,1717
2020-07-26,,,5,0,34,659,297,1751
2020-07-27,,,5,0,35,664,297,1786
2020-07-28,,,5,0,37,669,297,1823
2020-07-29,,,6,0,38,675,297,1861
2020-07-30,,,6,0,39,681,297,1900
2020-07-31,,,6,0,41,686,298,1941
2020-08-01,,,6,0,42,692,298,1984
2020-08-02,,,6,0,44,699,298,2028
2020-08-03,,,6,0,46,705,298,2073
2020-08-04,,,7,0,47,711,298,2121
