date,actual_deaths,total_deaths,predicted_deaths_mean,predicted_deaths_lower,predicted_deaths_upper,predicted_total_deaths_mean,predicted_total_deaths_lower,predicted_total_deaths_upper
2020-02-24,,,,,,,,
2020-02-25,,,,,,,,
2020-02-26,,,,,,,,
2020-02-27,,,,,,,,
2020-02-28,,,,,,,,
2020-02-29,,,,,,,,
2020-03-01,,,,,,,,
2020-03-02,,,,,,,,
2020-03-03,,,,,,,,
2020-03-04,,,,,,,,
2020-03-05,,,,,,,,
2020-03-06,,,,,,,,
2020-03-07,,,,,,,,
2020-03-08,,,,,,,,
2020-03-09,,,,,,,,
2020-03-10,,,,,,,,
2020-03-11,,,,,,,,
2020-03-12,,,,,,,,
2020-03-13,,,,,,,,
2020-03-14,,,,,,,,
2020-03-15,,,,,,,,
2020-03-16,,,,,,,,
2020-03-17,,,,,,,,
2020-03-18,,,,,,,,
2020-03-19,1,1,,,,,,
2020-03-20,0,1,,,,,,
2020-03-21,1,2,,,,,,
2020-03-22,1,3,,,,,,
2020-03-23,0,3,,,,,,
2020-03-24,1,4,,,,,,
2020-03-25,0,4,,,,,,
2020-03-26,0,4,,,,,,
2020-03-27,1,5,,,,,,
2020-03-28,0,5,,,,,,
2020-03-29,5,10,,,,,,
2020-03-30,5,15,,,,,,
2020-03-31,3,18,,,,,,
2020-04-01,13,31,,,,,,
2020-04-02,5,36,,,,,,
2020-04-03,7,43,,,,,,
2020-04-04,11,54,,,,,,
2020-04-05,13,67,,,,,,
2020-04-06,24,91,,,,,,
2020-04-07,12,103,,,,,,
2020-04-08,21,124,,,,,,
2020-04-09,14,138,,,,,,
2020-04-10,33,171,,,,,,
2020-04-11,35,206,,,,,,
2020-04-12,30,236,,,,,,
2020-04-13,26,262,,,,,,
2020-04-14,40,302,,,,,,
2020-04-15,9,311,,,,,,
2020-04-16,,,26,18,35,337,329,346
2020-04-17,,,26,18,36,363,347,382
2020-04-18,,,26,17,36,389,364,418
2020-04-19,,,25,16,37,414,380,454
2020-04-20,,,25,15,37,439,395,491
2020-04-21,,,24,14,37,463,408,528
2020-04-22,,,24,13,37,486,421,565
2020-04-23,,,23,12,37,509,434,602
2020-04-24,,,22,11,37,532,445,639
2020-04-25,,,22,11,37,553,456,675
2020-04-26,,,21,10,37,574,465,712
2020-04-27,,,20,9,36,595,475,748
2020-04-28,,,20,9,36,614,483,783
2020-04-29,,,19,8,35,634,491,819
2020-04-30,,,19,7,35,652,499,854
2020-05-01,,,18,7,35,671,506,889
2020-05-02,,,18,6,35,688,512,925
2020-05-03,,,17,6,35,705,518,959
2020-05-04,,,17,6,35,722,523,994
2020-05-05,,,16,5,34,738,529,1028
2020-05-06,,,16,5,34,754,533,1062
2020-05-07,,,15,5,34,770,538,1096
2020-05-08,,,15,4,34,785,542,1129
2020-05-09,,,15,4,33,800,546,1163
2020-05-10,,,14,4,33,814,550,1196
2020-05-11,,,14,4,33,828,554,1228
2020-05-12,,,14,3,32,842,557,1261
2020-05-13,,,13,3,32,855,560,1293
2020-05-14,,,13,3,32,868,563,1325
2020-05-15,,,13,3,32,881,566,1357
2020-05-16,,,13,3,32,894,568,1389
2020-05-17,,,12,3,32,906,571,1420
2020-05-18,,,12,2,31,918,573,1452
2020-05-19,,,12,2,31,930,576,1483
2020-05-20,,,12,2,31,942,578,1514
2020-05-21,,,11,2,31,953,580,1545
2020-05-22,,,11,2,31,964,582,1575
2020-05-23,,,11,2,30,975,584,1606
2020-05-24,,,11,2,30,986,586,1636
2020-05-25,,,11,2,30,997,588,1666
2020-05-26,,,10,2,30,1007,590,1696
2020-05-27,,,10,2,30,1017,591,1726
2020-05-28,,,10,2,30,1027,593,1756
2020-05-29,,,10,2,30,1037,594,1785
2020-05-30,,,10,2,30,1047,596,1815
2020-05-31,,,10,1,29,1056,597,1844
2020-06-01,,,9,1,29,1066,599,1874
2020-06-02,,,9,1,29,1075,600,1903
2020-06-03,,,9,1,29,1084,602,1932
2020-06-04,,,9,1,29,1093,603,1960
2020-06-05,,,9,1,29,1102,604,1989
2020-06-06,,,9,1,29,1110,605,2018
2020-06-07,,,8,1,28,1119,607,2046
2020-06-08,,,8,1,28,1127,608,2074
2020-06-09,,,8,1,28,1135,609,2102
2020-06-10,,,8,1,28,1144,610,2130
2020-06-11,,,8,1,28,1152,611,2158
2020-06-12,,,8,1,27,1159,612,2185
2020-06-13,,,8,1,27,1167,613,2212
2020-06-14,,,8,1,27,1175,614,2239
2020-06-15,,,7,1,27,1182,615,2266
2020-06-16,,,7,1,26,1190,616,2292
2020-06-17,,,7,1,26,1197,617,2318
2020-06-18,,,7,1,26,1204,618,2345
2020-06-19,,,7,1,26,1211,618,2371
2020-06-20,,,7,1,26,1218,619,2397
2020-06-21,,,7,1,26,1225,620,2423
2020-06-22,,,7,1,26,1232,621,2449
2020-06-23,,,7,1,26,1239,622,2475
2020-06-24,,,7,1,27,1246,623,2502
2020-06-25,,,7,1,27,1254,624,2529
2020-06-26,,,7,1,28,1261,625,2557
2020-06-27,,,7,1,29,1268,626,2586
2020-06-28,,,7,1,30,1276,626,2616
2020-06-29,,,8,1,31,1283,627,2647
2020-06-30,,,8,1,32,1291,628,2679
2020-07-01,,,8,1,33,1299,629,2712
2020-07-02,,,8,1,34,1307,630,2746
2020-07-03,,,8,1,36,1314,631,2781
2020-07-04,,,8,1,37,1322,631,2818
2020-07-05,,,8,1,38,1331,632,2856
2020-07-06,,,8,1,40,1339,633,2896
2020-07-07,,,8,1,41,1347,634,2937
2020-07-08,,,9,1,43,1356,635,2980
2020-07-09,,,9,1,44,1365,635,3024
2020-07-10,,,9,1,46,1373,636,3070
2020-07-11,,,9,1,48,1382,637,3118
2020-07-12,,,9,1,50,1392,637,3168
2020-07-13,,,9,1,51,1401,638,3219
2020-07-14,,,10,1,53,1411,639,3272
2020-07-15,,,10,1,55,1420,639,3328
2020-07-16,,,10,1,57,1430,640,3385
2020-07-17,,,10,1,60,1440,640,3445
2020-07-18,,,10,1,62,1451,641,3506
2020-07-19,,,11,1,64,1461,641,3570
2020-07-20,,,11,0,66,1472,642,3637
2020-07-21,,,11,0,69,1483,642,3706
2020-07-22,,,11,0,72,1494,643,3777
2020-07-23,,,12,0,74,1506,643,3852
2020-07-24,,,12,0,77,1518,644,3929
2020-07-25,,,12,0,80,1530,644,4008
2020-07-26,,,12,0,83,1542,644,4091
2020-07-27,,,13,0,86,1555,645,4177
2020-07-28,,,13,0,89,1568,645,4266
2020-07-29,,,14,0,93,1582,645,4359
2020-07-30,,,14,0,96,1596,646,4455
2020-07-31,,,14,0,100,1610,646,4555
2020-08-01,,,15,0,103,1625,646,4658
2020-08-02,,,15,0,107,1640,647,4765
2020-08-03,,,16,0,111,1655,647,4876
2020-08-04,,,16,0,115,1671,647,4992
