date,actual_deaths,total_deaths,predicted_deaths_mean,predicted_deaths_lower,predicted_deaths_upper,predicted_total_deaths_mean,predicted_total_deaths_lower,predicted_total_deaths_upper
2020-02-24,,,,,,,,
2020-02-25,,,,,,,,
2020-02-26,,,,,,,,
2020-02-27,,,,,,,,
2020-02-28,,,,,,,,
2020-02-29,,,,,,,,
2020-03-01,,,,,,,,
2020-03-02,,,,,,,,
2020-03-03,,,,,,,,
2020-03-04,,,,,,,,
2020-03-05,,,,,,,,
2020-03-06,,,,,,,,
2020-03-07,,,,,,,,
2020-03-08,,,,,,,,
2020-03-09,,,,,,,,
2020-03-10,,,,,,,,
2020-03-11,,,,,,,,
2020-03-12,,,,,,,,
2020-03-13,,,,,,,,
2020-03-14,,,,,,,,
2020-03-15,,,,,,,,
2020-03-16,,,,,,,,
2020-03-17,,,,,,,,
2020-03-18,,,,,,,,
2020-03-19,,,,,,,,
2020-03-20,2,2,,,,,,
2020-03-21,1,3,,,,,,
2020-03-22,0,3,,,,,,
2020-03-23,3,6,,,,,,
2020-03-24,2,8,,,,,,
2020-03-25,3,11,,,,,,
2020-03-26,4,15,,,,,,
2020-03-27,4,19,,,,,,
2020-03-28,6,25,,,,,,
2020-03-29,4,29,,,,,,
2020-03-30,11,40,,,,,,
2020-03-31,15,55,,,,,,
2020-04-01,10,65,,,,,,
2020-04-02,16,81,,,,,,
2020-04-03,10,91,,,,,,
2020-04-04,11,102,,,,,,
2020-04-05,17,119,,,,,,
2020-04-06,23,142,,,,,,
2020-04-07,25,167,,,,,,
2020-04-08,26,193,,,,,,
2020-04-09,20,213,,,,,,
2020-04-10,18,231,,,,,,
2020-04-11,16,247,,,,,,
2020-04-12,6,253,,,,,,
2020-04-13,21,274,,,,,,
2020-04-14,50,324,,,,,,
2020-04-15,38,362,,,,,,
2020-04-16,,,31,23,40,393,385,402
2020-04-17,,,31,23,41,423,408,443
2020-04-18,,,31,22,42,454,431,485
2020-04-19,,,31,22,43,485,452,529
2020-04-20,,,30,21,44,516,473,573
2020-04-21,,,30,20,44,546,493,617
2020-04-22,,,30,19,44,575,512,661
2020-04-23,,,29,18,45,604,530,706
2020-04-24,,,29,17,45,633,547,752
2020-04-25,,,28,16,45,661,563,797
2020-04-26,,,27,15,45,689,578,841
2020-04-27,,,27,14,44,715,592,885
2020-04-28,,,26,13,44,742,605,929
2020-04-29,,,26,12,43,767,618,972
2020-04-30,,,25,12,43,793,629,1015
2020-05-01,,,25,11,42,817,640,1057
2020-05-02,,,24,10,42,841,650,1100
2020-05-03,,,24,9,42,865,660,1142
2020-05-04,,,23,9,42,888,668,1184
2020-05-05,,,23,8,41,910,677,1225
2020-05-06,,,22,8,41,933,684,1266
2020-05-07,,,22,7,41,954,692,1307
2020-05-08,,,21,7,41,975,699,1348
2020-05-09,,,21,6,41,996,705,1389
2020-05-10,,,20,6,40,1017,711,1429
2020-05-11,,,20,6,40,1037,716,1468
2020-05-12,,,20,5,39,1056,722,1508
2020-05-13,,,19,5,39,1076,727,1547
2020-05-14,,,19,5,39,1095,731,1586
2020-05-15,,,19,4,39,1113,736,1625
2020-05-16,,,18,4,39,1132,740,1663
2020-05-17,,,18,4,39,1149,744,1702
2020-05-18,,,18,4,38,1167,748,1740
2020-05-19,,,17,4,38,1185,752,1778
2020-05-20,,,17,3,38,1202,755,1816
2020-05-21,,,17,3,38,1218,758,1854
2020-05-22,,,17,3,37,1235,761,1891
2020-05-23,,,16,3,37,1251,764,1928
2020-05-24,,,16,3,37,1267,767,1965
2020-05-25,,,16,3,36,1283,769,2001
2020-05-26,,,16,2,36,1299,772,2037
2020-05-27,,,15,2,36,1314,774,2073
2020-05-28,,,15,2,36,1329,777,2109
2020-05-29,,,15,2,36,1344,779,2144
2020-05-30,,,15,2,35,1359,781,2180
2020-05-31,,,14,2,35,1373,783,2215
2020-06-01,,,14,2,35,1387,784,2250
2020-06-02,,,14,2,35,1401,786,2285
2020-06-03,,,14,2,35,1415,788,2319
2020-06-04,,,14,2,35,1429,789,2354
2020-06-05,,,13,2,34,1442,791,2388
2020-06-06,,,13,1,34,1456,792,2422
2020-06-07,,,13,1,34,1469,794,2456
2020-06-08,,,13,1,34,1481,795,2490
2020-06-09,,,13,1,33,1494,796,2523
2020-06-10,,,13,1,33,1507,798,2556
2020-06-11,,,12,1,33,1519,799,2589
2020-06-12,,,12,1,33,1531,800,2622
2020-06-13,,,12,1,32,1543,801,2654
2020-06-14,,,12,1,32,1555,802,2686
2020-06-15,,,12,1,32,1567,803,2718
2020-06-16,,,12,1,32,1578,804,2750
2020-06-17,,,11,1,32,1590,805,2782
2020-06-18,,,11,1,31,1601,806,2813
2020-06-19,,,11,1,32,1612,807,2845
2020-06-20,,,11,1,31,1623,808,2876
2020-06-21,,,11,1,32,1634,809,2908
2020-06-22,,,11,1,32,1645,810,2940
2020-06-23,,,11,1,33,1657,811,2973
2020-06-24,,,11,1,33,1668,812,3006
2020-06-25,,,11,1,34,1679,813,3040
2020-06-26,,,11,1,36,1690,815,3076
2020-06-27,,,12,1,37,1702,816,3114
2020-06-28,,,12,1,39,1714,817,3152
2020-06-29,,,12,1,40,1725,818,3192
2020-06-30,,,12,1,41,1737,819,3234
2020-07-01,,,12,1,43,1749,820,3276
2020-07-02,,,12,1,45,1761,822,3321
2020-07-03,,,12,1,46,1774,823,3368
2020-07-04,,,13,1,48,1786,824,3416
2020-07-05,,,13,1,50,1799,825,3466
2020-07-06,,,13,1,52,1812,826,3518
2020-07-07,,,13,1,54,1825,827,3571
2020-07-08,,,13,1,56,1838,828,3627
2020-07-09,,,14,1,58,1852,829,3686
2020-07-10,,,14,1,60,1865,830,3746
2020-07-11,,,14,1,63,1879,831,3808
2020-07-12,,,14,1,65,1894,832,3873
2020-07-13,,,15,1,67,1908,833,3941
2020-07-14,,,15,1,70,1923,834,4011
2020-07-15,,,15,1,73,1938,834,4083
2020-07-16,,,15,1,75,1953,835,4158
2020-07-17,,,16,1,78,1969,836,4236
2020-07-18,,,16,1,81,1985,837,4317
2020-07-19,,,16,1,84,2002,837,4401
2020-07-20,,,17,1,87,2018,838,4488
2020-07-21,,,17,1,90,2036,839,4579
2020-07-22,,,18,1,94,2053,839,4673
2020-07-23,,,18,1,97,2071,840,4770
2020-07-24,,,18,1,101,2090,840,4871
2020-07-25,,,19,1,105,2109,841,4976
2020-07-26,,,19,0,109,2128,841,5084
2020-07-27,,,20,0,113,2148,842,5197
2020-07-28,,,20,0,117,2168,842,5314
2020-07-29,,,21,0,121,2189,843,5435
2020-07-30,,,22,0,126,2211,843,5561
2020-07-31,,,22,0,131,2233,843,5692
2020-08-01,,,23,0,135,2256,844,5827
2020-08-02,,,23,0,141,2279,844,5968
2020-08-03,,,24,0,146,2304,845,6113
2020-08-04,,,25,0,151,2328,845,6265
