date,actual_deaths,total_deaths,predicted_deaths_mean,predicted_deaths_lower,predicted_deaths_upper,predicted_total_deaths_mean,predicted_total_deaths_lower,predicted_total_deaths_upper
2020-02-24,,,,,,,,
2020-02-25,,,,,,,,
2020-02-26,,,,,,,,
2020-02-27,,,,,,,,
2020-02-28,,,,,,,,
2020-02-29,,,,,,,,
2020-03-01,,,,,,,,
2020-03-02,,,,,,,,
2020-03-03,,,,,,,,
2020-03-04,,,,,,,,
2020-03-05,,,,,,,,
2020-03-06,,,,,,,,
2020-03-07,,,,,,,,
2020-03-08,,,,,,,,
2020-03-09,,,,,,,,
2020-03-10,,,,,,,,
2020-03-11,,,,,,,,
2020-03-12,,,,,,,,
2020-03-13,,,,,,,,
2020-03-14,,,,,,,,
2020-03-15,,,,,,,,
2020-03-16,,,,,,,,
2020-03-17,,,,,,,,
2020-03-18,,,,,,,,
2020-03-19,1,1,,,,,,
2020-03-20,0,1,,,,,,
2020-03-21,0,1,,,,,,
2020-03-22,1,2,,,,,,
2020-03-23,0,2,,,,,,
2020-03-24,1,3,,,,,,
2020-03-25,2,5,,,,,,
2020-03-26,2,7,,,,,,
2020-03-27,1,8,,,,,,
2020-03-28,7,15,,,,,,
2020-03-29,1,16,,,,,,
2020-03-30,0,16,,,,,,
2020-03-31,7,23,,,,,,
2020-04-01,7,30,,,,,,
2020-04-02,4,34,,,,,,
2020-04-03,4,38,,,,,,
2020-04-04,4,42,,,,,,
2020-04-05,4,46,,,,,,
2020-04-06,5,51,,,,,,
2020-04-07,16,67,,,,,,
2020-04-08,12,79,,,,,,
2020-04-09,1,80,,,,,,
2020-04-10,8,88,,,,,,
2020-04-11,6,94,,,,,,
2020-04-12,2,96,,,,,,
2020-04-13,3,99,,,,,,
2020-04-14,9,108,,,,,,
2020-04-15,15,123,,,,,,
2020-04-16,,,9,7,12,132,130,135
2020-04-17,,,9,7,12,141,136,147
2020-04-18,,,9,6,13,150,143,160
2020-04-19,,,9,6,13,159,149,173
2020-04-20,,,9,6,13,168,154,185
2020-04-21,,,9,5,13,176,160,198
2020-04-22,,,8,5,13,185,165,211
2020-04-23,,,8,5,13,193,170,224
2020-04-24,,,8,5,13,201,174,237
2020-04-25,,,8,4,13,209,178,249
2020-04-26,,,8,4,13,217,183,262
2020-04-27,,,8,4,13,224,186,275
2020-04-28,,,7,4,13,232,190,288
2020-04-29,,,7,3,13,239,193,301
2020-04-30,,,7,3,13,246,197,313
2020-05-01,,,7,3,13,253,200,326
2020-05-02,,,7,3,13,260,202,338
2020-05-03,,,7,3,13,267,205,351
2020-05-04,,,7,3,13,273,208,364
2020-05-05,,,6,2,13,280,210,376
2020-05-06,,,6,2,12,286,212,389
2020-05-07,,,6,2,12,292,215,401
2020-05-08,,,6,2,12,298,217,413
2020-05-09,,,6,2,12,305,219,426
2020-05-10,,,6,2,12,310,221,438
2020-05-11,,,6,2,12,316,223,450
2020-05-12,,,6,2,12,322,224,462
2020-05-13,,,6,2,12,328,226,474
2020-05-14,,,6,2,12,333,228,487
2020-05-15,,,5,1,12,339,229,499
2020-05-16,,,5,1,12,344,230,511
2020-05-17,,,5,1,12,349,232,523
2020-05-18,,,5,1,12,354,233,535
2020-05-19,,,5,1,12,360,234,547
2020-05-20,,,5,1,12,365,236,559
2020-05-21,,,5,1,12,370,237,571
2020-05-22,,,5,1,12,375,238,583
2020-05-23,,,5,1,12,379,239,595
2020-05-24,,,5,1,12,384,240,607
2020-05-25,,,5,1,12,389,241,619
2020-05-26,,,5,1,12,394,242,631
2020-05-27,,,5,1,12,398,243,642
2020-05-28,,,5,1,12,403,243,654
2020-05-29,,,4,1,12,407,244,666
2020-05-30,,,4,1,12,412,245,678
2020-05-31,,,4,1,12,416,246,689
2020-06-01,,,4,1,12,420,247,701
2020-06-02,,,4,1,12,424,247,713
2020-06-03,,,4,1,12,429,248,724
2020-06-04,,,4,1,12,433,249,736
2020-06-05,,,4,1,11,437,249,747
2020-06-06,,,4,1,11,441,250,758
2020-06-07,,,4,1,11,445,251,770
2020-06-08,,,4,1,11,449,251,781
2020-06-09,,,4,1,11,453,252,792
2020-06-10,,,4,1,11,456,252,804
2020-06-11,,,4,1,11,460,253,815
2020-06-12,,,4,1,11,464,253,826
2020-06-13,,,4,1,11,468,254,837
2020-06-14,,,4,0,11,471,254,847
2020-06-15,,,4,0,11,475,255,858
2020-06-16,,,4,0,11,478,255,869
2020-06-17,,,3,0,11,482,256,880
2020-06-18,,,3,0,11,485,256,890
2020-06-19,,,3,0,11,488,257,901
2020-06-20,,,3,0,11,492,257,911
2020-06-21,,,3,0,11,495,258,922
2020-06-22,,,3,0,11,499,258,933
2020-06-23,,,3,0,11,502,259,943
2020-06-24,,,3,1,11,506,259,955
2020-06-25,,,3,1,11,509,260,966
2020-06-26,,,4,1,12,513,260,978
2020-06-27,,,4,1,12,516,261,990
2020-06-28,,,4,1,13,520,261,1003
2020-06-29,,,4,1,13,524,262,1017
2020-06-30,,,4,1,14,527,262,1030
2020-07-01,,,4,1,14,531,263,1045
2020-07-02,,,4,1,15,535,263,1060
2020-07-03,,,4,0,16,539,264,1075
2020-07-04,,,4,0,16,543,264,1091
2020-07-05,,,4,0,17,547,265,1108
2020-07-06,,,4,0,17,551,265,1125
2020-07-07,,,4,0,18,555,266,1143
2020-07-08,,,4,0,19,559,266,1162
2020-07-09,,,4,0,19,563,266,1181
2020-07-10,,,4,0,20,568,267,1201
2020-07-11,,,4,0,21,572,267,1222
2020-07-12,,,5,0,22,577,268,1244
2020-07-13,,,5,0,23,581,268,1267
2020-07-14,,,5,0,23,586,268,1290
2020-07-15,,,5,0,24,591,269,1314
2020-07-16,,,5,0,25,596,269,1339
2020-07-17,,,5,0,26,601,269,1365
2020-07-18,,,5,0,27,606,270,1392
2020-07-19,,,5,0,28,611,270,1420
2020-07-20,,,5,0,29,616,270,1450
2020-07-21,,,5,0,30,622,271,1480
2020-07-22,,,6,0,31,627,271,1511
2020-07-23,,,6,0,33,633,271,1544
2020-07-24,,,6,0,34,639,271,1577
2020-07-25,,,6,0,35,645,271,1612
2020-07-26,,,6,0,36,651,272,1649
2020-07-27,,,6,0,38,657,272,1686
2020-07-28,,,6,0,39,663,272,1725
2020-07-29,,,7,0,41,670,272,1766
2020-07-30,,,7,0,42,677,272,1808
2020-07-31,,,7,0,44,684,273,1852
2020-08-01,,,7,0,45,691,273,1897
2020-08-02,,,7,0,47,699,273,1944
2020-08-03,,,8,0,49,706,273,1992
2020-08-04,,,8,0,51,714,273,2043
