date,actual_deaths,total_deaths,predicted_deaths_mean,predicted_deaths_lower,predicted_deaths_upper,predicted_total_deaths_mean,predicted_total_deaths_lower,predicted_total_deaths_upper
2020-03-03,,,,,,,,
2020-03-04,,,,,,,,
2020-03-05,,,,,,,,
2020-03-06,,,,,,,,
2020-03-07,,,,,,,,
2020-03-08,,,,,,,,
2020-03-09,,,,,,,,
2020-03-10,,,,,,,,
2020-03-11,,,,,,,,
2020-03-12,,,,,,,,
2020-03-13,,,,,,,,
2020-03-14,,,,,,,,
2020-03-15,,,,,,,,
2020-03-16,,,,,,,,
2020-03-17,,,,,,,,
2020-03-18,,,,,,,,
2020-03-19,,,,,,,,
2020-03-20,,,,,,,,
2020-03-21,,,,,,,,
2020-03-22,,,,,,,,
2020-03-23,,,,,,,,
2020-03-24,,,,,,,,
2020-03-25,,,,,,,,
2020-03-26,,,,,,,,
2020-03-27,,,,,,,,
2020-03-28,2,2,,,,,,
2020-03-29,1,3,,,,,,
2020-03-30,1,4,,,,,,
2020-03-31,4,8,,,,,,
2020-04-01,2,10,,,,,,
2020-04-02,2,12,,,,,,
2020-04-03,2,14,,,,,,
2020-04-04,3,17,,,,,,
2020-04-05,8,25,,,,,,
2020-04-06,2,27,,,,,,
2020-04-07,3,30,,,,,,
2020-04-08,5,35,,,,,,
2020-04-09,8,43,,,,,,
2020-04-10,0,43,,,,,,
2020-04-11,13,56,,,,,,
2020-04-12,7,63,,,,,,
2020-04-13,0,63,,,,,,
2020-04-14,17,80,,,,,,
2020-04-15,0,80,,,,,,
2020-04-16,,,7,6,8,87,86,88
2020-04-17,,,7,6,9,94,91,97
2020-04-18,,,7,6,9,101,97,106
2020-04-19,,,7,5,9,108,102,115
2020-04-20,,,7,5,9,115,108,124
2020-04-21,,,7,5,9,122,113,133
2020-04-22,,,7,5,9,129,117,143
2020-04-23,,,7,5,9,136,122,152
2020-04-24,,,7,4,10,143,126,162
2020-04-25,,,7,4,10,150,131,172
2020-04-26,,,7,4,10,157,135,181
2020-04-27,,,7,4,10,164,139,191
2020-04-28,,,7,4,10,171,143,201
2020-04-29,,,7,4,10,178,146,212
2020-04-30,,,7,4,10,184,150,222
2020-05-01,,,7,3,10,191,153,232
2020-05-02,,,7,3,10,198,157,243
2020-05-03,,,7,3,10,205,160,253
2020-05-04,,,7,3,11,211,163,264
2020-05-05,,,7,3,11,218,166,274
2020-05-06,,,7,3,11,224,169,285
2020-05-07,,,7,3,11,231,171,296
2020-05-08,,,7,3,11,238,174,307
2020-05-09,,,6,3,11,244,177,318
2020-05-10,,,6,3,11,250,179,329
2020-05-11,,,6,3,11,257,182,340
2020-05-12,,,6,2,11,263,184,352
2020-05-13,,,6,2,11,270,187,363
2020-05-14,,,6,2,11,276,189,374
2020-05-15,,,6,2,11,282,192,386
2020-05-16,,,6,2,11,288,194,397
2020-05-17,,,6,2,12,295,196,409
2020-05-18,,,6,2,12,301,198,420
2020-05-19,,,6,2,12,307,200,432
2020-05-20,,,6,2,12,313,202,444
2020-05-21,,,6,2,12,319,204,455
2020-05-22,,,6,2,12,325,206,467
2020-05-23,,,6,2,12,331,208,479
2020-05-24,,,6,2,12,337,209,491
2020-05-25,,,6,2,12,343,211,503
2020-05-26,,,6,2,12,349,213,515
2020-05-27,,,6,2,12,355,214,527
2020-05-28,,,6,2,12,360,216,539
2020-05-29,,,6,2,12,366,218,551
2020-05-30,,,6,2,12,372,219,563
2020-05-31,,,6,1,12,378,221,575
2020-06-01,,,6,1,12,383,222,587
2020-06-02,,,6,1,12,389,223,599
2020-06-03,,,6,1,12,394,225,611
2020-06-04,,,5,1,12,400,226,623
2020-06-05,,,5,1,12,405,227,635
2020-06-06,,,5,1,12,411,229,647
2020-06-07,,,5,1,12,416,230,659
2020-06-08,,,5,1,12,421,231,671
2020-06-09,,,5,1,12,426,232,683
2020-06-10,,,5,1,12,432,233,695
2020-06-11,,,5,1,12,437,234,707
2020-06-12,,,5,1,12,442,236,719
2020-06-13,,,5,1,12,447,237,731
2020-06-14,,,5,1,12,452,238,743
2020-06-15,,,5,1,12,457,239,755
2020-06-16,,,5,1,12,462,240,767
2020-06-17,,,5,1,12,467,241,778
2020-06-18,,,5,1,12,471,242,790
2020-06-19,,,5,1,12,476,243,802
2020-06-20,,,5,1,12,481,244,814
2020-06-21,,,5,1,12,486,245,826
2020-06-22,,,5,1,13,491,246,839
2020-06-23,,,5,1,13,496,247,852
2020-06-24,,,5,1,13,501,248,865
2020-06-25,,,5,1,14,506,249,879
2020-06-26,,,5,1,15,511,250,894
2020-06-27,,,5,1,15,516,251,909
2020-06-28,,,5,1,16,521,253,925
2020-06-29,,,5,1,17,526,254,942
2020-06-30,,,5,1,17,532,255,959
2020-07-01,,,6,1,18,537,256,977
2020-07-02,,,6,1,19,543,257,995
2020-07-03,,,6,1,19,549,259,1014
2020-07-04,,,6,1,20,554,260,1035
2020-07-05,,,6,1,21,560,261,1055
2020-07-06,,,6,1,22,566,262,1077
2020-07-07,,,6,1,22,572,263,1100
2020-07-08,,,6,1,23,579,264,1123
2020-07-09,,,6,1,24,585,265,1147
2020-07-10,,,6,1,25,591,266,1172
2020-07-11,,,7,1,26,598,267,1198
2020-07-12,,,7,1,27,605,268,1226
2020-07-13,,,7,1,28,611,269,1254
2020-07-14,,,7,1,29,618,270,1283
2020-07-15,,,7,1,30,625,270,1313
2020-07-16,,,7,1,31,633,271,1345
2020-07-17,,,7,1,33,640,272,1378
2020-07-18,,,8,1,34,648,273,1411
2020-07-19,,,8,1,35,655,273,1447
2020-07-20,,,8,1,36,663,274,1483
2020-07-21,,,8,1,38,671,275,1521
2020-07-22,,,8,1,39,679,275,1560
2020-07-23,,,8,1,41,688,276,1601
2020-07-24,,,9,1,42,696,277,1643
2020-07-25,,,9,1,44,705,277,1687
2020-07-26,,,9,1,45,714,278,1732
2020-07-27,,,9,0,47,724,278,1780
2020-07-28,,,10,0,49,733,279,1829
2020-07-29,,,10,0,51,743,279,1879
2020-07-30,,,10,0,53,753,280,1932
2020-07-31,,,10,0,55,763,280,1987
2020-08-01,,,11,0,57,774,280,2043
2020-08-02,,,11,0,59,785,281,2102
2020-08-03,,,11,0,61,796,281,2163
2020-08-04,,,12,0,63,808,281,2227
