date,actual_deaths,total_deaths,predicted_deaths_mean,predicted_deaths_lower,predicted_deaths_upper,predicted_total_deaths_mean,predicted_total_deaths_lower,predicted_total_deaths_upper
2020-02-22,,,,,,,,
2020-02-23,,,,,,,,
2020-02-24,,,,,,,,
2020-02-25,,,,,,,,
2020-02-26,,,,,,,,
2020-02-27,,,,,,,,
2020-02-28,,,,,,,,
2020-02-29,,,,,,,,
2020-03-01,,,,,,,,
2020-03-02,,,,,,,,
2020-03-03,,,,,,,,
2020-03-04,,,,,,,,
2020-03-05,,,,,,,,
2020-03-06,,,,,,,,
2020-03-07,,,,,,,,
2020-03-08,,,,,,,,
2020-03-09,,,,,,,,
2020-03-10,,,,,,,,
2020-03-11,,,,,,,,
2020-03-12,,,,,,,,
2020-03-13,,,,,,,,
2020-03-14,,,,,,,,
2020-03-15,,,,,,,,
2020-03-16,,,,,,,,
2020-03-17,1,1,,,,,,
2020-03-18,2,3,,,,,,
2020-03-19,2,5,,,,,,
2020-03-20,0,5,,,,,,
2020-03-21,0,5,,,,,,
2020-03-22,2,7,,,,,,
2020-03-23,2,9,,,,,,
2020-03-24,3,12,,,,,,
2020-03-25,3,15,,,,,,
2020-03-26,6,21,,,,,,
2020-03-27,5,26,,,,,,
2020-03-28,4,30,,,,,,
2020-03-29,7,37,,,,,,
2020-03-30,8,45,,,,,,
2020-03-31,9,54,,,,,,
2020-04-01,12,66,,,,,,
2020-04-02,11,77,,,,,,
2020-04-03,23,100,,,,,,
2020-04-04,16,116,,,,,,
2020-04-05,20,136,,,,,,
2020-04-06,14,150,,,,,,
2020-04-07,10,160,,,,,,
2020-04-08,29,189,,,,,,
2020-04-09,21,210,,,,,,
2020-04-10,28,238,,,,,,
2020-04-11,28,266,,,,,,
2020-04-12,17,283,,,,,,
2020-04-13,22,305,,,,,,
2020-04-14,37,342,,,,,,
2020-04-15,33,375,,,,,,
2020-04-16,,,28,21,36,403,396,411
2020-04-17,,,28,20,36,431,416,447
2020-04-18,,,28,20,36,459,436,483
2020-04-19,,,27,19,37,486,455,520
2020-04-20,,,27,18,37,514,473,557
2020-04-21,,,27,17,37,540,490,594
2020-04-22,,,26,16,37,567,506,631
2020-04-23,,,26,15,37,592,521,668
2020-04-24,,,25,14,38,618,535,706
2020-04-25,,,25,13,37,642,548,743
2020-04-26,,,24,12,37,667,560,780
2020-04-27,,,24,11,37,690,571,818
2020-04-28,,,23,11,37,714,582,855
2020-04-29,,,23,10,37,737,592,892
2020-04-30,,,22,9,37,759,601,929
2020-05-01,,,22,8,37,781,609,966
2020-05-02,,,22,8,37,803,617,1002
2020-05-03,,,21,8,37,824,625,1039
2020-05-04,,,21,7,36,844,632,1075
2020-05-05,,,20,7,36,865,639,1111
2020-05-06,,,20,6,36,885,645,1147
2020-05-07,,,20,6,36,904,651,1182
2020-05-08,,,19,5,35,923,656,1218
2020-05-09,,,19,5,35,942,661,1253
2020-05-10,,,19,5,35,961,666,1288
2020-05-11,,,18,5,35,979,671,1323
2020-05-12,,,18,4,35,997,675,1358
2020-05-13,,,18,4,34,1015,679,1392
2020-05-14,,,17,4,34,1032,683,1426
2020-05-15,,,17,4,34,1049,687,1461
2020-05-16,,,17,3,34,1066,690,1495
2020-05-17,,,17,3,34,1082,693,1529
2020-05-18,,,16,3,34,1099,696,1563
2020-05-19,,,16,3,34,1115,699,1596
2020-05-20,,,16,3,34,1130,702,1630
2020-05-21,,,16,3,33,1146,705,1663
2020-05-22,,,15,3,33,1161,707,1696
2020-05-23,,,15,2,33,1176,710,1729
2020-05-24,,,15,2,33,1191,712,1762
2020-05-25,,,15,2,33,1206,714,1794
2020-05-26,,,14,2,32,1220,716,1827
2020-05-27,,,14,2,32,1235,718,1859
2020-05-28,,,14,2,32,1249,720,1891
2020-05-29,,,14,2,32,1263,722,1923
2020-05-30,,,14,2,32,1276,723,1955
2020-05-31,,,13,2,32,1290,725,1986
2020-06-01,,,13,2,31,1303,727,2018
2020-06-02,,,13,2,31,1316,728,2049
2020-06-03,,,13,1,31,1329,730,2080
2020-06-04,,,13,1,31,1342,731,2111
2020-06-05,,,13,1,31,1354,732,2141
2020-06-06,,,12,1,31,1367,734,2172
2020-06-07,,,12,1,30,1379,735,2202
2020-06-08,,,12,1,30,1391,736,2232
2020-06-09,,,12,1,30,1403,737,2262
2020-06-10,,,12,1,30,1415,739,2292
2020-06-11,,,12,1,30,1427,740,2322
2020-06-12,,,11,1,29,1438,741,2351
2020-06-13,,,11,1,29,1449,742,2381
2020-06-14,,,11,1,29,1461,743,2410
2020-06-15,,,11,1,29,1472,744,2438
2020-06-16,,,11,1,29,1483,745,2467
2020-06-17,,,11,1,28,1493,746,2496
2020-06-18,,,11,1,28,1504,746,2524
2020-06-19,,,11,1,28,1514,747,2552
2020-06-20,,,10,1,28,1525,748,2580
2020-06-21,,,10,1,28,1535,749,2608
2020-06-22,,,10,1,29,1546,750,2637
2020-06-23,,,11,1,29,1556,751,2666
2020-06-24,,,11,1,30,1567,752,2696
2020-06-25,,,11,1,31,1578,753,2727
2020-06-26,,,11,1,32,1588,754,2759
2020-06-27,,,11,1,33,1599,755,2792
2020-06-28,,,11,1,35,1610,756,2827
2020-06-29,,,11,1,36,1621,757,2863
2020-06-30,,,11,1,37,1632,758,2900
2020-07-01,,,11,1,39,1643,759,2939
2020-07-02,,,11,1,40,1655,760,2979
2020-07-03,,,12,1,42,1666,761,3020
2020-07-04,,,12,1,43,1678,762,3064
2020-07-05,,,12,1,45,1690,763,3109
2020-07-06,,,12,1,47,1702,764,3155
2020-07-07,,,12,1,48,1714,765,3203
2020-07-08,,,12,1,50,1727,766,3254
2020-07-09,,,13,1,52,1739,766,3306
2020-07-10,,,13,1,54,1752,767,3360
2020-07-11,,,13,1,56,1765,768,3416
2020-07-12,,,13,1,58,1779,769,3474
2020-07-13,,,14,1,60,1792,769,3534
2020-07-14,,,14,1,63,1806,770,3597
2020-07-15,,,14,1,65,1820,771,3662
2020-07-16,,,14,1,67,1835,771,3730
2020-07-17,,,15,1,70,1849,772,3799
2020-07-18,,,15,1,73,1864,772,3872
2020-07-19,,,15,1,75,1880,773,3947
2020-07-20,,,16,1,78,1895,774,4025
2020-07-21,,,16,1,81,1911,774,4106
2020-07-22,,,16,0,84,1928,774,4191
2020-07-23,,,17,0,87,1945,775,4278
2020-07-24,,,17,0,90,1962,775,4368
2020-07-25,,,18,0,94,1980,776,4462
2020-07-26,,,18,0,97,1998,776,4559
2020-07-27,,,19,0,101,2016,777,4660
2020-07-28,,,19,0,105,2036,777,4765
2020-07-29,,,20,0,109,2055,777,4874
2020-07-30,,,20,0,113,2075,778,4987
2020-07-31,,,21,0,117,2096,778,5104
2020-08-01,,,21,0,121,2118,778,5225
2020-08-02,,,22,0,126,2139,779,5351
2020-08-03,,,23,0,131,2162,779,5482
2020-08-04,,,23,0,136,2185,779,5617
