date,actual_deaths,total_deaths,predicted_deaths_mean,predicted_deaths_lower,predicted_deaths_upper,predicted_total_deaths_mean,predicted_total_deaths_lower,predicted_total_deaths_upper
2020-02-26,,,,,,,,
2020-02-27,,,,,,,,
2020-02-28,,,,,,,,
2020-02-29,,,,,,,,
2020-03-01,,,,,,,,
2020-03-02,,,,,,,,
2020-03-03,,,,,,,,
2020-03-04,,,,,,,,
2020-03-05,,,,,,,,
2020-03-06,,,,,,,,
2020-03-07,,,,,,,,
2020-03-08,,,,,,,,
2020-03-09,,,,,,,,
2020-03-10,,,,,,,,
2020-03-11,,,,,,,,
2020-03-12,,,,,,,,
2020-03-13,,,,,,,,
2020-03-14,,,,,,,,
2020-03-15,,,,,,,,
2020-03-16,,,,,,,,
2020-03-17,,,,,,,,
2020-03-18,,,,,,,,
2020-03-19,,,,,,,,
2020-03-20,,,,,,,,
2020-03-21,1,1,,,,,,
2020-03-22,1,2,,,,,,
2020-03-23,0,2,,,,,,
2020-03-24,0,2,,,,,,
2020-03-25,1,3,,,,,,
2020-03-26,0,3,,,,,,
2020-03-27,3,6,,,,,,
2020-03-28,1,7,,,,,,
2020-03-29,1,8,,,,,,
2020-03-30,6,14,,,,,,
2020-03-31,9,23,,,,,,
2020-04-01,1,24,,,,,,
2020-04-02,12,36,,,,,,
2020-04-03,5,41,,,,,,
2020-04-04,9,50,,,,,,
2020-04-05,3,53,,,,,,
2020-04-06,12,65,,,,,,
2020-04-07,7,72,,,,,,
2020-04-08,8,80,,,,,,
2020-04-09,14,94,,,,,,
2020-04-10,4,98,,,,,,
2020-04-11,8,106,,,,,,
2020-04-12,0,106,,,,,,
2020-04-13,3,109,,,,,,
2020-04-14,15,124,,,,,,
2020-04-15,0,124,,,,,,
2020-04-16,,,7,5,10,131,129,134
2020-04-17,,,7,5,10,138,134,144
2020-04-18,,,7,5,10,145,138,154
2020-04-19,,,7,4,10,151,143,164
2020-04-20,,,6,4,10,158,147,174
2020-04-21,,,6,4,10,164,151,184
2020-04-22,,,6,4,10,170,155,194
2020-04-23,,,6,4,10,175,158,203
2020-04-24,,,6,3,9,181,162,213
2020-04-25,,,5,3,9,186,165,222
2020-04-26,,,5,3,9,192,168,231
2020-04-27,,,5,3,9,197,171,241
2020-04-28,,,5,3,9,202,174,250
2020-04-29,,,5,3,9,207,176,259
2020-04-30,,,5,3,9,211,179,268
2020-05-01,,,5,3,9,216,181,276
2020-05-02,,,5,2,9,221,184,285
2020-05-03,,,4,2,9,225,186,294
2020-05-04,,,4,2,8,229,189,302
2020-05-05,,,4,2,8,234,191,311
2020-05-06,,,4,2,8,238,193,319
2020-05-07,,,4,2,8,242,195,327
2020-05-08,,,4,2,8,246,197,335
2020-05-09,,,4,2,8,250,199,343
2020-05-10,,,4,2,8,253,201,351
2020-05-11,,,4,2,8,257,203,359
2020-05-12,,,4,2,8,261,204,367
2020-05-13,,,4,2,8,264,206,375
2020-05-14,,,4,2,8,268,208,383
2020-05-15,,,3,2,8,271,209,391
2020-05-16,,,3,1,8,275,211,398
2020-05-17,,,3,1,8,278,212,406
2020-05-18,,,3,1,8,281,213,414
2020-05-19,,,3,1,8,285,215,421
2020-05-20,,,3,1,7,288,216,429
2020-05-21,,,3,1,7,291,217,436
2020-05-22,,,3,1,7,294,218,443
2020-05-23,,,3,1,7,297,219,451
2020-05-24,,,3,1,7,300,220,458
2020-05-25,,,3,1,7,303,221,465
2020-05-26,,,3,1,7,306,222,472
2020-05-27,,,3,1,7,309,223,479
2020-05-28,,,3,1,7,311,224,486
2020-05-29,,,3,1,7,314,225,493
2020-05-30,,,3,1,7,317,226,500
2020-05-31,,,3,1,7,319,227,507
2020-06-01,,,3,1,7,322,228,514
2020-06-02,,,3,1,7,324,229,521
2020-06-03,,,2,1,7,327,230,527
2020-06-04,,,2,1,7,329,230,534
2020-06-05,,,2,1,7,332,231,541
2020-06-06,,,2,1,6,334,232,547
2020-06-07,,,2,1,6,336,233,553
2020-06-08,,,2,1,6,339,233,560
2020-06-09,,,2,1,6,341,234,566
2020-06-10,,,2,1,6,343,235,572
2020-06-11,,,2,1,6,345,235,579
2020-06-12,,,2,1,6,347,236,585
2020-06-13,,,2,1,6,350,236,591
2020-06-14,,,2,1,6,352,237,597
2020-06-15,,,2,1,6,354,238,603
2020-06-16,,,2,1,6,355,238,608
2020-06-17,,,2,1,6,357,239,614
2020-06-18,,,2,1,6,359,239,620
2020-06-19,,,2,1,6,361,240,626
2020-06-20,,,2,1,6,363,240,631
2020-06-21,,,2,1,6,365,241,637
2020-06-22,,,2,1,6,367,241,643
2020-06-23,,,2,1,6,369,242,649
2020-06-24,,,2,1,6,371,243,654
2020-06-25,,,2,1,6,373,243,660
2020-06-26,,,2,1,6,375,244,667
2020-06-27,,,2,1,6,377,245,673
2020-06-28,,,2,1,6,379,245,679
2020-06-29,,,2,1,6,381,246,686
2020-06-30,,,2,1,6,384,247,692
2020-07-01,,,2,1,6,386,247,698
2020-07-02,,,2,1,6,388,248,705
2020-07-03,,,2,1,6,391,249,711
2020-07-04,,,2,1,7,393,249,718
2020-07-05,,,3,1,7,396,250,725
2020-07-06,,,3,1,7,398,251,732
2020-07-07,,,3,1,7,401,252,739
2020-07-08,,,3,1,8,404,252,747
2020-07-09,,,3,1,8,406,253,754
2020-07-10,,,3,1,8,409,254,763
2020-07-11,,,3,1,9,412,255,771
2020-07-12,,,3,1,9,415,255,780
2020-07-13,,,3,1,9,418,256,789
2020-07-14,,,3,1,10,421,256,799
2020-07-15,,,3,1,10,424,257,809
2020-07-16,,,3,1,10,427,258,819
2020-07-17,,,3,1,11,430,258,830
2020-07-18,,,3,1,11,433,259,841
2020-07-19,,,3,0,11,436,259,852
2020-07-20,,,3,0,12,440,260,864
2020-07-21,,,3,0,12,443,260,876
2020-07-22,,,4,0,13,447,260,889
2020-07-23,,,4,0,13,450,261,902
2020-07-24,,,4,0,14,454,261,915
2020-07-25,,,4,0,14,458,262,930
2020-07-26,,,4,0,15,462,262,944
2020-07-27,,,4,0,15,466,262,959
2020-07-28,,,4,0,16,470,263,975
2020-07-29,,,4,0,16,474,263,992
2020-07-30,,,4,0,17,478,263,1009
2020-07-31,,,4,0,18,483,264,1026
2020-08-01,,,5,0,18,487,264,1045
2020-08-02,,,5,0,19,492,264,1064
2020-08-03,,,5,0,20,496,264,1083
2020-08-04,,,5,0,20,501,265,1104
