date,actual_deaths,total_deaths,predicted_deaths_mean,predicted_deaths_lower,predicted_deaths_upper,predicted_total_deaths_mean,predicted_total_deaths_lower,predicted_total_deaths_upper
2020-02-27,,,,,,,,
2020-02-28,,,,,,,,
2020-02-29,,,,,,,,
2020-03-01,,,,,,,,
2020-03-02,,,,,,,,
2020-03-03,,,,,,,,
2020-03-04,,,,,,,,
2020-03-05,,,,,,,,
2020-03-06,,,,,,,,
2020-03-07,,,,,,,,
2020-03-08,,,,,,,,
2020-03-09,,,,,,,,
2020-03-10,,,,,,,,
2020-03-11,,,,,,,,
2020-03-12,,,,,,,,
2020-03-13,,,,,,,,
2020-03-14,,,,,,,,
2020-03-15,,,,,,,,
2020-03-16,,,,,,,,
2020-03-17,,,,,,,,
2020-03-18,,,,,,,,
2020-03-19,,,,,,,,
2020-03-20,,,,,,,,
2020-03-21,,,,,,,,
2020-03-22,1,1,,,,,,
2020-03-23,0,1,,,,,,
2020-03-24,0,1,,,,,,
2020-03-25,0,1,,,,,,
2020-03-26,0,1,,,,,,
2020-03-27,0,1,,,,,,
2020-03-28,0,1,,,,,,
2020-03-29,1,2,,,,,,
2020-03-30,2,4,,,,,,
2020-03-31,1,5,,,,,,
2020-04-01,0,5,,,,,,
2020-04-02,2,7,,,,,,
2020-04-03,0,7,,,,,,
2020-04-04,1,8,,,,,,
2020-04-05,0,8,,,,,,
2020-04-06,5,13,,,,,,
2020-04-07,0,13,,,,,,
2020-04-08,0,13,,,,,,
2020-04-09,0,13,,,,,,
2020-04-10,0,13,,,,,,
2020-04-11,0,13,,,,,,
2020-04-12,0,13,,,,,,
2020-04-13,0,13,,,,,,
2020-04-14,5,18,,,,,,
2020-04-15,2,20,,,,,,
2020-04-16,,,2,1,4,22,21,24
2020-04-17,,,2,1,4,24,22,28
2020-04-18,,,2,1,4,26,23,32
2020-04-19,,,2,1,4,28,24,35
2020-04-20,,,2,1,4,30,25,39
2020-04-21,,,2,1,4,32,25,43
2020-04-22,,,2,1,4,34,26,47
2020-04-23,,,2,1,4,36,27,51
2020-04-24,,,2,1,4,38,28,55
2020-04-25,,,2,1,4,39,28,58
2020-04-26,,,2,1,4,41,29,62
2020-04-27,,,2,1,4,43,30,66
2020-04-28,,,2,1,4,45,31,70
2020-04-29,,,2,1,4,46,31,73
2020-04-30,,,2,1,4,48,32,77
2020-05-01,,,2,1,4,50,32,81
2020-05-02,,,2,1,4,51,33,84
2020-05-03,,,2,1,4,53,34,88
2020-05-04,,,2,1,4,54,34,91
2020-05-05,,,2,1,4,56,35,95
2020-05-06,,,1,1,4,57,35,98
2020-05-07,,,1,1,4,59,36,102
2020-05-08,,,1,1,4,60,36,105
2020-05-09,,,1,0,3,62,37,109
2020-05-10,,,1,0,3,63,37,112
2020-05-11,,,1,0,3,64,38,116
2020-05-12,,,1,0,3,66,38,119
2020-05-13,,,1,0,3,67,39,123
2020-05-14,,,1,0,3,68,39,126
2020-05-15,,,1,0,3,70,39,130
2020-05-16,,,1,0,3,71,40,133
2020-05-17,,,1,0,3,72,40,136
2020-05-18,,,1,0,3,73,41,140
2020-05-19,,,1,0,3,75,41,143
2020-05-20,,,1,0,3,76,42,146
2020-05-21,,,1,0,3,77,42,150
2020-05-22,,,1,0,3,78,42,153
2020-05-23,,,1,0,3,79,43,156
2020-05-24,,,1,0,3,81,43,160
2020-05-25,,,1,0,3,82,43,163
2020-05-26,,,1,0,3,83,44,166
2020-05-27,,,1,0,3,84,44,169
2020-05-28,,,1,0,3,85,44,173
2020-05-29,,,1,0,3,86,45,176
2020-05-30,,,1,0,3,87,45,179
2020-05-31,,,1,0,3,88,45,182
2020-06-01,,,1,0,3,89,46,185
2020-06-02,,,1,0,3,90,46,188
2020-06-03,,,1,0,3,91,46,191
2020-06-04,,,1,0,3,92,47,194
2020-06-05,,,1,0,3,93,47,198
2020-06-06,,,1,0,3,94,47,201
2020-06-07,,,1,0,3,95,47,204
2020-06-08,,,1,0,3,96,48,207
2020-06-09,,,1,0,3,97,48,210
2020-06-10,,,1,0,3,98,48,213
2020-06-11,,,1,0,3,99,48,216
2020-06-12,,,1,0,3,100,49,219
2020-06-13,,,1,0,3,101,49,222
2020-06-14,,,1,0,3,102,49,225
2020-06-15,,,1,0,3,102,49,228
2020-06-16,,,1,0,3,103,50,230
2020-06-17,,,1,0,3,104,50,233
2020-06-18,,,1,0,3,105,50,236
2020-06-19,,,1,0,3,106,50,239
2020-06-20,,,1,0,3,107,51,242
2020-06-21,,,1,0,3,107,51,245
2020-06-22,,,1,0,3,108,51,248
2020-06-23,,,1,0,3,109,51,251
2020-06-24,,,1,0,3,110,51,254
2020-06-25,,,1,0,3,111,52,257
2020-06-26,,,1,0,3,112,52,260
2020-06-27,,,1,0,3,113,52,263
2020-06-28,,,1,0,3,113,52,266
2020-06-29,,,1,0,3,114,52,270
2020-06-30,,,1,0,3,115,53,273
2020-07-01,,,1,0,4,116,53,277
2020-07-02,,,1,0,4,117,53,281
2020-07-03,,,1,0,4,118,53,284
2020-07-04,,,1,0,4,119,53,288
2020-07-05,,,1,0,4,120,54,293
2020-07-06,,,1,0,4,121,54,297
2020-07-07,,,1,0,4,122,54,301
2020-07-08,,,1,0,5,123,54,306
2020-07-09,,,1,0,5,124,54,311
2020-07-10,,,1,0,5,125,55,316
2020-07-11,,,1,0,5,126,55,321
2020-07-12,,,1,0,5,128,55,327
2020-07-13,,,1,0,6,129,55,332
2020-07-14,,,1,0,6,130,55,338
2020-07-15,,,1,0,6,131,55,344
2020-07-16,,,1,0,6,132,56,350
2020-07-17,,,1,0,6,134,56,357
2020-07-18,,,1,0,7,135,56,363
2020-07-19,,,1,0,7,136,56,370
2020-07-20,,,1,0,7,138,56,378
2020-07-21,,,1,0,8,139,56,385
2020-07-22,,,1,0,8,140,56,393
2020-07-23,,,1,0,8,142,56,401
2020-07-24,,,1,0,8,143,56,409
2020-07-25,,,1,0,9,145,57,418
2020-07-26,,,2,0,9,146,57,427
2020-07-27,,,2,0,9,148,57,437
2020-07-28,,,2,0,10,149,57,446
2020-07-29,,,2,0,10,151,57,456
2020-07-30,,,2,0,10,153,57,467
2020-07-31,,,2,0,11,154,57,478
2020-08-01,,,2,0,11,156,57,489
2020-08-02,,,2,0,12,158,57,501
2020-08-03,,,2,0,12,160,57,513
2020-08-04,,,2,0,13,162,57,525
