date,actual_deaths,total_deaths,predicted_deaths_mean,predicted_deaths_lower,predicted_deaths_upper,predicted_total_deaths_mean,predicted_total_deaths_lower,predicted_total_deaths_upper
2020-02-03,0,0,,,,,,
2020-02-04,0,0,,,,,,
2020-02-05,0,0,,,,,,
2020-02-06,0,0,,,,,,
2020-02-07,0,0,,,,,,
2020-02-08,0,0,,,,,,
2020-02-09,0,0,,,,,,
2020-02-10,0,0,,,,,,
2020-02-11,0,0,,,,,,
2020-02-12,0,0,,,,,,
2020-02-13,0,0,,,,,,
2020-02-14,0,0,,,,,,
2020-02-15,0,0,,,,,,
2020-02-16,0,0,,,,,,
2020-02-17,0,0,,,,,,
2020-02-18,0,0,,,,,,
2020-02-19,0,0,,,,,,
2020-02-20,0,0,,,,,,
2020-02-21,0,0,,,,,,
2020-02-22,0,0,,,,,,
2020-02-23,0,0,,,,,,
2020-02-24,0,0,,,,,,
2020-02-25,0,0,,,,,,
2020-02-26,0,0,,,,,,
2020-02-27,0,0,,,,,,
2020-02-28,0,0,,,,,,
2020-02-29,0,0,,,,,,
2020-03-01,0,0,,,,,,
2020-03-02,0,0,,,,,,
2020-03-03,0,0,,,,,,
2020-03-04,10,10,,,,,,
2020-03-05,1,11,,,,,,
2020-03-06,3,14,,,,,,
2020-03-07,2,16,,,,,,
2020-03-08,2,18,,,,,,
2020-03-09,4,22,,,,,,
2020-03-10,2,24,,,,,,
2020-03-11,3,27,,,,,,
2020-03-12,9,36,,,,,,
2020-03-13,3,39,,,,,,
2020-03-14,10,49,,,,,,
2020-03-15,11,60,,,,,,
2020-03-16,11,71,,,,,,
2020-03-17,19,90,,,,,,
2020-03-18,22,112,,,,,,
2020-03-19,48,160,,,,,,
2020-03-20,59,219,,,,,,
2020-03-21,53,272,,,,,,
2020-03-22,126,398,,,,,,
2020-03-23,73,471,,,,,,
2020-03-24,203,674,,,,,,
2020-03-25,225,899,,,,,,
2020-03-26,264,1163,,,,,,
2020-03-27,367,1530,,,,,,
2020-03-28,435,1965,,,,,,
2020-03-29,463,2428,,,,,,
2020-03-30,511,2939,,,,,,
2020-03-31,807,3746,,,,,,
2020-04-01,954,4700,,,,,,
2020-04-02,1084,5784,,,,,,
2020-04-03,1178,6962,,,,,,
2020-04-04,1351,8313,,,,,,
2020-04-05,1185,9498,,,,,,
2020-04-06,1182,10680,,,,,,
2020-04-07,,,1234,787,1508,11914,11467,12188
2020-04-08,,,1207,714,1583,13114,12181,13773
2020-04-09,,,1159,637,1618,14277,12817,15393
2020-04-10,,,1094,563,1614,15365,13381,17006
2020-04-11,,,1012,495,1574,16377,13875,18581
2020-04-12,,,924,433,1504,17298,14309,20083
2020-04-13,,,841,383,1407,18142,14689,21493
2020-04-14,,,759,328,1295,18901,15017,22785
2020-04-15,,,689,278,1189,19590,15294,23976
2020-04-16,,,619,238,1103,20214,15534,25079
2020-04-17,,,561,200,1035,20776,15735,26117
2020-04-18,,,508,172,942,21285,15906,27062
2020-04-19,,,464,144,876,21752,16050,27936
2020-04-20,,,422,124,808,22171,16176,28748
2020-04-21,,,384,107,754,22558,16283,29498
2020-04-22,,,353,95,705,22906,16379,30210
2020-04-23,,,326,88,664,23234,16464,30872
2020-04-24,,,295,77,620,23525,16544,31494
2020-04-25,,,272,72,582,23803,16614,32078
2020-04-26,,,252,65,547,24059,16681,32624
2020-04-27,,,233,60,513,24288,16738,33139
2020-04-28,,,218,55,484,24507,16793,33620
2020-04-29,,,204,50,455,24713,16842,34078
2020-04-30,,,189,47,432,24906,16890,34512
2020-05-01,,,177,41,408,25084,16931,34921
2020-05-02,,,168,36,385,25254,16966,35309
2020-05-03,,,157,33,374,25414,16999,35680
2020-05-04,,,149,31,354,25566,17030,36040
2020-05-05,,,141,30,338,25712,17060,36372
2020-05-06,,,134,29,325,25846,17089,36700
2020-05-07,,,129,28,315,25982,17117,37013
2020-05-08,,,123,28,302,26107,17145,37316
2020-05-09,,,118,27,287,26223,17172,37599
2020-05-10,,,115,27,276,26340,17199,37878
2020-05-11,,,111,27,267,26452,17225,38144
2020-05-12,,,107,25,256,26557,17250,38402
2020-05-13,,,102,25,247,26655,17275,38648
2020-05-14,,,98,22,240,26756,17297,38891
2020-05-15,,,92,21,233,26851,17318,39122
2020-05-16,,,88,21,226,26944,17339,39351
2020-05-17,,,82,21,220,27038,17360,39567
2020-05-18,,,79,20,216,27120,17380,39786
2020-05-19,,,77,19,208,27205,17399,39992
2020-05-20,,,74,19,200,27284,17418,40195
2020-05-21,,,71,18,197,27361,17436,40390
2020-05-22,,,71,18,191,27440,17454,40582
2020-05-23,,,69,18,183,27511,17472,40763
2020-05-24,,,67,17,172,27584,17489,40938
2020-05-25,,,65,16,166,27651,17505,41104
2020-05-26,,,65,16,161,27713,17521,41264
2020-05-27,,,65,16,155,27776,17537,41421
2020-05-28,,,63,16,152,27838,17553,41572
2020-05-29,,,62,14,151,27899,17567,41726
2020-05-30,,,59,13,143,27957,17580,41868
2020-05-31,,,56,12,139,28012,17592,42005
2020-06-01,,,55,12,136,28069,17604,42140
2020-06-02,,,51,12,132,28119,17616,42272
2020-06-03,,,49,12,127,28172,17628,42396
2020-06-04,,,49,12,126,28222,17640,42524
2020-06-05,,,49,12,121,28270,17652,42642
2020-06-06,,,49,12,115,28316,17664,42759
2020-06-07,,,46,12,114,28366,17676,42870
2020-06-08,,,44,12,112,28410,17688,42984
2020-06-09,,,42,12,109,28451,17700,43090
2020-06-10,,,41,12,107,28491,17712,43199
2020-06-11,,,41,11,105,28528,17723,43302
2020-06-12,,,40,11,99,28570,17734,43406
2020-06-13,,,38,11,96,28608,17745,43500
2020-06-14,,,37,11,95,28643,17756,43599
2020-06-15,,,35,11,91,28679,17767,43687
2020-06-16,,,34,9,90,28715,17776,43781
2020-06-17,,,33,7,88,28749,17783,43868
2020-06-18,,,31,6,86,28784,17789,43957
2020-06-19,,,31,5,84,28813,17794,44037
2020-06-20,,,30,5,80,28842,17799,44121
2020-06-21,,,30,5,79,28872,17804,44195
2020-06-22,,,28,5,76,28900,17809,44276
2020-06-23,,,25,3,75,28929,17812,44346
2020-06-24,,,22,3,71,28956,17815,44421
2020-06-25,,,20,3,62,28974,17818,44480
2020-06-26,,,18,3,59,28996,17821,44542
2020-06-27,,,17,3,58,29019,17824,44598
2020-06-28,,,16,3,57,29036,17827,44658
2020-06-29,,,16,3,54,29055,17830,44709
2020-06-30,,,15,3,51,29070,17833,44763
