date,actual_deaths,total_deaths,predicted_deaths_mean,predicted_deaths_lower,predicted_deaths_upper,predicted_total_deaths_mean,predicted_total_deaths_lower,predicted_total_deaths_upper
2020-02-27,,,,,,,,
2020-02-28,,,,,,,,
2020-02-29,,,,,,,,
2020-03-01,,,,,,,,
2020-03-02,,,,,,,,
2020-03-03,,,,,,,,
2020-03-04,,,,,,,,
2020-03-05,,,,,,,,
2020-03-06,,,,,,,,
2020-03-07,,,,,,,,
2020-03-08,,,,,,,,
2020-03-09,,,,,,,,
2020-03-10,,,,,,,,
2020-03-11,,,,,,,,
2020-03-12,,,,,,,,
2020-03-13,,,,,,,,
2020-03-14,,,,,,,,
2020-03-15,,,,,,,,
2020-03-16,,,,,,,,
2020-03-17,,,,,,,,
2020-03-18,,,,,,,,
2020-03-19,,,,,,,,
2020-03-20,,,,,,,,
2020-03-21,,,,,,,,
2020-03-22,1,1,,,,,,
2020-03-23,0,1,,,,,,
2020-03-24,2,3,,,,,,
2020-03-25,3,6,,,,,,
2020-03-26,3,9,,,,,,
2020-03-27,0,9,,,,,,
2020-03-28,2,11,,,,,,
2020-03-29,5,16,,,,,,
2020-03-30,7,23,,,,,,
2020-03-31,8,31,,,,,,
2020-04-01,8,39,,,,,,
2020-04-02,5,44,,,,,,
2020-04-03,9,53,,,,,,
2020-04-04,6,59,,,,,,
2020-04-05,8,67,,,,,,
2020-04-06,11,78,,,,,,
2020-04-07,10,88,,,,,,
2020-04-08,11,99,,,,,,
2020-04-09,13,112,,,,,,
2020-04-10,7,119,,,,,,
2020-04-11,10,129,,,,,,
2020-04-12,9,138,,,,,,
2020-04-13,5,143,,,,,,
2020-04-14,18,161,,,,,,
2020-04-15,5,166,,,,,,
2020-04-16,3,169,,,,,,
2020-04-17,4,173,,,,,,
2020-04-18,8,181,,,,,,
2020-04-19,5,186,,,,,,
2020-04-20,8,194,,,,,,
2020-04-21,,,7,6,9,201,200,203
2020-04-22,,,7,6,9,209,205,212
2020-04-23,,,7,5,9,216,211,222
2020-04-24,,,7,5,9,223,216,231
2020-04-25,,,7,5,9,230,221,240
2020-04-26,,,7,5,9,237,226,249
2020-04-27,,,7,5,9,244,231,258
2020-04-28,,,7,5,9,250,235,267
2020-04-29,,,7,4,9,257,240,276
2020-04-30,,,7,4,9,264,244,285
2020-05-01,,,6,4,9,270,248,294
2020-05-02,,,6,4,9,276,252,303
2020-05-03,,,6,4,9,283,256,312
2020-05-04,,,6,4,9,289,260,321
2020-05-05,,,6,4,9,295,264,329
2020-05-06,,,6,4,9,301,267,338
2020-05-07,,,6,3,9,307,271,347
2020-05-08,,,6,3,9,313,274,355
2020-05-09,,,6,3,8,318,277,364
2020-05-10,,,6,3,8,324,281,372
2020-05-11,,,6,3,8,330,284,380
2020-05-12,,,6,3,8,335,287,389
2020-05-13,,,5,3,8,341,290,397
2020-05-14,,,5,3,8,346,293,405
2020-05-15,,,5,3,8,352,295,413
2020-05-16,,,5,3,8,357,298,421
2020-05-17,,,5,3,8,362,301,429
2020-05-18,,,5,3,8,367,303,436
2020-05-19,,,5,3,8,372,306,444
2020-05-20,,,5,2,8,377,308,452
2020-05-21,,,5,2,8,382,311,459
2020-05-22,,,5,2,7,387,313,467
2020-05-23,,,5,2,7,391,316,474
2020-05-24,,,5,2,7,396,318,481
2020-05-25,,,5,2,7,401,320,488
2020-05-26,,,5,2,7,405,322,495
2020-05-27,,,4,2,7,410,324,502
2020-05-28,,,4,2,7,414,327,509
2020-05-29,,,4,2,7,418,329,516
2020-05-30,,,4,2,7,423,331,523
2020-05-31,,,4,2,7,427,333,529
2020-06-01,,,4,2,6,431,334,536
2020-06-02,,,4,2,6,435,336,542
2020-06-03,,,4,2,6,439,338,548
2020-06-04,,,4,2,6,443,340,554
2020-06-05,,,4,2,6,447,342,560
2020-06-06,,,4,2,6,450,343,566
2020-06-07,,,4,2,6,454,345,572
2020-06-08,,,4,2,6,458,347,578
2020-06-09,,,4,2,6,461,348,584
2020-06-10,,,3,2,6,465,350,589
2020-06-11,,,3,2,5,468,351,595
2020-06-12,,,3,2,5,472,353,600
2020-06-13,,,3,1,5,475,354,605
2020-06-14,,,3,1,5,478,356,611
2020-06-15,,,3,1,5,481,357,616
2020-06-16,,,3,1,5,484,359,621
2020-06-17,,,3,1,5,487,360,625
2020-06-18,,,3,1,5,490,361,630
2020-06-19,,,3,1,5,493,363,635
2020-06-20,,,3,1,5,496,364,640
2020-06-21,,,3,1,5,499,365,645
2020-06-22,,,3,1,5,502,366,650
2020-06-23,,,3,1,6,505,368,656
2020-06-24,,,3,1,6,508,369,662
2020-06-25,,,3,1,6,512,371,668
2020-06-26,,,3,1,6,515,372,674
2020-06-27,,,3,2,7,518,374,681
2020-06-28,,,4,2,7,522,375,687
2020-06-29,,,4,2,7,526,377,694
2020-06-30,,,4,2,7,529,378,701
2020-07-01,,,4,2,7,533,380,708
2020-07-02,,,4,2,8,537,382,716
2020-07-03,,,4,2,8,541,383,724
2020-07-04,,,4,2,8,545,385,732
2020-07-05,,,4,2,9,549,386,741
2020-07-06,,,4,1,9,553,388,750
2020-07-07,,,4,1,9,558,389,759
2020-07-08,,,4,2,10,562,391,769
2020-07-09,,,4,2,10,566,392,779
2020-07-10,,,5,2,10,571,394,790
2020-07-11,,,5,1,11,576,395,801
2020-07-12,,,5,1,11,580,397,812
2020-07-13,,,5,1,12,585,398,824
2020-07-14,,,5,1,12,590,400,836
2020-07-15,,,5,1,13,595,401,848
2020-07-16,,,5,1,13,600,402,861
2020-07-17,,,5,1,14,605,403,875
2020-07-18,,,5,1,14,610,404,889
2020-07-19,,,5,1,15,616,405,904
2020-07-20,,,5,1,15,621,406,919
2020-07-21,,,6,1,16,627,407,934
2020-07-22,,,6,1,16,633,408,951
2020-07-23,,,6,1,17,638,409,967
2020-07-24,,,6,1,17,644,410,985
2020-07-25,,,6,1,18,651,411,1003
2020-07-26,,,6,1,19,657,412,1022
2020-07-27,,,6,1,19,663,412,1041
2020-07-28,,,7,1,20,670,413,1061
2020-07-29,,,7,1,21,677,414,1082
2020-07-30,,,7,1,22,683,414,1103
2020-07-31,,,7,1,22,691,415,1126
2020-08-01,,,7,1,23,698,416,1149
2020-08-02,,,7,1,24,705,416,1173
2020-08-03,,,8,1,25,713,417,1198
2020-08-04,,,8,1,26,721,417,1224
