date,actual_deaths,total_deaths,predicted_deaths_mean,predicted_deaths_lower,predicted_deaths_upper,predicted_total_deaths_mean,predicted_total_deaths_lower,predicted_total_deaths_upper
2020-02-24,,,,,,,,
2020-02-25,,,,,,,,
2020-02-26,,,,,,,,
2020-02-27,,,,,,,,
2020-02-28,,,,,,,,
2020-02-29,,,,,,,,
2020-03-01,,,,,,,,
2020-03-02,,,,,,,,
2020-03-03,,,,,,,,
2020-03-04,,,,,,,,
2020-03-05,,,,,,,,
2020-03-06,,,,,,,,
2020-03-07,,,,,,,,
2020-03-08,,,,,,,,
2020-03-09,,,,,,,,
2020-03-10,,,,,,,,
2020-03-11,,,,,,,,
2020-03-12,,,,,,,,
2020-03-13,,,,,,,,
2020-03-14,,,,,,,,
2020-03-15,,,,,,,,
2020-03-16,,,,,,,,
2020-03-17,,,,,,,,
2020-03-18,,,,,,,,
2020-03-19,1,1,,,,,,
2020-03-20,0,1,,,,,,
2020-03-21,0,1,,,,,,
2020-03-22,0,1,,,,,,
2020-03-23,0,1,,,,,,
2020-03-24,0,1,,,,,,
2020-03-25,2,3,,,,,,
2020-03-26,0,3,,,,,,
2020-03-27,1,4,,,,,,
2020-03-28,0,4,,,,,,
2020-03-29,4,8,,,,,,
2020-03-30,1,9,,,,,,
2020-03-31,8,17,,,,,,
2020-04-01,7,24,,,,,,
2020-04-02,6,30,,,,,,
2020-04-03,4,34,,,,,,
2020-04-04,9,43,,,,,,
2020-04-05,2,45,,,,,,
2020-04-06,2,47,,,,,,
2020-04-07,11,58,,,,,,
2020-04-08,5,63,,,,,,
2020-04-09,13,76,,,,,,
2020-04-10,18,94,,,,,,
2020-04-11,12,106,,,,,,
2020-04-12,24,130,,,,,,
2020-04-13,18,148,,,,,,
2020-04-14,22,170,,,,,,
2020-04-15,28,198,,,,,,
2020-04-16,34,232,,,,,,
2020-04-17,41,273,,,,,,
2020-04-18,40,313,,,,,,
2020-04-19,48,361,,,,,,
2020-04-20,44,405,,,,,,
2020-04-21,,,44,38,67,449,443,472
2020-04-22,,,47,40,73,496,483,545
2020-04-23,,,51,43,80,548,525,625
2020-04-24,,,55,44,87,602,570,711
2020-04-25,,,59,46,93,661,616,804
2020-04-26,,,62,47,100,724,663,904
2020-04-27,,,66,47,107,790,710,1010
2020-04-28,,,69,47,113,859,757,1123
2020-04-29,,,72,47,119,931,803,1242
2020-04-30,,,75,46,124,1006,850,1366
2020-05-01,,,77,45,129,1083,895,1494
2020-05-02,,,79,44,132,1162,939,1627
2020-05-03,,,80,42,135,1242,981,1762
2020-05-04,,,81,40,137,1323,1021,1900
2020-05-05,,,81,38,138,1403,1058,2037
2020-05-06,,,80,36,139,1484,1094,2176
2020-05-07,,,80,34,142,1563,1127,2318
2020-05-08,,,79,32,143,1642,1160,2460
2020-05-09,,,77,31,143,1719,1190,2604
2020-05-10,,,76,29,143,1795,1219,2747
2020-05-11,,,74,27,143,1869,1247,2890
2020-05-12,,,72,26,143,1942,1273,3033
2020-05-13,,,70,25,141,2012,1297,3174
2020-05-14,,,69,24,141,2080,1321,3315
2020-05-15,,,67,22,139,2147,1343,3453
2020-05-16,,,65,21,137,2212,1364,3590
2020-05-17,,,63,20,136,2275,1384,3726
2020-05-18,,,61,19,136,2336,1403,3863
2020-05-19,,,59,18,130,2395,1421,3993
2020-05-20,,,58,17,128,2453,1438,4121
2020-05-21,,,56,16,125,2509,1453,4246
2020-05-22,,,54,15,124,2563,1468,4369
2020-05-23,,,53,14,122,2616,1482,4491
2020-05-24,,,51,13,120,2667,1496,4612
2020-05-25,,,50,13,118,2717,1509,4730
2020-05-26,,,49,12,117,2766,1521,4846
2020-05-27,,,47,11,114,2813,1532,4961
2020-05-28,,,46,11,113,2859,1543,5074
2020-05-29,,,45,10,112,2903,1553,5185
2020-05-30,,,43,10,110,2947,1563,5296
2020-05-31,,,42,9,109,2989,1572,5405
2020-06-01,,,41,9,108,3030,1581,5513
2020-06-02,,,40,8,106,3071,1590,5619
2020-06-03,,,39,8,105,3110,1597,5724
2020-06-04,,,38,7,104,3148,1605,5828
2020-06-05,,,37,7,103,3185,1612,5930
2020-06-06,,,36,7,101,3221,1619,6032
2020-06-07,,,35,6,100,3257,1625,6132
2020-06-08,,,34,6,99,3291,1631,6230
2020-06-09,,,34,6,98,3325,1637,6328
2020-06-10,,,33,5,97,3358,1642,6425
2020-06-11,,,32,5,96,3390,1647,6521
2020-06-12,,,31,5,94,3421,1652,6614
2020-06-13,,,31,5,93,3452,1657,6707
2020-06-14,,,30,5,92,3482,1662,6799
2020-06-15,,,29,4,91,3511,1666,6891
2020-06-16,,,29,4,90,3539,1670,6981
2020-06-17,,,28,4,89,3567,1674,7070
2020-06-18,,,27,4,88,3595,1678,7159
2020-06-19,,,27,4,88,3621,1681,7246
2020-06-20,,,26,3,87,3648,1685,7333
2020-06-21,,,26,3,86,3673,1688,7419
2020-06-22,,,25,3,85,3698,1691,7504
2020-06-23,,,25,3,84,3723,1694,7588
2020-06-24,,,24,3,83,3747,1697,7671
2020-06-25,,,24,3,82,3770,1699,7754
2020-06-26,,,23,3,82,3793,1702,7835
2020-06-27,,,23,2,81,3816,1704,7916
2020-06-28,,,22,2,80,3838,1707,7996
2020-06-29,,,22,2,79,3860,1709,8075
2020-06-30,,,21,2,78,3881,1711,8153
2020-07-01,,,21,2,77,3902,1713,8231
2020-07-02,,,20,2,77,3922,1715,8307
2020-07-03,,,20,2,76,3942,1716,8383
2020-07-04,,,20,2,75,3961,1718,8458
2020-07-05,,,19,2,74,3980,1720,8533
2020-07-06,,,19,1,74,3999,1721,8606
2020-07-07,,,18,1,73,4018,1722,8679
2020-07-08,,,18,1,72,4036,1724,8751
2020-07-09,,,18,1,71,4053,1725,8822
2020-07-10,,,17,1,70,4071,1726,8893
2020-07-11,,,17,1,70,4088,1727,8962
2020-07-12,,,17,1,69,4104,1728,9031
2020-07-13,,,16,1,68,4121,1729,9099
2020-07-14,,,16,1,68,4137,1730,9167
2020-07-15,,,16,1,67,4152,1731,9234
2020-07-16,,,15,1,66,4168,1732,9300
2020-07-17,,,15,1,65,4183,1732,9365
2020-07-18,,,15,1,65,4198,1733,9430
2020-07-19,,,15,1,64,4212,1734,9494
2020-07-20,,,14,1,63,4226,1734,9557
2020-07-21,,,14,1,63,4240,1735,9620
2020-07-22,,,14,1,62,4254,1735,9682
2020-07-23,,,13,0,61,4267,1736,9743
2020-07-24,,,13,0,61,4281,1736,9803
2020-07-25,,,13,0,60,4294,1737,9863
2020-07-26,,,13,0,59,4306,1737,9923
2020-07-27,,,12,0,59,4319,1737,9981
2020-07-28,,,12,0,58,4331,1738,10039
2020-07-29,,,12,0,57,4343,1738,10097
2020-07-30,,,12,0,57,4355,1738,10153
2020-07-31,,,12,0,56,4367,1739,10210
2020-08-01,,,11,0,56,4378,1739,10265
2020-08-02,,,11,0,55,4389,1739,10320
2020-08-03,,,11,0,54,4400,1739,10374
2020-08-04,,,11,0,54,4411,1740,10428
