date,actual_deaths,total_deaths,predicted_deaths_mean,predicted_deaths_lower,predicted_deaths_upper,predicted_total_deaths_mean,predicted_total_deaths_lower,predicted_total_deaths_upper,predicted_new_infected_mean,predicted_new_infected_lower,predicted_new_infected_upper,predicted_current_infected_mean,predicted_current_infected_lower,predicted_current_infected_upper,predicted_total_infected_mean,predicted_total_infected_lower,predicted_total_infected_upper,r_values_mean
2020-02-28,,,,,,,,,58,25,75,58,25,75,58,25,75,1.23827160494
2020-02-29,,,,,,,,,58,25,75,116,50,150,116,50,150,1.23629615717
2020-03-01,,,,,,,,,58,25,75,174,75,225,174,75,225,1.23584999921
2020-03-02,,,,,,,,,58,25,75,232,100,300,232,100,300,1.23530060972
2020-03-03,,,,,,,,,58,25,75,290,125,375,290,125,375,1.23462285269
2020-03-04,,,,,,,,,58,25,75,348,150,450,348,150,450,1.23378484788
2020-03-05,,,,,,,,,58,25,75,406,175,525,406,175,525,1.23274587076
2020-03-06,,,,,,,,,58,25,75,464,200,600,464,200,600,1.23145349044
2020-03-07,,,,,,,,,58,25,75,522,225,675,522,225,675,1.22983965781
2020-03-08,,,,,,,,,124,55,180,646,280,855,646,280,855,1.22773617172
2020-03-09,,,,,,,,,123,54,178,769,334,1032,769,334,1032,1.22517471895
2020-03-10,,,,,,,,,126,56,184,896,391,1216,896,391,1216,1.22191995938
2020-03-11,,,,,,,,,133,59,196,1029,451,1411,1029,451,1411,1.21778104288
2020-03-12,,,,,,,,,147,66,222,1176,517,1633,1176,517,1633,1.21249460051
2020-03-13,,,,,,,,,170,77,260,1346,595,1893,1346,595,1893,1.20572858741
2020-03-14,,,,,,,,,185,85,286,1473,656,2103,1531,681,2178,1.19708276074
2020-03-15,,,,,,,,,196,91,301,1611,722,2328,1727,772,2478,1.18611039221
2020-03-16,,,,,,,,,207,98,313,1760,796,2565,1934,871,2790,1.17237062228
2020-03-17,,,,,,,,,218,105,323,1920,876,2813,2152,976,3113,1.15550341442
2020-03-18,,,,,,,,,232,114,333,2094,965,3071,2384,1090,3446,1.1353170442
2020-03-19,,,,,,,,,243,122,351,2279,1063,3347,2627,1213,3797,1.11185659546
2020-03-20,,,,,,,,,253,130,367,2474,1168,3639,2880,1343,4164,1.08542820567
2020-03-21,,,,,,,,,260,138,379,2675,1282,3942,3140,1482,4542,1.0565805854
2020-03-22,,,,,,,,,265,146,387,2883,1403,4254,3405,1628,4929,1.0260564978
2020-03-23,1,1,,,,,,,270,154,382,3029,1502,4456,3675,1782,5310,0.994730564734
2020-03-24,1,2,,,,,,,274,161,374,3179,1609,4652,3949,1944,5684,0.963540081014
2020-03-25,0,2,,,,,,,275,167,365,3328,1720,4833,4224,2112,6049,0.93341038825
2020-03-26,2,4,,,,,,,275,173,356,3471,1834,4994,4499,2285,6405,0.905178544333
2020-03-27,0,4,,,,,,,274,177,352,3598,1945,5124,4774,2463,6756,0.879522759655
2020-03-28,0,4,,,,,,,272,180,346,3700,2048,5209,5046,2643,7101,0.856906865606
2020-03-29,2,6,,,,,,,270,183,338,3785,2145,5261,5316,2826,7439,0.837548505765
2020-03-30,1,7,,,,,,,267,184,330,3855,2238,5291,5582,3011,7768,0.821419620923
2020-03-31,0,7,,,,,,,263,185,321,3911,2325,5299,5845,3196,8089,0.808284731253
2020-04-01,0,7,,,,,,,259,185,317,3952,2405,5292,6104,3382,8405,0.797770624871
2020-04-02,1,8,,,,,,,255,185,312,3976,2477,5271,6359,3568,8717,0.789446506336
2020-04-03,4,12,,,,,,,251,186,306,3983,2541,5226,6610,3754,9023,0.782890648093
2020-04-04,0,12,,,,,,,247,187,301,3977,2598,5160,6857,3942,9323,0.777730811575
2020-04-05,0,12,,,,,,,243,188,296,3960,2648,5076,7100,4131,9618,0.773659707677
2020-04-06,1,13,,,,,,,238,189,290,3933,2691,4980,7338,4320,9908,0.770433968566
2020-04-07,2,15,,,,,,,234,189,285,3897,2726,4883,7572,4509,10192,0.767865271194
2020-04-08,1,16,,,,,,,230,189,280,3853,2754,4788,7802,4698,10472,0.765809387891
2020-04-09,0,16,,,,,,,226,186,275,3804,2773,4698,8028,4885,10746,0.764156054929
2020-04-10,4,20,,,,,,,221,182,270,3750,2782,4611,8249,5067,11015,0.762820674466
2020-04-11,1,21,,,,,,,217,181,265,3693,2785,4524,8466,5249,11279,0.761737922558
2020-04-12,2,23,,,,,,,213,177,260,3634,2782,4438,8680,5426,11539,0.760856973616
2020-04-13,0,23,,,,,,,209,172,255,3574,2772,4355,8889,5598,11793,0.760137977433
2020-04-14,0,23,,,,,,,205,167,250,3512,2755,4276,9095,5766,12043,0.759549464571
2020-04-15,13,36,,,,,,,202,161,246,3451,2731,4201,9296,5928,12289,0.759066425854
2020-04-16,3,39,,,,,,,198,156,241,3390,2702,4125,9494,6084,12530,0.75866887819
2020-04-17,1,40,,,,,,,194,152,237,3329,2669,4050,9688,6237,12766,0.758340781955
2020-04-18,1,41,,,,,,,190,148,232,3268,2631,3976,9878,6386,12998,0.758069214556
2020-04-19,1,42,,,,,,,187,145,228,3208,2589,3903,10065,6531,13226,0.757843732752
2020-04-20,0,42,,,,,,,183,141,224,3149,2542,3831,10248,6673,13449,0.757655875873
2020-04-21,1,43,,,,,,,180,138,220,3090,2491,3761,10428,6811,13668,0.757498775538
2020-04-22,0,43,,,,,,,176,134,215,3032,2436,3691,10604,6946,13883,0.757366846816
2020-04-23,3,46,,,,,,,173,131,211,2975,2379,3623,10777,7077,14094,0.757255542337
2020-04-24,2,48,,,,,,,169,128,207,2919,2320,3555,10947,7206,14301,0.75714138472
2020-04-25,4,52,,,,,,,166,124,203,2864,2262,3489,11113,7330,14503,0.75704997809
2020-04-26,0,52,,,,,,,163,120,199,2809,2201,3423,11276,7450,14702,0.756968766267
2020-04-27,0,52,,,,,,,160,115,197,2755,2140,3360,11435,7566,14898,0.756889077066
2020-04-28,3,55,,,,,,,156,111,195,2702,2079,3300,11592,7678,15093,0.756813841527
2020-04-29,2,57,,,,,,,153,107,192,2650,2019,3242,11745,7785,15285,0.756731938825
2020-04-30,3,60,,,,,,,150,103,188,2598,1961,3184,11895,7889,15472,0.756714214151
2020-05-01,2,62,,,,,,,147,101,184,2548,1906,3126,12042,7991,15655,0.75669692773
2020-05-02,1,63,,,,,,,144,98,180,2497,1852,3069,12185,8089,15834,0.756680112841
2020-05-03,0,63,,,,,,,141,96,176,2448,1799,3012,12326,8186,16010,0.756663823133
2020-05-04,0,63,,,,,,,138,94,172,2398,1748,2956,12464,8280,16181,0.75664814042
2020-05-05,3,66,,,,,,,135,91,168,2350,1698,2900,12598,8372,16349,0.756633188444
2020-05-06,0,66,,,,,,,132,89,164,2302,1650,2844,12730,8461,16512,0.756619153365
2020-05-07,1,67,,,,,,,129,87,160,2254,1602,2789,12859,8549,16672,0.756606314353
2020-05-08,3,70,,,,,,,126,85,156,2207,1556,2734,12985,8634,16828,0.756595089503
2020-05-09,1,71,,,,,,,123,83,153,2161,1511,2680,13108,8717,16980,0.756586103988
2020-05-10,0,71,,,,,,,120,81,151,2115,1468,2629,13228,8798,17131,0.756580291606
2020-05-11,0,71,,,,,,,117,79,150,2069,1427,2579,13345,8877,17281,0.756579046222
2020-05-12,3,74,,,,,,,114,77,148,2024,1388,2530,13459,8955,17428,0.756584447326
2020-05-13,2,76,,,,,,,111,75,146,1979,1351,2481,13570,9030,17573,0.756599595894
2020-05-14,3,79,,,,,,,109,73,144,1934,1317,2433,13679,9103,17717,0.756629113803
2020-05-15,4,83,,,,,,,106,71,142,1890,1284,2388,13785,9174,17859,0.756679885255
2020-05-16,0,83,,,,,,,103,69,141,1846,1252,2344,13888,9243,17999,0.75676215493
2020-05-17,0,83,,,,,,,100,67,139,1803,1221,2303,13988,9310,18137,0.756891148664
2020-05-18,0,83,,,,,,,97,65,137,1759,1190,2264,14086,9376,18274,0.75708945242
2020-05-19,3,86,,,,,,,95,63,135,1717,1159,2227,14180,9440,18408,0.757390475783
2020-05-20,2,88,,,,,,,92,61,133,1674,1130,2193,14272,9502,18541,0.757843431439
2020-05-21,2,90,,,,,,,89,60,131,1632,1100,2160,14362,9562,18671,0.758520355774
2020-05-22,0,90,,,,,,,87,58,129,1590,1071,2129,14449,9621,18800,0.759525704556
2020-05-23,2,92,,,,,,,84,56,128,1548,1043,2100,14533,9677,18927,0.761008810137
2020-05-24,1,93,,,,,,,82,55,126,1507,1015,2073,14614,9733,19053,0.76317863147
2020-05-25,0,93,,,,,,,79,53,124,1466,988,2046,14694,9787,19177,0.766318145892
2020-05-26,0,93,,,,,,,77,52,123,1426,962,2019,14771,9840,19299,0.770791581065
2020-05-27,0,93,,,,,,,75,51,122,1387,936,1992,14846,9891,19420,0.77703100903
2020-05-28,1,94,,,,,,,73,50,120,1348,912,1967,14919,9942,19540,0.78548150958
2020-05-29,1,95,,,,,,,71,49,120,1311,888,1943,14990,9992,19659,0.796484029067
2020-05-30,0,95,,,,,,,71,48,121,1276,866,1921,15061,10040,19779,0.810097741894
2020-05-31,1,96,,,,,,,70,47,122,1243,844,1903,15131,10088,19901,0.825920162057
2020-06-01,0,96,,,,,,,70,46,124,1213,824,1889,15201,10135,20025,0.843025803697
2020-06-02,1,97,,,,,,,69,45,123,1185,804,1875,15270,10180,20148,0.855926560216
2020-06-03,0,97,,,,,,,69,44,122,1159,785,1862,15339,10225,20270,0.86826716506
2020-06-04,0,97,,,,,,,69,44,122,1136,767,1851,15408,10269,20391,0.879580843258
2020-06-05,4,101,,,,,,,69,43,123,1115,750,1843,15477,10313,20514,0.88955591702
2020-06-06,0,101,,,,,,,69,42,124,1098,735,1838,15546,10356,20638,0.898052335378
2020-06-07,0,101,,,,,,,69,42,125,1083,720,1836,15616,10398,20762,0.90507885388
2020-06-08,0,101,,,,,,,70,41,126,1071,706,1836,15685,10439,20888,0.910749093717
2020-06-09,1,102,,,,,,,70,40,128,1062,693,1840,15755,10480,21016,0.91523478434
2020-06-10,3,105,,,,,,,70,40,129,1055,680,1846,15826,10520,21144,0.918727629396
2020-06-11,4,109,,,,,,,71,40,130,1050,670,1855,15896,10561,21274,0.921413700879
2020-06-12,0,109,,,,,,,71,41,132,1048,660,1866,15967,10602,21405,0.923459319007
2020-06-13,0,109,,,,,,,71,40,133,1048,651,1879,16039,10643,21538,0.925005353075
2020-06-14,3,112,,,,,,,72,40,135,1049,643,1893,16110,10684,21672,0.926166776113
2020-06-15,0,112,,,,,,,72,40,136,1051,636,1906,16183,10724,21807,0.927034994904
2020-06-16,,,1,0,2,113,112,114,73,40,137,1054,630,1919,16255,10765,21944,
2020-06-17,,,1,0,2,113,112,115,73,40,139,1058,624,1935,16329,10805,22083,
2020-06-18,,,1,0,2,114,113,116,74,39,140,1063,619,1953,16402,10844,22222,
2020-06-19,,,1,0,2,115,113,117,74,39,142,1068,614,1973,16476,10883,22364,
2020-06-20,,,1,0,2,115,114,118,75,38,143,1074,609,1993,16551,10922,22506,
2020-06-21,,,1,0,2,116,114,119,75,38,145,1080,604,2014,16626,10960,22651,
2020-06-22,,,1,0,1,116,115,120,76,37,146,1086,600,2034,16702,10998,22796,
2020-06-23,,,1,0,1,117,115,121,76,37,148,1093,595,2056,16778,11035,22944,
2020-06-24,,,1,0,1,118,115,122,77,36,149,1100,591,2077,16855,11072,23093,
2020-06-25,,,1,0,1,118,116,123,77,36,151,1107,587,2099,16932,11108,23243,
2020-06-26,,,1,0,1,119,116,124,78,35,154,1114,582,2123,17010,11144,23396,
2020-06-27,,,1,0,1,119,116,124,78,35,157,1121,576,2148,17088,11179,23553,
2020-06-28,,,1,0,1,120,117,125,79,35,160,1129,571,2175,17167,11214,23712,
2020-06-29,,,0,0,1,120,117,126,79,34,163,1136,565,2204,17247,11249,23875,
2020-06-30,,,0,0,1,121,117,127,80,34,167,1144,558,2234,17327,11283,24041,
2020-07-01,,,0,0,1,121,117,128,81,33,170,1152,552,2267,17407,11317,24211,
2020-07-02,,,1,0,1,122,118,129,81,33,173,1160,545,2301,17489,11350,24384,
2020-07-03,,,1,0,1,122,118,130,81,32,177,1168,539,2338,17570,11383,24560,
2020-07-04,,,1,0,1,123,118,131,82,32,179,1175,532,2375,17652,11416,24738,
2020-07-05,,,1,0,1,123,119,132,82,32,180,1183,526,2412,17734,11448,24918,
2020-07-06,,,1,0,1,124,119,133,83,31,182,1191,519,2449,17817,11480,25099,
2020-07-07,,,1,0,1,124,119,134,83,31,183,1198,513,2485,17900,11511,25281,
2020-07-08,,,1,0,1,125,120,135,83,31,184,1205,507,2522,17983,11543,25465,
2020-07-09,,,1,0,1,125,120,136,83,31,187,1212,502,2560,18066,11574,25652,
2020-07-10,,,1,0,1,126,120,137,84,31,190,1218,497,2599,18150,11605,25842,
2020-07-11,,,1,0,2,126,120,138,84,30,193,1224,492,2639,18234,11636,26035,
2020-07-12,,,1,0,2,127,121,139,84,30,196,1230,487,2679,18318,11667,26231,
2020-07-13,,,1,0,2,127,121,140,84,30,199,1235,483,2718,18402,11697,26430,
2020-07-14,,,1,0,2,128,121,141,84,30,202,1240,478,2757,18486,11728,26632,
2020-07-15,,,1,0,2,128,121,142,84,30,205,1244,474,2796,18571,11758,26836,
2020-07-16,,,1,0,2,129,122,143,84,29,208,1248,470,2834,18655,11788,27044,
2020-07-17,,,1,0,2,130,122,144,84,29,211,1251,467,2871,18739,11818,27254,
2020-07-18,,,1,0,2,130,122,145,84,29,214,1254,463,2909,18824,11847,27468,
2020-07-19,,,1,0,2,131,122,146,84,29,217,1256,460,2946,18908,11876,27684,
2020-07-20,,,1,0,2,131,123,147,84,29,219,1258,457,2985,18992,11905,27902,
2020-07-21,,,1,0,2,132,123,149,84,28,222,1260,454,3025,19076,11934,28124,
2020-07-22,,,1,0,2,132,123,150,84,28,224,1261,451,3067,19160,11963,28348,
2020-07-23,,,1,0,2,133,123,151,84,28,227,1261,448,3110,19244,11991,28574,
2020-07-24,,,1,0,2,133,124,152,84,27,229,1261,444,3152,19328,12019,28803,
2020-07-25,,,1,0,2,134,124,153,83,27,232,1261,441,3193,19411,12047,29035,
2020-07-26,,,1,0,2,135,124,155,83,27,234,1260,437,3234,19494,12074,29268,
2020-07-27,,,1,0,2,135,124,156,83,27,237,1259,434,3274,19577,12101,29505,
2020-07-28,,,1,0,2,136,125,157,83,26,239,1257,430,3314,19660,12128,29743,
2020-07-29,,,1,0,2,136,125,159,82,26,241,1255,426,3352,19742,12155,29984,
2020-07-30,,,1,0,2,137,125,160,82,26,243,1253,422,3390,19824,12181,30226,
2020-07-31,,,1,0,2,138,125,161,82,25,245,1251,418,3427,19906,12207,30471,
2020-08-01,,,1,0,2,138,125,163,81,25,247,1248,414,3464,19987,12233,30718,
2020-08-02,,,1,0,2,139,126,164,81,25,249,1244,410,3499,20068,12258,30966,
2020-08-03,,,1,0,2,139,126,165,81,25,251,1241,406,3533,20149,12283,31217,
2020-08-04,,,1,0,2,140,126,167,80,24,253,1237,402,3567,20229,12308,31469,
2020-08-05,,,1,0,2,141,126,168,80,24,254,1233,398,3599,20309,12332,31723,
2020-08-06,,,1,0,2,141,127,170,80,24,256,1228,393,3631,20389,12357,31978,
2020-08-07,,,1,0,2,142,127,171,79,23,257,1224,389,3661,20468,12380,32235,
2020-08-08,,,1,0,2,142,127,173,79,23,259,1219,385,3691,20547,12404,32493,
2020-08-09,,,1,0,2,143,127,174,78,23,260,1214,380,3719,20625,12427,32753,
2020-08-10,,,1,0,2,144,127,176,78,22,261,1209,376,3746,20703,12450,33014,
2020-08-11,,,1,0,2,144,128,177,78,22,263,1204,371,3772,20781,12473,33276,
2020-08-12,,,1,0,2,145,128,179,77,22,264,1198,367,3797,20858,12495,33539,
2020-08-13,,,1,0,2,145,128,180,77,22,265,1193,362,3821,20935,12517,33804,
2020-08-14,,,1,0,2,146,128,182,76,21,266,1187,358,3843,21011,12539,34069,
2020-08-15,,,1,0,2,147,128,184,76,21,266,1182,353,3864,21087,12560,34335,
2020-08-16,,,1,0,2,147,129,185,76,21,267,1176,349,3884,21163,12582,34601,
2020-08-17,,,1,0,2,148,129,187,75,21,268,1170,344,3903,21238,12603,34869,
2020-08-18,,,1,0,2,148,129,189,75,20,268,1164,340,3921,21313,12624,35137,
2020-08-19,,,1,0,2,149,129,190,74,20,269,1158,336,3937,21387,12644,35405,
2020-08-20,,,1,0,2,150,129,192,74,20,269,1153,331,3951,21462,12664,35674,
2020-08-21,,,1,0,2,150,130,194,74,20,269,1147,327,3965,21535,12684,35943,
2020-08-22,,,1,0,2,151,130,196,73,19,270,1141,323,3977,21608,12704,36212,
2020-08-23,,,1,0,2,151,130,197,73,19,270,1135,320,3988,21681,12724,36481,
2020-08-24,,,1,0,2,152,130,199,72,19,270,1129,316,3997,21754,12744,36750,
2020-08-25,,,1,0,2,152,130,201,72,19,270,1123,312,4006,21826,12763,37019,
2020-08-26,,,1,0,2,153,130,203,72,19,269,1117,309,4012,21898,12782,37288,
2020-08-27,,,1,0,2,154,131,204,71,18,269,1111,305,4018,21969,12801,37557,
2020-08-28,,,1,0,2,154,131,206,71,18,269,1105,302,4022,22040,12820,37825,
2020-08-29,,,1,0,2,155,131,208,71,18,268,1100,299,4024,22111,12839,38093,
2020-08-30,,,1,0,2,155,131,210,70,18,268,1094,296,4026,22181,12857,38360,
2020-08-31,,,1,0,2,156,131,212,70,18,267,1088,293,4026,22251,12875,38627,
2020-09-01,,,1,0,2,156,131,214,70,18,266,1082,290,4024,22321,12894,38893,
2020-09-02,,,1,0,2,157,132,216,69,18,266,1077,288,4022,22390,12912,39158,
2020-09-03,,,1,0,2,157,132,217,69,17,265,1071,285,4018,22459,12930,39423,
2020-09-04,,,1,0,2,158,132,219,69,17,265,1066,283,4014,22527,12948,39687,
2020-09-05,,,1,0,2,159,132,221,68,17,264,1061,280,4008,22596,12965,39951,
2020-09-06,,,1,0,2,159,132,223,68,17,264,1055,278,4002,22664,12983,40214,
2020-09-07,,,1,0,2,160,132,225,68,17,263,1050,276,3996,22731,13000,40476,
2020-09-08,,,1,0,2,160,133,227,67,17,262,1045,273,3988,22799,13017,40738,
2020-09-09,,,1,0,2,161,133,229,67,17,262,1040,271,3980,22866,13035,40999,
2020-09-10,,,1,0,2,161,133,231,67,17,261,1035,269,3972,22933,13052,41260,
2020-09-11,,,1,0,2,162,133,233,67,16,261,1030,267,3964,22999,13069,41520,
2020-09-12,,,1,0,2,162,133,235,66,16,260,1025,265,3955,23066,13085,41779,
2020-09-13,,,1,0,2,163,133,236,66,16,259,1021,263,3946,23132,13102,42038,
2020-09-14,,,1,0,2,163,133,238,66,16,259,1016,261,3937,23197,13118,42296,
2020-09-15,,,1,0,2,164,134,240,65,16,258,1012,259,3928,23263,13135,42554,
2020-09-16,,,1,0,2,164,134,242,65,16,258,1007,257,3919,23328,13151,42811,
2020-09-17,,,1,0,2,165,134,244,65,16,257,1003,255,3911,23393,13167,43068,
2020-09-18,,,1,0,2,165,134,246,65,16,256,999,253,3902,23458,13184,43324,
2020-09-19,,,1,0,2,166,134,248,64,16,256,995,252,3893,23522,13200,43579,
2020-09-20,,,1,0,2,166,134,250,64,15,255,991,250,3884,23586,13215,43834,
2020-09-21,,,1,0,2,167,134,252,64,15,255,987,248,3875,23650,13231,44088,
2020-09-22,,,0,0,2,167,135,254,64,15,254,983,246,3867,23714,13247,44342,
2020-09-23,,,0,0,2,168,135,256,64,15,254,979,245,3858,23778,13263,44595,
2020-09-24,,,0,0,2,168,135,257,63,15,253,975,243,3849,23841,13278,44848,
2020-09-25,,,0,0,2,169,135,259,63,15,252,972,242,3840,23904,13294,45099,
2020-09-26,,,0,0,2,169,135,261,63,15,252,968,240,3831,23967,13309,45351,
2020-09-27,,,0,0,2,170,135,263,63,15,251,965,239,3823,24030,13325,45601,
2020-09-28,,,0,0,2,170,135,265,63,15,251,961,238,3814,24093,13340,45852,
2020-09-29,,,0,0,2,171,135,267,62,15,250,958,236,3805,24155,13355,46101,
2020-09-30,,,0,0,2,171,136,269,62,15,250,955,235,3797,24217,13371,46350,
2020-10-01,,,0,0,2,172,136,271,62,15,249,951,234,3788,24279,13386,46599,
