date,actual_deaths,total_deaths,predicted_deaths_mean,predicted_deaths_lower,predicted_deaths_upper,predicted_total_deaths_mean,predicted_total_deaths_lower,predicted_total_deaths_upper,predicted_new_infected_mean,predicted_new_infected_lower,predicted_new_infected_upper,predicted_current_infected_mean,predicted_current_infected_lower,predicted_current_infected_upper,predicted_total_infected_mean,predicted_total_infected_lower,predicted_total_infected_upper,r_values_mean
2020-03-01,,,,,,,,,37,20,50,37,20,50,37,20,50,1.2249449289
2020-03-02,,,,,,,,,37,20,50,74,40,100,74,40,100,1.22350490396
2020-03-03,,,,,,,,,37,20,50,111,60,150,111,60,150,1.22318541236
2020-03-04,,,,,,,,,37,20,50,148,80,200,148,80,200,1.2227947227
2020-03-05,,,,,,,,,37,20,50,185,100,250,185,100,250,1.22231674748
2020-03-06,,,,,,,,,37,20,50,222,120,300,222,120,300,1.22173161404
2020-03-07,,,,,,,,,37,20,50,259,140,350,259,140,350,1.22101468227
2020-03-08,,,,,,,,,37,20,50,297,160,400,297,160,400,1.22013526579
2020-03-09,,,,,,,,,37,20,50,334,180,450,334,180,450,1.21905496733
2020-03-10,,,,,,,,,80,47,110,414,227,560,414,227,560,1.21769854571
2020-03-11,,,,,,,,,80,47,110,493,275,670,493,275,670,1.21605589701
2020-03-12,,,,,,,,,82,49,113,575,325,782,575,325,782,1.21402307995
2020-03-13,,,,,,,,,86,53,119,661,378,900,661,378,900,1.21150952353
2020-03-14,,,,,,,,,96,60,133,757,439,1033,757,439,1033,1.20840053184
2020-03-15,,,,,,,,,111,72,154,869,512,1186,869,512,1186,1.20456404094
2020-03-16,,,,,,,,,122,81,169,954,573,1304,991,593,1354,1.1998598118
2020-03-17,,,,,,,,,130,88,179,1047,642,1432,1121,682,1532,1.19415860906
2020-03-18,,,,,,,,,139,96,190,1149,719,1572,1260,779,1722,1.18737006582
2020-03-19,,,,,,,,,148,105,202,1261,805,1723,1409,885,1923,1.17946887434
2020-03-20,,,,,,,,,160,116,216,1383,902,1888,1568,1002,2138,1.1705111863
2020-03-21,,,,,,,,,170,127,229,1516,1010,2066,1739,1130,2366,1.16063474342
2020-03-22,,,,,,,,,180,133,243,1660,1124,2259,1919,1264,2609,1.15004513647
2020-03-23,,,,,,,,,190,140,256,1812,1244,2464,2109,1404,2864,1.13899664279
2020-03-24,,,,,,,,,199,146,265,1974,1371,2679,2308,1551,3129,1.12777145578
2020-03-25,1,1,,,,,,,208,153,278,2103,1476,2847,2516,1704,3407,1.11665897762
2020-03-26,0,1,,,,,,,218,159,292,2241,1588,3030,2734,1864,3699,1.10593594528
2020-03-27,2,3,,,,,,,227,165,304,2386,1704,3221,2961,2030,4002,1.09584882282
2020-03-28,1,4,,,,,,,236,172,313,2536,1824,3415,3197,2202,4315,1.08659941437
2020-03-29,0,4,,,,,,,244,179,324,2683,1942,3606,3441,2381,4638,1.0783330317
2020-03-30,0,4,,,,,,,252,185,333,2824,2055,3785,3693,2567,4971,1.07112901218
2020-03-31,3,7,,,,,,,260,192,341,2962,2166,3958,3953,2760,5311,1.06499635112
2020-04-01,3,10,,,,,,,268,199,349,3100,2277,4127,4221,2960,5659,1.05987918794
2020-04-02,3,13,,,,,,,276,206,357,3237,2386,4294,4497,3166,6016,1.05567368965
2020-04-03,0,13,,,,,,,284,212,365,3372,2494,4458,4781,3379,6380,1.05225127127
2020-04-04,1,14,,,,,,,291,219,372,3504,2596,4614,5072,3599,6752,1.04948002014
2020-04-05,0,14,,,,,,,299,226,379,3632,2695,4765,5371,3825,7131,1.04723899023
2020-04-06,0,14,,,,,,,306,233,386,3758,2794,4908,5677,4058,7516,1.04542476721
2020-04-07,1,15,,,,,,,313,239,393,3881,2893,5045,5990,4298,7909,1.04395253151
2020-04-08,2,17,,,,,,,321,246,399,4003,2993,5179,6311,4544,8308,1.04275425253
2020-04-09,0,17,,,,,,,328,253,406,4123,3093,5307,6639,4798,8713,1.04177588672
2020-04-10,0,17,,,,,,,335,260,413,4240,3194,5427,6974,5058,9125,1.04097457769
2020-04-11,1,18,,,,,,,342,266,419,4355,3294,5542,7316,5324,9544,1.04031625569
2020-04-12,1,19,,,,,,,349,272,426,4469,3395,5654,7666,5597,9969,1.03977371836
2020-04-13,0,19,,,,,,,356,278,432,4581,3494,5763,8022,5876,10401,1.03932514354
2020-04-14,0,19,,,,,,,363,285,439,4693,3594,5869,8385,6161,10839,1.03895294836
2020-04-15,3,22,,,,,,,370,292,445,4803,3693,5973,8756,6454,11283,1.0386429128
2020-04-16,3,25,,,,,,,377,299,450,4912,3792,6074,9133,6753,11733,1.03838350182
2020-04-17,3,28,,,,,,,384,305,458,5020,3892,6175,9517,7059,12190,1.03816533648
2020-04-18,4,32,,,,,,,391,312,466,5127,3991,6276,9908,7371,12655,1.03798077759
2020-04-19,0,32,,,,,,,398,319,474,5233,4091,6377,10305,7690,13129,1.03782359496
2020-04-20,1,33,,,,,,,404,324,483,5339,4190,6481,10710,8015,13611,1.03768870271
2020-04-21,0,33,,,,,,,411,330,493,5444,4287,6588,11121,8346,14104,1.03757194618
2020-04-22,1,34,,,,,,,418,337,503,5548,4385,6698,11539,8683,14606,1.03745236011
2020-04-23,2,36,,,,,,,424,343,512,5652,4482,6811,11963,9027,15118,1.03734272386
2020-04-24,0,36,,,,,,,431,349,522,5755,4577,6927,12394,9376,15640,1.037240711
2020-04-25,2,38,,,,,,,438,354,532,5858,4672,7046,12832,9730,16171,1.03715258619
2020-04-26,1,39,,,,,,,444,360,541,5960,4766,7169,13276,10091,16712,1.03706533725
2020-04-27,0,39,,,,,,,451,366,551,6061,4859,7294,13727,10457,17262,1.03698575734
2020-04-28,3,42,,,,,,,457,371,560,6162,4953,7422,14184,10829,17822,1.03694974808
2020-04-29,2,44,,,,,,,464,377,570,6263,5045,7553,14648,11207,18392,1.03691334793
2020-04-30,1,45,,,,,,,470,382,579,6363,5135,7688,15118,11590,18971,1.03687663089
2020-05-01,5,50,,,,,,,477,387,589,6462,5223,7827,15595,11977,19559,1.03683970833
2020-05-02,2,52,,,,,,,483,391,598,6561,5309,7968,16078,12368,20157,1.03680274498
2020-05-03,0,52,,,,,,,489,395,608,6660,5392,8109,16567,12764,20764,1.03676598528
2020-05-04,5,57,,,,,,,496,400,617,6758,5473,8253,17063,13164,21381,1.03672979243
2020-05-05,12,69,,,,,,,502,405,627,6855,5554,8396,17565,13570,22007,1.03669470677
2020-05-06,-4,65,,,,,,,508,411,636,6952,5635,8539,18073,13981,22643,1.036661533
2020-05-07,1,66,,,,,,,514,414,645,7049,5712,8682,18587,14395,23287,1.03663146958
2020-05-08,5,71,,,,,,,521,418,655,7145,5787,8824,19108,14814,23942,1.03660630113
2020-05-09,3,74,,,,,,,527,423,664,7240,5862,8966,19635,15238,24605,1.0365886841
2020-05-10,2,76,,,,,,,533,429,673,7336,5936,9107,20168,15667,25278,1.03658256993
2020-05-11,0,76,,,,,,,539,434,683,7430,6010,9249,20707,16102,25960,1.03659382964
2020-05-12,1,77,,,,,,,545,439,692,7525,6084,9390,21252,16542,26651,1.03663117053
2020-05-13,3,80,,,,,,,551,445,701,7619,6157,9530,21803,16987,27352,1.03670747067
2020-05-14,0,80,,,,,,,557,450,710,7712,6230,9670,22360,17437,28061,1.03684169745
2020-05-15,4,84,,,,,,,563,455,719,7805,6303,9810,22923,17893,28780,1.03706161238
2020-05-16,2,86,,,,,,,570,461,729,7898,6377,9950,23493,18355,29508,1.03740746778
2020-05-17,2,88,,,,,,,576,467,738,7991,6453,10089,24069,18822,30246,1.03793680539
2020-05-18,0,88,,,,,,,582,472,747,8084,6531,10229,24651,19295,30992,1.0387301374
2020-05-19,0,88,,,,,,,589,477,757,8177,6607,10368,25240,19772,31749,1.0398964878
2020-05-20,10,98,,,,,,,596,480,768,8271,6683,10509,25836,20253,32516,1.04157617272
2020-05-21,14,112,,,,,,,603,485,779,8366,6757,10652,26439,20738,33294,1.04393562644
2020-05-22,6,118,,,,,,,611,490,792,8463,6833,10799,27050,21228,34086,1.04714626219
2020-05-23,12,130,,,,,,,620,493,807,8562,6908,10951,27670,21722,34892,1.05133932881
2020-05-24,1,131,,,,,,,630,495,822,8665,6979,11109,28300,22217,35714,1.05653746651
2020-05-25,2,133,,,,,,,641,496,838,8773,7046,11274,28941,22713,36552,1.06258541576
2020-05-26,-2,131,,,,,,,652,497,858,8886,7109,11449,29593,23211,37409,1.06912644097
2020-05-27,5,136,,,,,,,664,498,878,9005,7167,11635,30256,23709,38286,1.07404595734
2020-05-28,6,142,,,,,,,676,499,898,9129,7221,11832,30932,24208,39184,1.07874824417
2020-05-29,3,145,,,,,,,689,499,920,9260,7270,12042,31621,24708,40103,1.08305349843
2020-05-30,1,146,,,,,,,702,500,945,9399,7315,12267,32323,25209,41047,1.08684163116
2020-05-31,1,147,,,,,,,716,501,970,9546,7355,12509,33039,25710,42017,1.09005869505
2020-06-01,0,147,,,,,,,731,502,997,9701,7390,12768,33770,26212,43014,1.09270807824
2020-06-02,3,150,,,,,,,746,502,1025,9865,7420,13046,34516,26715,44038,1.09483356999
2020-06-03,8,158,,,,,,,761,503,1053,10037,7446,13343,35277,27218,45091,1.0965013199
2020-06-04,7,165,,,,,,,777,504,1083,10219,7469,13658,36055,27723,46174,1.09778518828
2020-06-05,9,174,,,,,,,794,505,1114,10410,7489,13993,36848,28228,47287,1.09875684986
2020-06-06,2,176,,,,,,,811,505,1145,10609,7504,14346,37659,28733,48432,1.0994803596
2020-06-07,1,177,,,,,,,828,506,1178,10817,7517,14717,38487,29240,49609,1.10000995748
2020-06-08,0,177,,,,,,,846,507,1211,11033,7529,15106,39333,29747,50819,1.10038990233
2020-06-09,8,185,,,,,,,864,507,1245,11256,7541,15513,40196,30255,52064,1.10065537372
2020-06-10,13,198,,,,,,,882,508,1281,11486,7552,15936,41079,30764,53344,1.10083380798
2020-06-11,4,202,,,,,,,901,509,1317,11724,7564,16375,41980,31273,54661,1.10094630735
2020-06-12,8,210,,,,,,,921,510,1354,11969,7575,16831,42901,31783,56014,1.10100893803
2020-06-13,7,217,,,,,,,941,510,1392,12221,7585,17304,43841,32294,57406,1.10103383952
2020-06-14,4,221,,,,,,,961,511,1432,12480,7596,17791,44802,32806,58838,1.10103013271
2020-06-15,0,221,,,,,,,982,512,1472,12745,7608,18293,45784,33318,60309,1.10100464008
2020-06-16,,,5,3,7,226,224,228,1003,512,1514,13018,7619,18809,46787,33831,61822,
2020-06-17,,,5,3,7,231,228,235,1025,513,1556,13297,7629,19340,47812,34344,63378,
2020-06-18,,,5,3,7,236,232,242,1047,514,1600,13583,7640,19886,48860,34859,64977,
2020-06-19,,,5,3,8,242,236,249,1070,514,1645,13875,7651,20448,49930,35374,66621,
2020-06-20,,,5,3,8,247,240,256,1094,515,1691,14175,7661,21025,51024,35889,68311,
2020-06-21,,,5,3,8,252,244,263,1118,516,1738,14482,7672,21617,52141,36406,70049,
2020-06-22,,,5,3,8,258,248,271,1142,516,1786,14796,7682,22226,53283,36923,71834,
2020-06-23,,,6,3,8,263,251,278,1167,517,1836,15118,7693,22851,54450,37440,73670,
2020-06-24,,,6,3,8,269,255,286,1193,518,1887,15447,7703,23493,55643,37959,75557,
2020-06-25,,,6,3,8,275,259,294,1219,518,1940,15783,7713,24152,56862,38478,77496,
2020-06-26,,,6,3,8,280,262,302,1242,518,1987,16125,7722,24822,58104,38996,79482,
2020-06-27,,,6,3,9,286,266,310,1267,517,2036,16470,7730,25503,59371,39513,81517,
2020-06-28,,,6,3,9,292,270,318,1291,516,2085,16821,7736,26196,60662,40030,83602,
2020-06-29,,,6,3,9,298,273,327,1315,516,2137,17175,7740,26901,61977,40546,85738,
2020-06-30,,,6,3,9,304,277,335,1340,514,2189,17533,7743,27618,63317,41061,87927,
2020-07-01,,,6,3,9,310,281,344,1363,513,2241,17893,7743,28346,64680,41575,90168,
2020-07-02,,,6,3,10,316,284,353,1387,511,2291,18255,7741,29081,66067,42086,92458,
2020-07-03,,,6,3,10,323,288,363,1410,509,2339,18617,7736,29820,67477,42595,94797,
2020-07-04,,,7,3,10,329,291,372,1433,507,2387,18979,7729,30563,68909,43103,97184,
2020-07-05,,,7,3,10,336,295,382,1455,504,2440,19341,7718,31312,70365,43607,99623,
2020-07-06,,,7,3,11,343,299,393,1477,501,2488,19701,7703,32062,71842,44109,102110,
2020-07-07,,,7,3,11,350,302,403,1499,498,2531,20057,7685,32807,73341,44608,104641,
2020-07-08,,,7,3,11,357,306,414,1520,495,2575,20410,7663,33546,74861,45104,107215,
2020-07-09,,,7,3,12,365,310,425,1541,492,2619,20758,7637,34278,76401,45596,109834,
2020-07-10,,,7,3,12,372,313,437,1561,488,2662,21100,7607,35000,77962,46085,112495,
2020-07-11,,,8,3,12,380,317,449,1581,484,2705,21438,7574,35718,79543,46570,115200,
2020-07-12,,,8,3,13,388,321,461,1600,480,2747,21772,7537,36429,81143,47051,117946,
2020-07-13,,,8,3,13,396,324,473,1618,476,2787,22099,7496,37131,82761,47527,120732,
2020-07-14,,,8,3,13,404,328,486,1636,471,2826,22420,7452,37820,84397,47999,123557,
2020-07-15,,,8,3,14,412,332,499,1654,467,2863,22734,7404,38494,86051,48466,126420,
2020-07-16,,,9,3,14,421,335,513,1670,462,2899,23041,7354,39151,87721,48929,129318,
2020-07-17,,,9,3,14,429,339,526,1686,457,2933,23340,7300,39793,89407,49386,132251,
2020-07-18,,,9,3,15,438,343,541,1702,452,2967,23632,7242,40421,91109,49838,135217,
2020-07-19,,,9,3,15,447,347,555,1716,446,3000,23916,7182,41033,92825,50285,138216,
2020-07-20,,,9,3,15,457,350,570,1730,441,3032,24191,7119,41626,94555,50727,141248,
2020-07-21,,,9,3,16,466,354,585,1743,435,3063,24457,7053,42202,96298,51163,144311,
2020-07-22,,,10,3,16,475,358,601,1756,430,3093,24714,6984,42764,98054,51593,147404,
2020-07-23,,,10,3,17,485,361,617,1767,424,3121,24961,6913,43309,99822,52017,150524,
2020-07-24,,,10,3,17,495,365,633,1779,418,3147,25199,6838,43837,101600,52435,153671,
2020-07-25,,,10,3,17,505,368,650,1789,412,3172,25427,6762,44347,103389,52847,156842,
2020-07-26,,,10,3,18,515,372,667,1799,405,3198,25645,6683,44840,105188,53253,160039,
2020-07-27,,,10,3,18,526,376,685,1808,399,3218,25853,6602,45312,106996,53653,163257,
2020-07-28,,,11,3,18,536,379,702,1816,393,3238,26051,6519,45762,108812,54046,166494,
2020-07-29,,,11,3,19,547,383,720,1824,389,3255,26238,6436,46192,110635,54435,169749,
2020-07-30,,,11,3,19,558,386,739,1831,383,3270,26415,6353,46599,112466,54819,173019,
2020-07-31,,,11,3,19,569,390,757,1837,377,3288,26582,6268,46989,114303,55197,176306,
2020-08-01,,,11,3,19,580,393,776,1843,370,3304,26739,6181,47359,116146,55568,179609,
2020-08-02,,,11,3,20,591,397,796,1848,364,3318,26885,6093,47710,117994,55932,182927,
2020-08-03,,,11,3,20,603,400,815,1853,357,3330,27022,6004,48041,119847,56290,186257,
2020-08-04,,,12,3,20,614,404,835,1857,351,3354,27148,5914,48362,121704,56641,189610,
2020-08-05,,,12,3,21,626,407,855,1860,344,3377,27265,5822,48675,123564,56986,192986,
2020-08-06,,,12,3,21,638,410,876,1863,337,3400,27372,5730,48982,125427,57324,196385,
2020-08-07,,,12,3,21,650,413,896,1865,331,3411,27470,5637,49272,127292,57655,199796,
2020-08-08,,,12,3,21,662,417,917,1867,325,3444,27559,5545,49569,129159,57980,203239,
2020-08-09,,,12,3,22,674,420,938,1868,319,3478,27638,5452,49875,131027,58300,206717,
2020-08-10,,,12,3,22,686,423,960,1869,313,3503,27709,5360,50181,132896,58613,210220,
2020-08-11,,,12,3,22,698,426,981,1870,307,3535,27770,5268,50497,134766,58921,213754,
2020-08-12,,,12,3,22,711,429,1003,1869,302,3572,27824,5177,50832,136635,59223,217325,
2020-08-13,,,13,3,23,723,432,1025,1869,296,3597,27869,5084,51173,138504,59520,220922,
2020-08-14,,,13,3,23,736,435,1047,1868,290,3623,27906,4991,51526,140372,59811,224544,
2020-08-15,,,13,2,23,748,438,1070,1867,285,3648,27936,4899,51886,142239,60096,228192,
2020-08-16,,,13,2,23,761,441,1092,1865,280,3672,27958,4808,52254,144104,60377,231863,
2020-08-17,,,13,2,23,774,444,1115,1863,275,3696,27973,4719,52632,145967,60652,235559,
2020-08-18,,,13,2,23,787,447,1138,1861,270,3724,27981,4632,53026,147828,60922,239283,
2020-08-19,,,13,2,24,800,450,1161,1858,265,3736,27983,4546,53408,149686,61188,243018,
2020-08-20,,,13,2,24,813,453,1184,1855,260,3734,27978,4462,53765,151542,61449,246751,
2020-08-21,,,13,2,24,826,455,1207,1852,256,3754,27967,4381,54120,153393,61705,250505,
2020-08-22,,,13,2,24,839,458,1231,1848,251,3778,27950,4301,54487,155241,61956,254282,
2020-08-23,,,13,2,24,852,461,1254,1844,247,3800,27927,4223,54843,157086,62204,258081,
2020-08-24,,,13,2,24,865,463,1278,1840,242,3821,27898,4146,55185,158926,62446,261901,
2020-08-25,,,13,2,24,878,466,1302,1835,238,3848,27865,4071,55529,160761,62685,265748,
2020-08-26,,,13,2,24,892,468,1326,1831,234,3873,27826,3998,55867,162592,62919,269621,
2020-08-27,,,13,2,25,905,471,1350,1826,230,3874,27782,3926,56170,164417,63150,273495,
2020-08-28,,,13,2,25,918,473,1374,1821,226,3898,27734,3856,56471,166238,63376,277392,
2020-08-29,,,13,2,25,931,475,1398,1815,222,3883,27681,3787,56731,168053,63599,281275,
2020-08-30,,,13,2,25,945,478,1423,1810,218,3867,27624,3720,56950,169863,63817,285141,
2020-08-31,,,13,2,25,958,480,1447,1804,214,3856,27562,3655,57133,171666,64032,288996,
2020-09-01,,,13,2,25,971,482,1472,1798,211,3848,27497,3591,57286,173464,64243,292844,
2020-09-02,,,13,2,26,985,484,1498,1792,207,3864,27428,3528,57426,175256,64451,296708,
2020-09-03,,,13,2,26,998,487,1523,1785,204,3882,27355,3467,57572,177041,64655,300590,
2020-09-04,,,13,2,26,1011,489,1549,1779,200,3899,27279,3407,57738,178821,64856,304488,
2020-09-05,,,13,2,26,1024,491,1574,1773,197,3915,27200,3348,57898,180593,65054,308402,
2020-09-06,,,13,2,26,1038,493,1600,1766,194,3929,27118,3291,58049,182359,65248,312331,
2020-09-07,,,13,1,27,1051,495,1627,1759,190,3942,27033,3235,58192,184119,65439,316272,
2020-09-08,,,13,1,27,1064,497,1653,1753,187,3934,26946,3180,58305,185871,65627,320206,
2020-09-09,,,13,1,27,1078,499,1680,1746,184,3929,26856,3126,58387,187617,65811,324135,
2020-09-10,,,13,1,27,1091,501,1706,1739,181,3923,26764,3073,58437,189356,65993,328058,
2020-09-11,,,13,1,27,1104,502,1733,1732,178,3915,26670,3022,58478,191088,66172,331972,
2020-09-12,,,13,1,27,1117,504,1759,1725,175,3906,26574,2971,58486,192812,66348,335877,
2020-09-13,,,13,1,27,1130,506,1786,1717,173,3895,26476,2922,58498,194529,66521,339772,
2020-09-14,,,13,1,28,1143,508,1813,1710,170,3883,26377,2874,58514,196239,66692,343654,
2020-09-15,,,13,1,28,1157,510,1841,1702,167,3869,26275,2827,58527,197942,66859,347522,
2020-09-16,,,13,1,28,1170,511,1868,1695,165,3854,26173,2781,58532,199637,67025,351376,
2020-09-17,,,13,1,28,1183,513,1896,1687,162,3837,26068,2736,58505,201324,67187,355212,
2020-09-18,,,13,1,28,1196,515,1923,1680,160,3819,25962,2691,58442,203004,67347,359031,
2020-09-19,,,13,1,28,1209,516,1951,1672,157,3800,25855,2648,58343,204676,67505,362831,
2020-09-20,,,13,1,28,1221,518,1979,1664,155,3779,25747,2606,58208,206340,67660,366610,
2020-09-21,,,13,1,28,1234,519,2006,1656,152,3760,25637,2565,58039,207997,67813,370369,
2020-09-22,,,13,1,28,1247,521,2034,1649,150,3741,25527,2524,57838,209645,67963,374110,
2020-09-23,,,13,1,28,1260,522,2061,1641,148,3722,25415,2485,57626,211286,68112,377831,
2020-09-24,,,13,1,28,1273,524,2088,1633,146,3702,25302,2446,57398,212919,68258,381533,
2020-09-25,,,13,1,28,1285,525,2116,1625,143,3681,25188,2408,57156,214544,68402,385213,
2020-09-26,,,13,1,28,1298,527,2144,1617,141,3659,25073,2371,56900,216160,68543,388871,
2020-09-27,,,13,1,28,1311,528,2172,1609,139,3640,24957,2335,56634,217769,68683,392510,
2020-09-28,,,13,1,28,1323,530,2200,1601,137,3620,24841,2299,56359,219370,68821,396130,
2020-09-29,,,13,1,29,1336,531,2228,1593,135,3600,24723,2264,56076,220962,68957,399729,
2020-09-30,,,12,1,28,1348,532,2256,1584,133,3579,24605,2231,55786,222547,69090,403308,
2020-10-01,,,12,1,28,1361,534,2284,1576,131,3558,24486,2197,55490,224123,69222,406865,
