date,actual_deaths,total_deaths,predicted_deaths_mean,predicted_deaths_lower,predicted_deaths_upper,predicted_total_deaths_mean,predicted_total_deaths_lower,predicted_total_deaths_upper,predicted_new_infected_mean,predicted_new_infected_lower,predicted_new_infected_upper,predicted_current_infected_mean,predicted_current_infected_lower,predicted_current_infected_upper,predicted_total_infected_mean,predicted_total_infected_lower,predicted_total_infected_upper,r_values_mean
2020-02-16,,,,,,,,,29,10,30,29,10,30,29,10,30,1.06543209877
2020-02-17,,,,,,,,,29,10,30,57,20,60,57,20,60,1.06526561144
2020-02-18,,,,,,,,,29,10,30,86,30,90,86,30,90,1.06522873052
2020-02-19,,,,,,,,,29,10,30,115,40,120,115,40,120,1.06518367406
2020-02-20,,,,,,,,,29,10,30,143,50,150,143,50,150,1.065128627
2020-02-21,,,,,,,,,29,10,30,172,60,180,172,60,180,1.06506136992
2020-02-22,,,,,,,,,29,10,30,200,70,210,200,70,210,1.06497918825
2020-02-23,,,,,,,,,29,10,30,229,80,240,229,80,240,1.06487876073
2020-02-24,,,,,,,,,29,10,30,258,90,270,258,90,270,1.06475602213
2020-02-25,,,,,,,,,59,23,66,316,113,336,316,113,336,1.06456707075
2020-02-26,,,,,,,,,58,23,66,375,137,402,375,137,402,1.0643787949
2020-02-27,,,,,,,,,60,24,68,434,162,470,434,162,470,1.06414451362
2020-02-28,,,,,,,,,62,26,72,497,189,541,497,189,541,1.06386023795
2020-02-29,,,,,,,,,68,30,80,565,219,621,565,219,621,1.06351440655
2020-03-01,,,,,,,,,78,36,93,643,256,714,643,256,714,1.06309285178
2020-03-02,,,,,,,,,85,40,103,699,287,786,727,297,816,1.06257787329
2020-03-03,,,,,,,,,89,44,110,760,321,866,817,341,926,1.06194768724
2020-03-04,,,,,,,,,94,48,118,826,360,953,911,390,1043,1.06117642718
2020-03-05,,,,,,,,,100,53,126,897,403,1049,1011,443,1169,1.06023163187
2020-03-06,,,,,,,,,106,59,137,974,453,1156,1117,503,1306,1.05907224422
2020-03-07,,,,,,,,,113,65,147,1058,508,1273,1230,568,1453,1.05764657926
2020-03-08,,,,,,,,,118,71,157,1148,569,1400,1348,639,1610,1.0558890679
2020-03-09,,,,,,,,,124,77,167,1243,637,1536,1472,717,1776,1.05371656696
2020-03-10,,,,,,,,,129,84,177,1344,711,1682,1601,801,1952,1.05102296268
2020-03-11,1,1,,,,,,,135,91,187,1420,779,1803,1736,893,2139,1.04767268594
2020-03-12,0,1,,,,,,,140,99,197,1502,854,1934,1877,992,2335,1.04349381392
2020-03-13,0,1,,,,,,,146,107,206,1588,937,2072,2022,1100,2541,1.03827251642
2020-03-14,-1,0,,,,,,,150,115,214,1676,1027,2214,2173,1216,2755,1.03175297298
2020-03-15,1,1,,,,,,,155,124,221,1762,1121,2355,2327,1340,2976,1.02364953384
2020-03-16,1,2,,,,,,,159,133,226,1843,1218,2488,2486,1474,3201,1.01367954143
2020-03-17,0,2,,,,,,,162,136,228,1921,1313,2613,2648,1610,3428,1.00162091426
2020-03-18,0,2,,,,,,,165,138,228,1996,1406,2730,2813,1748,3655,0.987384049854
2020-03-19,1,3,,,,,,,167,138,229,2068,1497,2841,2979,1887,3884,0.971068043159
2020-03-20,0,3,,,,,,,167,136,230,2136,1580,2945,3147,2024,4114,0.952966573107
2020-03-21,0,3,,,,,,,168,136,230,2197,1657,3038,3315,2160,4343,0.933515454236
2020-03-22,0,3,,,,,,,167,135,222,2252,1726,3113,3482,2295,4565,0.913212464321
2020-03-23,1,4,,,,,,,166,133,210,2299,1789,3166,3647,2429,4775,0.892550748203
2020-03-24,0,4,,,,,,,164,131,202,2339,1843,3201,3811,2561,4977,0.871984053142
2020-03-25,1,5,,,,,,,161,129,196,2370,1888,3221,3972,2690,5173,0.851916906178
2020-03-26,0,5,,,,,,,158,126,190,2393,1923,3224,4129,2817,5362,0.832706341156
2020-03-27,1,6,,,,,,,154,122,184,2407,1947,3211,4283,2939,5546,0.814666250165
2020-03-28,0,6,,,,,,,150,118,180,2411,1958,3185,4433,3058,5725,0.798068068703
2020-03-29,0,6,,,,,,,146,115,176,2407,1957,3147,4579,3173,5901,0.783131357607
2020-03-30,1,7,,,,,,,142,110,173,2394,1943,3099,4721,3284,6074,0.770002006098
2020-03-31,0,7,,,,,,,137,104,172,2372,1914,3044,4858,3388,6245,0.758727193728
2020-04-01,0,7,,,,,,,133,98,169,2343,1876,2986,4991,3487,6414,0.749245206824
2020-04-02,2,9,,,,,,,129,93,164,2307,1831,2922,5119,3580,6577,0.741401739391
2020-04-03,1,10,,,,,,,124,89,158,2264,1782,2850,5244,3670,6734,0.734986450969
2020-04-04,0,10,,,,,,,120,86,154,2217,1732,2774,5364,3756,6888,0.729772540729
2020-04-05,6,16,,,,,,,116,83,152,2166,1679,2696,5480,3840,7039,0.725545789772
2020-04-06,2,18,,,,,,,112,80,149,2111,1625,2624,5593,3920,7188,0.722119498555
2020-04-07,3,21,,,,,,,109,77,147,2054,1569,2560,5701,3998,7334,0.719338519942
2020-04-08,1,22,,,,,,,105,74,144,1996,1512,2501,5806,4073,7478,0.717077215341
2020-04-09,11,33,,,,,,,102,72,141,1937,1455,2446,5908,4145,7618,0.715235023748
2020-04-10,-9,24,,,,,,,98,68,138,1877,1397,2394,6006,4214,7756,0.71373170379
2020-04-11,0,24,,,,,,,95,65,136,1818,1340,2345,6102,4280,7891,0.712503126126
2020-04-12,2,26,,,,,,,92,62,133,1761,1284,2299,6194,4343,8023,0.711497850214
2020-04-13,1,27,,,,,,,89,60,130,1704,1229,2252,6283,4403,8153,0.710674440667
2020-04-14,1,28,,,,,,,87,57,127,1649,1176,2207,6370,4461,8280,0.709999390963
2020-04-15,4,32,,,,,,,84,55,125,1596,1127,2160,6454,4516,8404,0.709445517426
2020-04-16,0,32,,,,,,,81,52,122,1544,1081,2113,6535,4569,8526,0.708990709102
2020-04-17,0,32,,,,,,,79,50,120,1494,1039,2068,6614,4620,8645,0.708616946035
2020-04-18,1,33,,,,,,,76,48,117,1446,998,2027,6690,4668,8761,0.708309521289
2020-04-19,1,34,,,,,,,74,46,114,1400,958,1987,6764,4715,8875,0.708056419471
2020-04-20,0,34,,,,,,,72,45,112,1356,920,1947,6836,4760,8986,0.707794553032
2020-04-21,1,35,,,,,,,70,43,109,1313,883,1908,6906,4804,9095,0.707564016664
2020-04-22,1,36,,,,,,,68,41,107,1272,847,1868,6974,4845,9202,0.707384113189
2020-04-23,5,41,,,,,,,66,40,105,1233,812,1829,7039,4885,9306,0.707214526825
2020-04-24,0,41,,,,,,,64,38,102,1195,778,1790,7103,4924,9407,0.707053877792
2020-04-25,0,41,,,,,,,62,37,100,1158,747,1751,7164,4961,9507,0.706907792331
2020-04-26,0,41,,,,,,,60,35,97,1123,717,1713,7224,4997,9604,0.706901522881
2020-04-27,0,41,,,,,,,58,34,95,1088,688,1675,7282,5032,9698,0.706896082217
2020-04-28,0,41,,,,,,,56,33,93,1055,662,1638,7339,5065,9791,0.706891761739
2020-04-29,1,42,,,,,,,55,32,91,1023,636,1601,7393,5097,9881,0.706889001149
2020-04-30,1,43,,,,,,,53,30,88,992,612,1565,7446,5128,9968,0.706888459196
2020-05-01,-1,42,,,,,,,51,29,86,962,589,1529,7497,5158,10054,0.706891121091
2020-05-02,0,42,,,,,,,50,28,84,933,567,1494,7547,5187,10138,0.706898458603
2020-05-03,0,42,,,,,,,48,27,82,905,546,1458,7595,5214,10219,0.706912668605
2020-05-04,5,47,,,,,,,47,26,80,877,525,1424,7642,5241,10298,0.706937028342
2020-05-05,0,47,,,,,,,45,25,78,850,506,1390,7687,5266,10376,0.706976423481
2020-05-06,0,47,,,,,,,44,24,76,824,487,1356,7730,5291,10451,0.70703813206
2020-05-07,2,49,,,,,,,42,23,74,799,469,1322,7772,5314,10524,0.707132985732
2020-05-08,1,50,,,,,,,41,22,72,774,451,1289,7813,5337,10595,0.707277083536
2020-05-09,0,50,,,,,,,39,21,70,749,434,1257,7852,5358,10664,0.707494307604
2020-05-10,0,50,,,,,,,38,20,68,725,417,1225,7890,5379,10731,0.707819985731
2020-05-11,0,50,,,,,,,36,19,66,702,401,1193,7926,5399,10796,0.70830615708
2020-05-12,0,50,,,,,,,35,18,64,679,385,1161,7961,5417,10859,0.709028996429
2020-05-13,1,51,,,,,,,34,17,62,656,370,1130,7995,5435,10920,0.710098961653
2020-05-14,3,54,,,,,,,33,16,60,634,354,1100,8028,5452,10980,0.711673967485
2020-05-15,0,54,,,,,,,31,16,58,613,340,1070,8059,5468,11038,0.713974984317
2020-05-16,0,54,,,,,,,30,15,57,592,325,1040,8089,5484,11094,0.717301258854
2020-05-17,1,55,,,,,,,29,14,55,571,311,1012,8118,5498,11149,0.722037964288
2020-05-18,1,56,,,,,,,28,14,54,551,297,984,8146,5512,11203,0.728642027345
2020-05-19,0,56,,,,,,,28,13,53,532,284,958,8174,5526,11255,0.737584139977
2020-05-20,0,56,,,,,,,27,13,52,514,272,932,8201,5539,11307,0.749224860789
2020-05-21,0,56,,,,,,,27,12,52,497,261,909,8227,5552,11359,0.763626827932
2020-05-22,0,56,,,,,,,26,12,52,482,250,888,8254,5565,11411,0.780364495695
2020-05-23,0,56,,,,,,,26,12,52,467,239,868,8280,5577,11463,0.798459312412
2020-05-24,0,56,,,,,,,26,12,53,454,230,851,8306,5589,11515,0.81210772004
2020-05-25,0,56,,,,,,,26,11,53,442,221,837,8332,5601,11567,0.8251639205
2020-05-26,0,56,,,,,,,26,11,54,432,214,825,8358,5613,11621,0.837134271126
2020-05-27,0,56,,,,,,,26,11,55,422,206,816,8384,5624,11675,0.847689169645
2020-05-28,0,56,,,,,,,26,11,56,414,200,810,8410,5636,11730,0.85668050869
2020-05-29,0,56,,,,,,,26,11,56,408,195,806,8436,5647,11786,0.864117534643
2020-05-30,0,56,,,,,,,26,11,57,403,190,805,8462,5659,11843,0.870120381696
2020-05-31,0,56,,,,,,,26,11,58,399,186,807,8488,5670,11901,0.87487063294
2020-06-01,2,58,,,,,,,26,11,60,396,183,811,8514,5681,11960,0.87857100118
2020-06-02,0,58,,,,,,,26,11,61,394,180,817,8541,5692,12020,0.881418252582
2020-06-03,0,58,,,,,,,27,11,62,393,177,826,8567,5704,12081,0.883588269236
2020-06-04,0,58,,,,,,,27,11,63,393,175,837,8594,5715,12144,0.885230019851
2020-06-05,1,59,,,,,,,27,11,64,393,173,849,8621,5726,12207,0.886465087373
2020-06-06,0,59,,,,,,,27,10,65,394,171,862,8648,5737,12272,0.887390134325
2020-06-07,0,59,,,,,,,27,10,67,395,170,876,8675,5747,12338,0.88808057444
2020-06-08,2,61,,,,,,,27,10,68,396,169,891,8702,5758,12405,0.888594443071
2020-06-09,0,61,,,,,,,27,10,69,398,168,907,8730,5769,12474,0.888975956895
2020-06-10,1,62,,,,,,,28,10,70,399,167,924,8757,5780,12544,0.889258557709
2020-06-11,1,63,,,,,,,28,10,72,401,166,940,8785,5791,12615,0.889467401684
2020-06-12,0,63,,,,,,,28,10,73,403,165,958,8813,5802,12687,0.889621336871
2020-06-13,0,63,,,,,,,28,10,74,405,164,975,8841,5812,12760,0.889734443471
2020-06-14,0,63,,,,,,,28,10,75,408,164,993,8869,5823,12835,0.889817217038
2020-06-15,0,63,,,,,,,28,10,77,410,163,1012,8898,5834,12912,0.88987746853
2020-06-16,,,0,0,1,63,63,64,29,10,78,412,163,1030,8926,5844,12989,
2020-06-17,,,0,0,1,63,63,64,29,10,79,414,162,1049,8955,5855,13068,
2020-06-18,,,0,0,1,64,63,65,29,10,81,417,162,1068,8984,5866,13148,
2020-06-19,,,0,0,1,64,63,65,29,10,82,419,161,1087,9013,5876,13230,
2020-06-20,,,0,0,1,64,63,66,29,10,84,421,161,1106,9042,5887,13313,
2020-06-21,,,0,0,1,64,63,66,29,10,85,424,160,1126,9071,5897,13397,
2020-06-22,,,0,0,1,65,63,67,30,10,86,426,160,1146,9101,5908,13483,
2020-06-23,,,0,0,1,65,63,67,30,10,88,429,160,1165,9131,5919,13570,
2020-06-24,,,0,0,1,65,63,68,30,10,89,431,159,1185,9160,5929,13658,
2020-06-25,,,0,0,1,65,63,68,30,10,90,433,159,1205,9190,5940,13748,
2020-06-26,,,0,0,1,65,64,69,30,10,91,435,159,1224,9220,5950,13839,
2020-06-27,,,0,0,1,66,64,69,30,10,92,438,158,1244,9250,5960,13930,
2020-06-28,,,0,0,1,66,64,70,30,10,93,440,158,1263,9280,5971,14023,
2020-06-29,,,0,0,1,66,64,70,30,10,94,441,158,1282,9311,5981,14117,
2020-06-30,,,0,0,1,66,64,71,30,10,95,443,157,1301,9341,5992,14212,
2020-07-01,,,0,0,1,66,64,71,30,10,96,445,157,1320,9371,6002,14308,
2020-07-02,,,0,0,1,67,64,72,30,10,97,446,157,1338,9401,6012,14405,
2020-07-03,,,0,0,1,67,64,72,30,10,98,448,156,1355,9431,6022,14503,
2020-07-04,,,0,0,1,67,64,73,30,10,99,449,156,1372,9461,6033,14601,
2020-07-05,,,0,0,1,67,64,73,30,10,99,450,155,1387,9492,6043,14700,
2020-07-06,,,0,0,1,67,64,74,30,10,99,450,155,1401,9522,6053,14798,
2020-07-07,,,0,0,1,68,64,74,30,10,99,451,155,1414,9552,6063,14897,
2020-07-08,,,0,0,1,68,64,75,30,10,99,451,154,1426,9582,6073,14995,
2020-07-09,,,0,0,1,68,65,75,30,10,99,451,154,1436,9612,6083,15094,
2020-07-10,,,0,0,1,68,65,76,30,10,99,451,153,1445,9641,6093,15193,
2020-07-11,,,0,0,1,68,65,76,30,9,100,451,153,1454,9671,6103,15292,
2020-07-12,,,0,0,1,69,65,77,30,9,100,450,152,1462,9701,6113,15392,
2020-07-13,,,0,0,1,69,65,78,29,9,101,450,152,1470,9730,6123,15492,
2020-07-14,,,0,0,1,69,65,78,29,9,101,449,151,1476,9759,6133,15593,
2020-07-15,,,0,0,1,69,65,79,29,9,101,448,151,1482,9789,6143,15694,
2020-07-16,,,0,0,1,69,65,80,29,9,102,447,150,1487,9818,6153,15795,
2020-07-17,,,0,0,1,70,65,80,29,9,102,446,150,1492,9847,6162,15896,
2020-07-18,,,0,0,1,70,65,81,29,9,102,444,149,1496,9875,6172,15998,
2020-07-19,,,0,0,1,70,65,81,29,9,102,443,149,1499,9904,6182,16099,
2020-07-20,,,0,0,1,70,65,82,28,9,102,441,148,1502,9932,6192,16201,
2020-07-21,,,0,0,1,70,65,83,28,9,102,439,148,1505,9961,6201,16303,
2020-07-22,,,0,0,1,71,66,83,28,9,102,437,147,1508,9989,6211,16404,
2020-07-23,,,0,0,1,71,66,84,28,9,102,435,147,1510,10017,6220,16505,
2020-07-24,,,0,0,1,71,66,85,28,9,102,433,146,1513,10044,6230,16606,
2020-07-25,,,0,0,1,71,66,86,28,9,101,431,145,1515,10072,6239,16707,
2020-07-26,,,0,0,1,72,66,86,27,9,101,428,145,1516,10099,6248,16808,
2020-07-27,,,0,0,1,72,66,87,27,9,101,426,144,1516,10127,6258,16908,
2020-07-28,,,0,0,1,72,66,88,27,9,100,423,143,1516,10154,6267,17008,
2020-07-29,,,0,0,1,72,66,88,27,9,100,421,142,1515,10180,6276,17108,
2020-07-30,,,0,0,1,72,66,89,27,9,100,418,142,1513,10207,6285,17207,
2020-07-31,,,0,0,1,73,66,90,26,9,99,416,141,1510,10234,6294,17305,
2020-08-01,,,0,0,1,73,66,90,26,9,98,413,140,1507,10260,6303,17403,
2020-08-02,,,0,0,1,73,66,91,26,8,98,410,139,1503,10286,6312,17501,
2020-08-03,,,0,0,1,73,66,92,26,8,97,408,139,1498,10312,6321,17597,
2020-08-04,,,0,0,1,73,66,93,26,8,97,405,138,1493,10338,6330,17694,
2020-08-05,,,0,0,1,74,67,93,26,8,96,402,137,1488,10363,6339,17790,
2020-08-06,,,0,0,1,74,67,94,25,8,96,400,136,1482,10389,6347,17885,
2020-08-07,,,0,0,1,74,67,95,25,8,96,397,135,1476,10414,6356,17980,
2020-08-08,,,0,0,1,74,67,95,25,8,95,394,134,1469,10439,6365,18075,
2020-08-09,,,0,0,1,75,67,96,25,8,95,392,134,1462,10464,6373,18169,
2020-08-10,,,0,0,1,75,67,97,25,8,94,389,133,1455,10488,6382,18263,
2020-08-11,,,0,0,1,75,67,98,25,8,94,386,132,1448,10513,6390,18356,
2020-08-12,,,0,0,1,75,67,98,24,8,93,384,132,1441,10537,6399,18448,
2020-08-13,,,0,0,1,75,67,99,24,8,93,381,131,1434,10562,6407,18541,
2020-08-14,,,0,0,1,76,67,100,24,8,92,379,130,1426,10586,6416,18632,
2020-08-15,,,0,0,1,76,67,101,24,8,92,376,130,1419,10610,6424,18724,
2020-08-16,,,0,0,1,76,67,101,24,8,91,374,129,1412,10634,6433,18815,
2020-08-17,,,0,0,1,76,67,102,24,8,91,371,129,1405,10657,6441,18905,
2020-08-18,,,0,0,1,76,67,103,24,8,91,369,128,1398,10681,6450,18995,
2020-08-19,,,0,0,1,76,67,103,23,8,90,367,128,1392,10704,6458,19085,
2020-08-20,,,0,0,1,77,68,104,23,8,90,364,127,1385,10728,6466,19174,
2020-08-21,,,0,0,1,77,68,105,23,8,89,362,127,1378,10751,6475,19263,
2020-08-22,,,0,0,1,77,68,105,23,8,89,360,127,1372,10774,6483,19352,
2020-08-23,,,0,0,1,77,68,106,23,8,89,358,126,1365,10797,6491,19440,
2020-08-24,,,0,0,1,77,68,107,23,8,88,356,126,1359,10819,6500,19527,
2020-08-25,,,0,0,1,78,68,108,23,8,88,354,126,1352,10842,6508,19614,
2020-08-26,,,0,0,1,78,68,108,23,8,87,352,126,1346,10865,6516,19701,
2020-08-27,,,0,0,1,78,68,109,22,8,87,350,125,1340,10887,6525,19788,
2020-08-28,,,0,0,1,78,68,110,22,8,87,348,125,1334,10909,6533,19874,
2020-08-29,,,0,0,1,78,68,110,22,8,86,346,125,1328,10932,6541,19960,
2020-08-30,,,0,0,1,79,68,111,22,8,86,344,125,1322,10954,6550,20045,
2020-08-31,,,0,0,1,79,68,112,22,8,85,342,125,1316,10976,6558,20130,
2020-09-01,,,0,0,1,79,68,112,22,8,85,341,125,1310,10998,6566,20214,
2020-09-02,,,0,0,1,79,68,113,22,8,85,339,124,1304,11020,6575,20299,
2020-09-03,,,0,0,1,79,68,114,22,8,84,337,124,1298,11041,6583,20383,
2020-09-04,,,0,0,1,79,68,114,22,8,84,336,124,1292,11063,6591,20466,
2020-09-05,,,0,0,1,80,69,115,22,8,84,334,124,1287,11085,6600,20549,
2020-09-06,,,0,0,1,80,69,116,21,8,83,332,124,1281,11106,6608,20632,
2020-09-07,,,0,0,1,80,69,116,21,8,83,331,124,1276,11128,6616,20715,
2020-09-08,,,0,0,1,80,69,117,21,8,83,329,124,1270,11149,6624,20797,
2020-09-09,,,0,0,1,80,69,118,21,8,82,328,124,1265,11170,6633,20879,
2020-09-10,,,0,0,1,80,69,118,21,8,82,327,124,1259,11191,6641,20960,
2020-09-11,,,0,0,1,81,69,119,21,8,82,325,124,1254,11212,6649,21041,
2020-09-12,,,0,0,1,81,69,119,21,8,81,324,124,1249,11233,6658,21122,
2020-09-13,,,0,0,1,81,69,120,21,8,81,323,124,1244,11254,6666,21203,
2020-09-14,,,0,0,1,81,69,121,21,8,81,321,124,1239,11275,6674,21283,
2020-09-15,,,0,0,1,81,69,121,21,8,80,320,124,1234,11296,6682,21363,
2020-09-16,,,0,0,1,81,69,122,21,8,80,319,124,1229,11317,6691,21442,
2020-09-17,,,0,0,1,82,69,123,21,8,80,318,124,1224,11337,6699,21522,
2020-09-18,,,0,0,1,82,69,123,21,8,79,317,124,1219,11358,6707,21601,
2020-09-19,,,0,0,1,82,69,124,21,8,79,315,124,1214,11379,6716,21679,
2020-09-20,,,0,0,1,82,69,124,20,8,79,314,124,1209,11399,6724,21758,
2020-09-21,,,0,0,1,82,69,125,20,8,79,313,124,1204,11419,6732,21836,
2020-09-22,,,0,0,1,82,70,126,20,8,78,312,124,1200,11440,6741,21914,
2020-09-23,,,0,0,1,83,70,126,20,8,78,311,124,1195,11460,6749,21991,
2020-09-24,,,0,0,1,83,70,127,20,8,78,310,124,1190,11480,6757,22069,
2020-09-25,,,0,0,1,83,70,127,20,8,77,309,124,1186,11500,6765,22146,
2020-09-26,,,0,0,1,83,70,128,20,8,77,308,124,1181,11521,6773,22222,
2020-09-27,,,0,0,1,83,70,129,20,8,77,307,124,1177,11541,6782,22299,
2020-09-28,,,0,0,1,83,70,129,20,8,77,306,123,1172,11561,6790,22375,
2020-09-29,,,0,0,1,83,70,130,20,8,76,306,123,1168,11581,6798,22451,
2020-09-30,,,0,0,1,84,70,130,20,8,76,305,123,1164,11601,6806,22526,
2020-10-01,,,0,0,1,84,70,131,20,8,76,304,123,1160,11621,6814,22602,
