date,actual_deaths,total_deaths,predicted_deaths_mean,predicted_deaths_lower,predicted_deaths_upper,predicted_total_deaths_mean,predicted_total_deaths_lower,predicted_total_deaths_upper,predicted_new_infected_mean,predicted_new_infected_lower,predicted_new_infected_upper,predicted_current_infected_mean,predicted_current_infected_lower,predicted_current_infected_upper,predicted_total_infected_mean,predicted_total_infected_lower,predicted_total_infected_upper,r_values_mean
2020-02-28,,,,,,,,,87,50,100,87,50,100,87,50,100,1.3837465852
2020-02-29,,,,,,,,,87,50,100,174,100,200,174,100,200,1.37980902399
2020-03-01,,,,,,,,,87,50,100,261,150,300,261,150,300,1.37893128762
2020-03-02,,,,,,,,,87,50,100,348,200,400,348,200,400,1.37785593186
2020-03-03,,,,,,,,,87,50,100,435,250,500,435,250,500,1.37653733442
2020-03-04,,,,,,,,,87,50,100,522,300,600,522,300,600,1.37491869665
2020-03-05,,,,,,,,,87,50,100,609,350,700,609,350,700,1.37292897112
2020-03-06,,,,,,,,,87,50,100,696,400,800,696,400,800,1.37047882477
2020-03-07,,,,,,,,,87,50,100,783,450,900,783,450,900,1.36745536338
2020-03-08,,,,,,,,,202,119,274,985,569,1174,985,569,1174,1.36364646343
2020-03-09,,,,,,,,,201,119,272,1186,689,1446,1186,689,1446,1.35899989301
2020-03-10,,,,,,,,,207,123,285,1393,813,1730,1393,813,1730,1.35321437215
2020-03-11,,,,,,,,,221,132,310,1614,946,2040,1614,946,2040,1.34601778433
2020-03-12,,,,,,,,,250,152,364,1864,1098,2404,1864,1098,2404,1.33706968787
2020-03-13,,,,,,,,,295,182,444,2159,1280,2848,2159,1280,2848,1.32598855029
2020-03-14,,,,,,,,,326,204,497,2398,1434,3244,2485,1484,3344,1.31239160841
2020-03-15,,,,,,,,,349,222,531,2660,1607,3675,2834,1707,3875,1.29596835918
2020-03-16,,,,,,,,,374,242,564,2947,1800,4139,3208,1950,4439,1.2765762908
2020-03-17,,,,,,,,,399,265,594,3259,2016,4632,3607,2216,5032,1.25431415636
2020-03-18,,,,,,,,,429,294,626,3601,2260,5158,4036,2510,5658,1.22953768572
2020-03-19,,,,,,,,,457,322,647,3971,2533,5704,4493,2833,6304,1.20280250737
2020-03-20,,,,,,,,,480,350,656,4364,2833,6260,4973,3183,6960,1.17476595743
2020-03-21,,,,,,,,,500,374,672,4777,3157,6831,5473,3557,7631,1.14610244291
2020-03-22,,,,,,,,,518,385,686,5208,3493,7417,5991,3943,8317,1.11745740319
2020-03-23,1,1,,,,,,,535,396,697,5541,3769,7839,6526,4339,9013,1.08943469557
2020-03-24,0,1,,,,,,,550,414,707,5890,4064,8273,7076,4753,9719,1.06259498627
2020-03-25,1,2,,,,,,,563,424,714,6246,4365,8703,7639,5178,10433,1.03744766688
2020-03-26,1,3,,,,,,,572,434,722,6597,4666,9115,8211,5612,11154,1.01443105056
2020-03-27,0,3,,,,,,,580,442,733,6927,4957,9483,8791,6055,11886,0.993881946119
2020-03-28,3,6,,,,,,,587,449,731,7220,5224,9770,9378,6504,12617,0.976000110173
2020-03-29,1,7,,,,,,,592,455,732,7485,5475,10005,9970,6960,13349,0.960821007947
2020-03-30,0,7,,,,,,,596,461,732,7732,5714,10205,10566,7422,14080,0.948215596974
2020-03-31,0,7,,,,,,,599,467,730,7957,5939,10372,11165,7889,14810,0.937925724213
2020-04-01,2,9,,,,,,,601,472,729,8159,6145,10506,11766,8362,15538,0.929622508249
2020-04-02,6,15,,,,,,,603,477,726,8332,6328,10606,12369,8839,16263,0.922963922801
2020-04-03,1,16,,,,,,,603,481,723,8479,6487,10682,12972,9320,16986,0.917634729641
2020-04-04,1,17,,,,,,,604,485,726,8603,6622,10752,13576,9806,17711,0.91336557051
2020-04-05,1,18,,,,,,,604,489,726,8707,6737,10805,14180,10295,18436,0.90993667891
2020-04-06,1,19,,,,,,,603,492,722,8792,6845,10841,14783,10788,19157,0.907173339109
2020-04-07,0,19,,,,,,,603,495,719,8860,6944,10864,15386,11284,19876,0.904938341597
2020-04-08,12,31,,,,,,,601,498,718,8911,7028,10875,15987,11782,20594,0.90312430543
2020-04-09,5,36,,,,,,,600,501,717,8949,7105,10877,16587,12284,21310,0.901647051024
2020-04-10,4,40,,,,,,,598,503,715,8975,7174,10870,17186,12787,22024,0.900440299986
2020-04-11,4,44,,,,,,,597,505,713,8991,7237,10850,17782,13292,22736,0.899451588309
2020-04-12,1,45,,,,,,,594,506,710,8999,7295,10830,18377,13799,23446,0.898639161691
2020-04-13,0,45,,,,,,,592,507,708,8999,7346,10805,18969,14307,24153,0.897969623464
2020-04-14,2,47,,,,,,,590,508,705,8992,7393,10778,19559,14816,24857,0.897416145675
2020-04-15,6,53,,,,,,,587,509,702,8980,7435,10749,20146,15325,25559,0.896957098621
2020-04-16,7,60,,,,,,,584,510,698,8964,7473,10719,20730,15835,26256,0.896574991791
2020-04-17,3,63,,,,,,,581,510,695,8942,7507,10688,21311,16346,26951,0.896255647944
2020-04-18,7,70,,,,,,,578,509,691,8917,7535,10657,21889,16855,27642,0.895987553477
2020-04-19,1,71,,,,,,,575,509,687,8888,7558,10618,22465,17365,28328,0.895704150105
2020-04-20,0,71,,,,,,,572,505,683,8856,7575,10575,23036,17870,29010,0.895430651683
2020-04-21,1,72,,,,,,,568,500,679,8821,7582,10532,23604,18371,29689,0.895198709693
2020-04-22,24,96,,,,,,,564,494,675,8783,7581,10487,24169,18865,30363,0.895021371187
2020-04-23,4,100,,,,,,,561,488,670,8742,7571,10439,24729,19354,31032,0.894860645508
2020-04-24,2,102,,,,,,,557,482,665,8699,7552,10388,25286,19836,31697,0.89472783487
2020-04-25,9,111,,,,,,,553,476,660,8653,7526,10334,25839,20313,32357,0.894690619732
2020-04-26,0,111,,,,,,,549,470,656,8606,7491,10276,26388,20784,33012,0.894653965281
2020-04-27,0,111,,,,,,,545,464,651,8556,7448,10217,26933,21248,33662,0.894618028176
2020-04-28,2,113,,,,,,,540,458,645,8504,7399,10155,27473,21707,34307,0.894583043003
2020-04-29,7,120,,,,,,,536,452,640,8451,7343,10090,28009,22159,34947,0.894549355172
2020-04-30,0,120,,,,,,,532,446,635,8395,7280,10023,28541,22605,35581,0.894517475868
2020-05-01,4,124,,,,,,,527,439,631,8338,7209,9956,29068,23045,36211,0.894488163573
2020-05-02,10,134,,,,,,,522,433,628,8279,7132,9889,29590,23479,36839,0.894462545646
2020-05-03,5,139,,,,,,,518,427,625,8219,7050,9823,30108,23906,37464,0.894442299967
2020-05-04,0,139,,,,,,,513,420,622,8157,6962,9758,30621,24327,38086,0.894429924449
2020-05-05,5,144,,,,,,,508,414,617,8093,6871,9693,31129,24742,38703,0.894429137793
2020-05-06,14,158,,,,,,,503,408,611,8028,6779,9625,31632,25150,39313,0.894445474739
2020-05-07,0,158,,,,,,,498,401,605,7962,6686,9555,32130,25552,39918,0.894487167538
2020-05-08,7,165,,,,,,,493,395,598,7894,6593,9484,32623,25947,40515,0.894566447083
2020-05-09,4,169,,,,,,,488,389,592,7825,6500,9410,33111,26336,41107,0.894701452609
2020-05-10,6,175,,,,,,,483,382,585,7754,6406,9335,33594,26719,41691,0.894919011866
2020-05-11,0,175,,,,,,,477,376,578,7683,6312,9258,34071,27096,42269,0.895258638071
2020-05-12,15,190,,,,,,,472,370,572,7611,6217,9179,34543,27466,42841,0.895778165068
2020-05-13,0,190,,,,,,,467,364,567,7537,6123,9101,35011,27830,43407,0.896561449133
2020-05-14,10,200,,,,,,,462,358,564,7463,6029,9025,35473,28188,43971,0.897728367016
2020-05-15,0,200,,,,,,,458,352,561,7389,5935,8952,35930,28541,44532,0.899446653196
2020-05-16,9,209,,,,,,,453,346,559,7316,5841,8879,36384,28887,45090,0.901943447688
2020-05-17,0,209,,,,,,,449,341,557,7242,5749,8807,36833,29228,45646,0.905511093952
2020-05-18,0,209,,,,,,,446,336,555,7171,5658,8737,37279,29565,46201,0.910496367733
2020-05-19,13,222,,,,,,,444,331,554,7102,5569,8669,37723,29896,46755,0.9172564475
2020-05-20,8,230,,,,,,,443,328,556,7037,5483,8608,38166,30225,47310,0.926064875219
2020-05-21,0,230,,,,,,,443,324,560,6977,5399,8556,38609,30549,47869,0.936968966599
2020-05-22,11,241,,,,,,,444,319,565,6923,5317,8516,39053,30869,48434,0.949645442039
2020-05-23,8,249,,,,,,,447,315,575,6877,5237,8494,39500,31185,49009,0.963351278504
2020-05-24,0,249,,,,,,,448,311,586,6837,5159,8488,39948,31496,49594,0.973681146732
2020-05-25,0,249,,,,,,,451,306,598,6806,5083,8501,40399,31802,50192,0.9835606866
2020-05-26,0,249,,,,,,,454,302,610,6782,5009,8532,40854,32105,50801,0.992615301393
2020-05-27,0,249,,,,,,,458,298,619,6768,4937,8579,41312,32403,51419,1.00059484079
2020-05-28,11,260,,,,,,,462,294,634,6763,4867,8646,41774,32698,52053,1.00738693868
2020-05-29,0,260,,,,,,,466,290,650,6768,4799,8732,42240,32988,52703,1.01299867486
2020-05-30,9,269,,,,,,,472,286,668,6782,4733,8839,42712,33274,53370,1.01752130324
2020-05-31,0,269,,,,,,,477,283,687,6805,4670,8967,43189,33558,54056,1.02109271329
2020-06-01,0,269,,,,,,,482,280,706,6839,4609,9116,43671,33838,54762,1.02386674909
2020-06-02,0,269,,,,,,,488,276,726,6880,4549,9287,44160,34114,55487,1.02599278493
2020-06-03,7,276,,,,,,,494,273,746,6931,4491,9479,44654,34388,56233,1.02760432852
2020-06-04,7,283,,,,,,,500,270,768,6988,4432,9690,45154,34658,57000,1.02881444856
2020-06-05,5,288,,,,,,,507,267,789,7052,4375,9920,45660,34925,57789,1.02971541947
2020-06-06,8,296,,,,,,,513,264,812,7120,4319,10167,46174,35189,58600,1.03038059035
2020-06-07,0,296,,,,,,,520,261,835,7194,4265,10427,46693,35450,59435,1.03086718385
2020-06-08,0,296,,,,,,,527,258,859,7272,4212,10701,47220,35709,60294,1.03121923366
2020-06-09,0,296,,,,,,,534,255,884,7355,4161,10987,47754,35964,61178,1.03147028397
2020-06-10,9,305,,,,,,,541,252,910,7441,4111,11286,48295,36217,62087,1.03164570091
2020-06-11,3,308,,,,,,,548,249,936,7532,4063,11603,48843,36467,63022,1.03176455968
2020-06-12,0,308,,,,,,,556,247,962,7626,4016,11932,49399,36714,63984,1.03184114763
2020-06-13,11,319,,,,,,,564,244,990,7723,3971,12271,49963,36959,64973,1.03188613401
2020-06-14,0,319,,,,,,,572,242,1018,7823,3926,12621,50535,37201,65991,1.03190746776
2020-06-15,1,320,,,,,,,580,239,1047,7926,3882,12982,51115,37441,67038,1.0319110604
2020-06-16,,,3,2,5,323,322,325,588,237,1077,8032,3840,13353,51704,37678,68114,
2020-06-17,,,3,2,5,326,324,329,597,234,1108,8141,3798,13735,52301,37913,69221,
2020-06-18,,,3,2,5,330,326,333,606,232,1139,8253,3757,14128,52907,38145,70360,
2020-06-19,,,3,2,5,333,328,338,615,229,1171,8368,3716,14532,53521,38375,71531,
2020-06-20,,,3,2,5,336,330,343,624,227,1205,8485,3677,14947,54145,38603,72735,
2020-06-21,,,3,2,5,340,332,347,633,225,1239,8605,3638,15373,54779,38828,73973,
2020-06-22,,,3,2,5,343,334,352,643,223,1274,8728,3600,15812,55422,39051,75246,
2020-06-23,,,3,1,6,346,336,357,651,220,1305,8853,3563,16257,56073,39272,76551,
2020-06-24,,,3,1,6,350,338,362,659,217,1337,8978,3525,16710,56732,39490,77887,
2020-06-25,,,4,1,6,353,340,368,668,215,1369,9105,3488,17170,57400,39705,79256,
2020-06-26,,,4,1,6,357,342,373,676,212,1402,9233,3450,17636,58076,39918,80657,
2020-06-27,,,4,1,6,361,344,379,684,210,1434,9361,3413,18108,58761,40128,82091,
2020-06-28,,,4,1,6,364,346,385,692,207,1465,9490,3376,18583,59453,40335,83556,
2020-06-29,,,4,1,6,368,347,391,700,204,1496,9618,3338,19061,60153,40540,85052,
2020-06-30,,,4,1,7,372,349,397,707,201,1527,9745,3300,19541,60860,40741,86578,
2020-07-01,,,4,1,7,376,351,403,715,199,1560,9871,3262,20024,61575,40940,88137,
2020-07-02,,,4,1,7,379,353,410,722,196,1595,9996,3224,20511,62297,41137,89732,
2020-07-03,,,4,1,7,383,355,417,729,193,1631,10119,3185,21003,63025,41330,91362,
2020-07-04,,,4,1,7,387,356,423,735,190,1666,10239,3145,21497,63760,41520,93027,
2020-07-05,,,4,1,8,391,358,430,741,187,1700,10356,3105,21992,64502,41708,94727,
2020-07-06,,,4,1,8,395,360,438,747,184,1735,10471,3065,22488,65249,41893,96461,
2020-07-07,,,4,1,8,400,362,445,753,182,1769,10581,3024,22983,66003,42076,98229,
2020-07-08,,,4,1,8,404,363,453,759,179,1803,10689,2983,23481,66762,42256,100032,
2020-07-09,,,4,1,8,408,365,461,764,177,1837,10793,2943,23981,67526,42433,101868,
2020-07-10,,,4,1,9,412,367,469,769,174,1870,10895,2902,24482,68295,42607,103738,
2020-07-11,,,4,1,9,417,368,478,774,171,1904,10992,2860,24984,69069,42778,105641,
2020-07-12,,,4,1,9,421,370,486,778,167,1937,11086,2818,25487,69847,42946,107577,
2020-07-13,,,5,1,9,426,372,495,782,164,1969,11177,2775,25991,70630,43111,109546,
2020-07-14,,,5,1,10,430,373,504,786,161,2003,11263,2733,26497,71416,43273,111548,
2020-07-15,,,5,1,10,435,375,513,790,158,2036,11346,2690,27006,72206,43432,113584,
2020-07-16,,,5,1,10,440,376,523,793,155,2068,11424,2646,27515,72999,43587,115651,
2020-07-17,,,5,1,10,444,378,533,796,152,2100,11499,2602,28020,73795,43739,117751,
2020-07-18,,,5,1,11,449,379,543,799,149,2132,11569,2558,28521,74594,43888,119883,
2020-07-19,,,5,1,11,454,381,553,801,145,2163,11635,2513,29019,75396,44034,122046,
2020-07-20,,,5,1,11,459,382,563,804,142,2194,11697,2469,29513,76199,44177,124239,
2020-07-21,,,5,1,11,464,384,574,805,139,2224,11755,2424,30002,77005,44317,126463,
2020-07-22,,,5,1,11,469,385,585,807,136,2253,11809,2378,30487,77812,44454,128715,
2020-07-23,,,5,1,12,474,387,596,809,134,2282,11859,2332,30965,78620,44588,130997,
2020-07-24,,,5,1,12,479,388,608,810,131,2310,11905,2286,31439,79430,44719,133306,
2020-07-25,,,5,1,12,485,389,619,811,128,2337,11946,2240,31905,80241,44848,135643,
2020-07-26,,,5,1,12,490,391,631,811,125,2364,11983,2194,32365,81052,44973,138006,
2020-07-27,,,5,1,13,495,392,643,812,122,2389,12017,2149,32818,81864,45096,140395,
2020-07-28,,,5,1,13,500,393,656,812,119,2414,12047,2104,33263,82676,45216,142808,
2020-07-29,,,5,1,13,506,395,668,812,117,2438,12073,2060,33698,83489,45333,145246,
2020-07-30,,,5,1,13,511,396,681,812,114,2461,12095,2016,34124,84301,45448,147707,
2020-07-31,,,5,1,14,517,397,694,812,112,2483,12114,1973,34539,85113,45561,150190,
2020-08-01,,,5,1,14,522,398,708,812,110,2504,12130,1931,34943,85925,45671,152694,
2020-08-02,,,6,1,14,528,400,721,811,108,2521,12142,1890,35331,86736,45779,155214,
2020-08-03,,,6,1,14,533,401,735,811,106,2532,12151,1850,35700,87547,45885,157745,
2020-08-04,,,6,1,15,539,402,749,810,103,2541,12158,1811,36047,88357,45989,160285,
2020-08-05,,,6,1,15,544,403,763,809,102,2551,12161,1773,36374,89166,46091,162836,
2020-08-06,,,6,1,15,550,404,778,808,100,2572,12162,1737,36693,89974,46191,165408,
2020-08-07,,,6,1,15,556,405,793,807,98,2593,12160,1701,37004,90781,46290,168000,
2020-08-08,,,6,1,15,561,406,808,806,96,2615,12157,1667,37309,91587,46386,170614,
2020-08-09,,,6,1,16,567,408,823,804,94,2633,12150,1633,37605,92391,46481,173247,
2020-08-10,,,6,1,16,573,409,838,803,93,2645,12142,1601,37887,93194,46575,175892,
2020-08-11,,,6,1,16,578,410,854,802,91,2656,12132,1570,38153,93996,46666,178547,
2020-08-12,,,6,0,16,584,411,870,800,90,2668,12119,1540,38407,94796,46757,181215,
2020-08-13,,,6,0,17,590,412,886,798,88,2686,12105,1512,38656,95594,46845,183901,
2020-08-14,,,6,0,17,596,412,902,796,86,2703,12089,1484,38898,96390,46932,186604,
2020-08-15,,,6,0,17,601,413,919,794,85,2719,12072,1457,39134,97185,47018,189323,
2020-08-16,,,6,0,17,607,414,935,792,84,2735,12052,1431,39364,97977,47102,192057,
2020-08-17,,,6,0,17,613,415,952,790,82,2749,12032,1405,39592,98768,47185,194806,
2020-08-18,,,6,0,18,619,416,969,788,81,2763,12009,1381,39823,99556,47267,197568,
2020-08-19,,,6,0,18,624,417,986,786,80,2773,11985,1358,40055,100342,47347,200340,
2020-08-20,,,6,0,18,630,418,1004,784,79,2780,11960,1335,40284,101126,47427,203119,
2020-08-21,,,6,0,18,636,419,1021,781,78,2787,11933,1314,40498,101907,47506,205905,
2020-08-22,,,6,0,18,642,419,1039,779,77,2789,11905,1293,40694,102686,47583,208694,
2020-08-23,,,6,0,18,648,420,1057,776,76,2794,11876,1273,40873,103462,47660,211487,
2020-08-24,,,6,0,18,653,421,1075,774,75,2800,11845,1254,41039,104236,47736,214286,
2020-08-25,,,6,0,19,659,422,1093,772,74,2805,11814,1235,41199,105008,47811,217090,
2020-08-26,,,6,0,19,665,422,1111,769,73,2808,11781,1217,41351,105777,47884,219898,
2020-08-27,,,6,0,19,671,423,1129,766,72,2811,11747,1199,41494,106543,47956,222709,
2020-08-28,,,6,0,19,676,424,1147,764,70,2813,11713,1181,41620,107307,48027,225521,
2020-08-29,,,6,0,19,682,425,1166,761,70,2813,11678,1165,41730,108068,48097,228334,
2020-08-30,,,6,0,19,688,425,1184,759,69,2813,11642,1149,41824,108827,48167,231146,
2020-08-31,,,6,0,19,694,426,1203,756,69,2811,11605,1133,41901,109583,48236,233957,
2020-09-01,,,6,0,19,699,427,1222,753,68,2809,11568,1119,41960,110336,48304,236765,
2020-09-02,,,6,0,19,705,427,1241,750,67,2805,11530,1105,42002,111086,48372,239569,
2020-09-03,,,6,0,20,711,428,1260,748,67,2805,11492,1092,42034,111834,48440,242374,
2020-09-04,,,6,0,20,716,429,1279,745,66,2809,11453,1079,42064,112579,48507,245183,
2020-09-05,,,6,0,20,722,429,1298,742,66,2813,11414,1067,42090,113321,48573,247995,
2020-09-06,,,6,0,20,728,430,1318,739,65,2816,11374,1055,42117,114060,48639,250811,
2020-09-07,,,6,0,20,733,430,1337,737,65,2818,11334,1044,42142,114797,48705,253628,
2020-09-08,,,6,0,20,739,431,1357,734,65,2820,11294,1033,42162,115530,48770,256447,
2020-09-09,,,6,0,20,745,432,1376,731,64,2820,11253,1023,42177,116261,48834,259267,
2020-09-10,,,6,0,20,750,432,1396,728,63,2820,11212,1014,42189,116989,48898,262087,
2020-09-11,,,6,0,20,756,433,1416,725,63,2819,11171,1005,42197,117714,48962,264905,
2020-09-12,,,6,0,20,761,433,1436,722,62,2818,11130,997,42202,118437,49024,267723,
2020-09-13,,,6,0,20,767,434,1455,719,62,2815,11088,989,42204,119156,49087,270537,
2020-09-14,,,6,0,20,772,434,1475,717,62,2812,11046,982,42203,119873,49149,273349,
2020-09-15,,,6,0,20,778,435,1495,714,61,2809,11004,975,42201,120586,49211,276158,
2020-09-16,,,5,0,20,783,435,1515,711,61,2799,10962,968,42191,121297,49273,278956,
2020-09-17,,,5,0,20,789,436,1535,708,61,2790,10919,961,42176,122005,49334,281745,
2020-09-18,,,5,0,21,794,436,1555,705,61,2780,10877,955,42151,122710,49395,284525,
2020-09-19,,,5,0,21,800,437,1575,702,60,2770,10834,949,42112,123413,49456,287294,
2020-09-20,,,5,0,21,805,437,1595,699,60,2759,10791,943,42058,124112,49516,290053,
2020-09-21,,,5,0,21,811,438,1615,697,59,2749,10748,936,41991,124809,49576,292801,
2020-09-22,,,5,0,20,816,438,1635,694,59,2739,10706,930,41912,125502,49635,295539,
2020-09-23,,,5,0,20,821,439,1655,691,58,2728,10663,923,41821,126193,49694,298267,
2020-09-24,,,5,0,20,827,439,1675,688,57,2718,10620,917,41718,126881,49751,300985,
2020-09-25,,,5,0,20,832,440,1695,685,57,2707,10577,910,41605,127567,49809,303691,
2020-09-26,,,5,0,20,837,440,1715,683,56,2696,10535,904,41482,128249,49866,306387,
2020-09-27,,,5,0,21,843,441,1735,680,56,2686,10492,897,41350,128929,49922,309073,
2020-09-28,,,5,0,21,848,441,1755,677,55,2675,10450,890,41210,129606,49978,311747,
2020-09-29,,,5,0,21,853,442,1775,674,55,2664,10407,884,41062,130280,50033,314411,
2020-09-30,,,5,0,21,858,442,1795,671,54,2653,10365,877,40906,130951,50088,317063,
2020-10-01,,,5,0,21,864,443,1815,669,54,2642,10323,870,40750,131620,50143,319705,
