date,actual_deaths,total_deaths,predicted_deaths_mean,predicted_deaths_lower,predicted_deaths_upper,predicted_total_deaths_mean,predicted_total_deaths_lower,predicted_total_deaths_upper,predicted_new_infected_mean,predicted_new_infected_lower,predicted_new_infected_upper,predicted_current_infected_mean,predicted_current_infected_lower,predicted_current_infected_upper,predicted_total_infected_mean,predicted_total_infected_lower,predicted_total_infected_upper,r_values_mean
2020-03-01,,,,,,,,,73,40,80,73,40,80,73,40,80,1.33411490004
2020-03-02,,,,,,,,,73,40,80,146,80,160,146,80,160,1.33045324693
2020-03-03,,,,,,,,,73,40,80,219,120,240,219,120,240,1.32962364387
2020-03-04,,,,,,,,,73,40,80,292,160,320,292,160,320,1.32860058189
2020-03-05,,,,,,,,,73,40,80,365,200,400,365,200,400,1.32733611056
2020-03-06,,,,,,,,,73,40,80,439,240,480,439,240,480,1.32576900203
2020-03-07,,,,,,,,,73,40,80,512,280,560,512,280,560,1.32382050777
2020-03-08,,,,,,,,,73,40,80,585,320,640,585,320,640,1.32138867386
2020-03-09,,,,,,,,,73,40,80,658,360,720,658,360,720,1.31834089624
2020-03-10,,,,,,,,,167,95,222,825,455,942,825,455,942,1.31441795649
2020-03-11,,,,,,,,,166,95,219,991,551,1160,991,551,1160,1.30955980942
2020-03-12,,,,,,,,,171,99,229,1162,650,1388,1162,650,1388,1.30339343792
2020-03-13,,,,,,,,,182,106,248,1344,756,1636,1344,756,1636,1.29558778665
2020-03-14,,,,,,,,,204,121,289,1548,878,1925,1548,878,1925,1.28574571569
2020-03-15,,,,,,,,,239,145,350,1787,1024,2274,1787,1024,2274,1.27345889035
2020-03-16,,,,,,,,,264,163,386,1978,1147,2580,2051,1187,2660,1.25838025521
2020-03-17,,,,,,,,,281,177,406,2186,1285,2906,2332,1365,3066,1.2403217719
2020-03-18,,,,,,,,,298,193,424,2411,1439,3250,2630,1559,3490,1.21934133394
2020-03-19,,,,,,,,,317,212,440,2655,1611,3609,2947,1771,3929,1.19576326184
2020-03-20,,,,,,,,,338,234,459,2920,1805,3988,3285,2005,4388,1.1701258352
2020-03-21,,,,,,,,,357,256,475,3204,2022,4382,3642,2262,4862,1.14308535194
2020-03-22,,,,,,,,,373,277,499,3503,2260,4801,4015,2540,5361,1.11532643415
2020-03-23,,,,,,,,,385,292,517,3815,2513,5238,4400,2833,5878,1.0875130527
2020-03-24,,,,,,,,,397,301,530,4139,2774,5687,4797,3134,6407,1.06027331477
2020-03-25,1,1,,,,,,,407,314,539,4379,2993,6004,5204,3449,6945,1.03419664757
2020-03-26,1,2,,,,,,,416,322,544,4629,3219,6329,5620,3771,7489,1.00982337619
2020-03-27,1,3,,,,,,,423,329,547,4881,3450,6647,6043,4100,8035,0.987619749581
2020-03-28,0,3,,,,,,,429,335,546,5129,3679,6945,6472,4436,8581,0.9679414125
2020-03-29,0,3,,,,,,,433,341,544,5357,3899,7200,6905,4777,9124,0.950992934601
2020-03-30,0,3,,,,,,,436,347,548,5554,4100,7398,7342,5124,9671,0.936798919435
2020-03-31,1,4,,,,,,,439,352,550,5729,4289,7561,7781,5477,10221,0.925206442786
2020-04-01,2,6,,,,,,,441,357,550,5890,4468,7704,8222,5834,10770,0.91592642421
2020-04-02,0,6,,,,,,,442,361,548,6034,4636,7828,8664,6195,11317,0.908598969609
2020-04-03,2,8,,,,,,,443,364,544,6160,4788,7932,9107,6560,11861,0.902856367149
2020-04-04,5,13,,,,,,,444,366,540,6266,4920,8013,9551,6926,12400,0.898365676293
2020-04-05,0,13,,,,,,,444,368,536,6353,5032,8074,9995,7295,12936,0.894848017222
2020-04-06,0,13,,,,,,,444,370,531,6424,5125,8106,10439,7666,13466,0.892080994753
2020-04-07,3,16,,,,,,,443,372,527,6482,5205,8116,10882,8038,13993,0.889892329219
2020-04-08,1,17,,,,,,,443,373,522,6528,5277,8109,11325,8412,14515,0.888150537894
2020-04-09,3,20,,,,,,,442,375,518,6563,5338,8087,11767,8787,15032,0.886755800643
2020-04-10,4,24,,,,,,,441,376,512,6588,5392,8055,12207,9163,15544,0.885632258125
2020-04-11,1,25,,,,,,,439,377,507,6604,5440,8016,12647,9541,16050,0.884721982922
2020-04-12,0,25,,,,,,,438,377,504,6613,5482,7973,13085,9918,16554,0.883980440276
2020-04-13,6,31,,,,,,,436,376,498,6616,5517,7927,13521,10295,17051,0.883373133732
2020-04-14,0,31,,,,,,,435,375,495,6615,5546,7874,13956,10671,17545,0.88287314151
2020-04-15,0,31,,,,,,,433,373,495,6609,5567,7819,14389,11045,18040,0.882459304728
2020-04-16,8,39,,,,,,,431,369,494,6598,5580,7764,14820,11414,18533,0.882114887484
2020-04-17,8,47,,,,,,,429,365,493,6585,5585,7709,15249,11780,19025,0.881826578069
2020-04-18,10,57,,,,,,,427,359,492,6568,5579,7656,15675,12140,19517,0.88158373757
2020-04-19,0,57,,,,,,,424,354,491,6548,5567,7607,16100,12494,20007,0.881377828832
2020-04-20,3,60,,,,,,,422,350,490,6526,5549,7561,16521,12845,20496,0.881147744439
2020-04-21,7,67,,,,,,,419,347,489,6502,5526,7518,16940,13192,20984,0.880945984973
2020-04-22,0,67,,,,,,,416,345,488,6475,5499,7479,17357,13537,21471,0.880774863426
2020-04-23,10,77,,,,,,,414,342,486,6446,5468,7443,17771,13880,21957,0.880652107985
2020-04-24,3,80,,,,,,,411,338,485,6415,5431,7411,18181,14218,22442,0.880511074635
2020-04-25,0,80,,,,,,,408,333,484,6382,5387,7382,18589,14551,22925,0.880397328993
2020-04-26,2,82,,,,,,,405,328,481,6347,5338,7356,18994,14880,23405,0.880356153387
2020-04-27,0,82,,,,,,,402,323,478,6311,5285,7330,19396,15203,23883,0.880315710699
2020-04-28,3,85,,,,,,,399,319,475,6273,5227,7308,19794,15523,24358,0.880276225294
2020-04-29,4,89,,,,,,,395,314,472,6233,5166,7285,20190,15838,24830,0.880238030794
2020-04-30,4,93,,,,,,,392,310,469,6192,5103,7259,20582,16148,25298,0.880201619749
2020-05-01,1,94,,,,,,,388,305,466,6150,5038,7231,20970,16453,25764,0.88016772211
2020-05-02,3,97,,,,,,,385,300,463,6106,4973,7201,21355,16754,26226,0.880137421552
2020-05-03,0,97,,,,,,,381,296,459,6061,4909,7168,21736,17050,26685,0.880112329283
2020-05-04,0,97,,,,,,,378,291,455,6014,4846,7133,22114,17341,27140,0.880094843143
2020-05-05,4,101,,,,,,,374,286,452,5967,4783,7095,22488,17628,27591,0.880088532054
2020-05-06,3,104,,,,,,,370,281,448,5918,4717,7055,22858,17909,28038,0.880098706919
2020-05-07,4,108,,,,,,,366,277,444,5867,4649,7011,23224,18187,28482,0.880133266189
2020-05-08,3,111,,,,,,,362,272,440,5816,4579,6965,23587,18459,28922,0.880203943739
2020-05-09,3,114,,,,,,,359,267,436,5764,4509,6916,23945,18727,29357,0.880328140731
2020-05-10,0,114,,,,,,,355,263,432,5711,4439,6864,24300,18991,29789,0.880531592398
2020-05-11,1,115,,,,,,,351,258,428,5656,4369,6811,24651,19249,30216,0.880852201911
2020-05-12,5,120,,,,,,,347,253,424,5601,4299,6756,24997,19503,30639,0.881345445573
2020-05-13,18,138,,,,,,,343,249,420,5545,4229,6701,25340,19753,31058,0.882091760225
2020-05-14,1,139,,,,,,,339,244,416,5489,4159,6645,25679,19998,31474,0.883206133105
2020-05-15,11,150,,,,,,,335,240,413,5432,4090,6588,26014,20238,31886,0.884849455675
2020-05-16,5,155,,,,,,,332,236,410,5376,4021,6533,26346,20474,32296,0.887239599494
2020-05-17,0,155,,,,,,,329,232,409,5319,3953,6479,26674,20707,32704,0.890656976357
2020-05-18,0,155,,,,,,,326,228,408,5264,3885,6428,27000,20936,33112,0.895434204922
2020-05-19,2,157,,,,,,,324,225,406,5211,3819,6378,27325,21161,33517,0.90191387569
2020-05-20,1,158,,,,,,,323,222,408,5160,3755,6334,27647,21383,33924,0.910358347344
2020-05-21,6,164,,,,,,,323,220,412,5112,3694,6298,27970,21604,34336,0.920812975486
2020-05-22,9,173,,,,,,,323,219,418,5069,3636,6272,28293,21824,34754,0.932967638268
2020-05-23,3,176,,,,,,,324,219,425,5031,3583,6257,28617,22043,35178,0.946109601472
2020-05-24,0,176,,,,,,,325,218,433,4997,3533,6254,28942,22261,35611,0.956013281992
2020-05-25,0,176,,,,,,,326,217,442,4969,3488,6265,29269,22479,36053,0.96548495819
2020-05-26,0,176,,,,,,,328,217,453,4946,3447,6290,29597,22696,36505,0.974165336228
2020-05-27,0,176,,,,,,,330,217,464,4930,3410,6331,29927,22914,36969,0.981814483336
2020-05-28,14,190,,,,,,,332,217,476,4920,3378,6388,30260,23131,37445,0.98832463137
2020-05-29,9,199,,,,,,,335,217,486,4916,3350,6457,30594,23348,37930,0.993702584763
2020-05-30,5,204,,,,,,,337,216,497,4917,3326,6540,30931,23564,38426,0.998035887337
2020-05-31,0,204,,,,,,,339,213,509,4925,3303,6640,31271,23778,38935,1.00145682195
2020-06-01,0,204,,,,,,,343,211,523,4939,3282,6754,31613,23989,39457,1.00411302892
2020-06-02,4,208,,,,,,,346,209,537,4959,3262,6882,31959,24198,39993,1.00614778614
2020-06-03,1,209,,,,,,,349,206,551,4984,3244,7027,32308,24405,40544,1.00768907881
2020-06-04,0,209,,,,,,,352,204,566,5013,3226,7185,32660,24609,41109,1.00884537433
2020-06-05,8,217,,,,,,,356,202,581,5046,3207,7354,33016,24811,41689,1.0097051972
2020-06-06,7,224,,,,,,,359,199,596,5082,3187,7532,33375,25011,42285,1.01033891998
2020-06-07,0,224,,,,,,,363,197,612,5121,3166,7719,33738,25209,42897,1.01080143104
2020-06-08,0,224,,,,,,,367,195,629,5162,3143,7914,34105,25405,43525,1.01113495545
2020-06-09,0,224,,,,,,,370,193,645,5206,3119,8117,34475,25599,44170,1.0113716646
2020-06-10,1,225,,,,,,,374,192,663,5253,3094,8327,34849,25791,44832,1.01153589158
2020-06-11,2,227,,,,,,,378,190,680,5301,3068,8542,35228,25982,45511,1.01164593785
2020-06-12,2,229,,,,,,,383,189,698,5351,3040,8764,35611,26171,46209,1.01171551129
2020-06-13,0,229,,,,,,,387,187,717,5403,3010,8995,35998,26359,46925,1.01175484505
2020-06-14,0,229,,,,,,,391,186,736,5457,2981,9234,36389,26546,47660,1.01177156275
2020-06-15,-1,228,,,,,,,396,185,755,5514,2952,9480,36785,26731,48414,1.01177133527
2020-06-16,,,2,1,3,230,229,231,400,183,775,5572,2924,9732,37185,26914,49189,
2020-06-17,,,2,1,3,232,230,233,405,181,795,5631,2897,9990,37590,27095,49983,
2020-06-18,,,2,1,3,233,231,236,410,179,816,5692,2870,10255,38000,27275,50798,
2020-06-19,,,2,1,3,235,232,239,415,177,837,5755,2843,10526,38415,27453,51635,
2020-06-20,,,2,1,3,237,234,242,420,176,859,5819,2817,10804,38835,27629,52493,
2020-06-21,,,2,1,4,239,235,245,425,174,881,5885,2792,11089,39260,27804,53374,
2020-06-22,,,2,1,4,241,236,248,430,172,904,5953,2767,11381,39691,27976,54277,
2020-06-23,,,2,1,4,244,238,251,435,170,924,6021,2742,11676,40125,28147,55200,
2020-06-24,,,2,1,4,246,239,255,439,168,945,6089,2717,11976,40564,28316,56145,
2020-06-25,,,2,1,4,248,240,258,443,166,966,6158,2691,12279,41008,28482,57110,
2020-06-26,,,2,1,4,251,242,262,448,164,987,6227,2665,12587,41455,28647,58097,
2020-06-27,,,2,1,4,253,243,266,452,162,1009,6297,2638,12897,41907,28810,59105,
2020-06-28,,,3,1,5,255,244,270,456,160,1030,6366,2611,13211,42363,28970,60135,
2020-06-29,,,3,1,5,258,246,275,460,157,1052,6434,2582,13528,42823,29128,61187,
2020-06-30,,,3,1,5,261,247,279,463,155,1075,6502,2552,13848,43286,29284,62262,
2020-07-01,,,3,1,5,263,249,284,467,153,1097,6568,2522,14170,43753,29437,63359,
2020-07-02,,,3,1,5,266,250,289,470,151,1117,6633,2492,14492,44223,29588,64475,
2020-07-03,,,3,1,5,269,251,293,473,148,1137,6696,2461,14813,44697,29737,65611,
2020-07-04,,,3,1,5,271,253,298,476,146,1157,6758,2430,15134,45173,29883,66768,
2020-07-05,,,3,1,6,274,254,304,479,143,1178,6817,2397,15453,45652,30027,67946,
2020-07-06,,,3,1,6,277,255,309,482,140,1199,6874,2364,15772,46134,30168,69145,
2020-07-07,,,3,1,6,280,257,314,484,138,1220,6927,2329,16088,46618,30306,70365,
2020-07-08,,,3,1,6,283,258,320,486,135,1241,6979,2294,16405,47104,30442,71605,
2020-07-09,,,3,1,6,286,259,325,489,133,1262,7029,2258,16722,47593,30575,72866,
2020-07-10,,,3,1,6,289,261,331,490,130,1283,7076,2222,17039,48083,30705,74149,
2020-07-11,,,3,1,6,291,262,337,492,127,1303,7120,2185,17355,48575,30833,75451,
2020-07-12,,,3,1,7,294,263,343,494,124,1324,7162,2148,17670,49069,30958,76775,
2020-07-13,,,3,1,7,298,264,350,495,122,1344,7201,2109,17984,49564,31080,78118,
2020-07-14,,,3,1,7,301,266,356,496,119,1365,7237,2071,18296,50060,31199,79483,
2020-07-15,,,3,1,7,304,267,363,497,116,1383,7271,2031,18604,50557,31315,80865,
2020-07-16,,,3,1,7,307,268,369,498,113,1400,7301,1992,18907,51054,31429,82265,
2020-07-17,,,3,1,7,310,269,376,498,111,1417,7329,1952,19206,51553,31540,83681,
2020-07-18,,,3,1,8,313,270,383,499,108,1433,7355,1912,19503,52051,31649,85113,
2020-07-19,,,3,1,8,316,271,391,499,105,1447,7377,1871,19793,52550,31755,86560,
2020-07-20,,,3,1,8,320,273,398,499,103,1464,7397,1831,20078,53049,31858,88023,
2020-07-21,,,3,1,8,323,274,406,499,101,1482,7414,1791,20361,53548,31959,89505,
2020-07-22,,,3,1,8,326,275,413,499,98,1501,7428,1752,20641,54046,32058,91005,
2020-07-23,,,3,1,8,330,276,421,498,96,1519,7440,1713,20919,54544,32155,92524,
2020-07-24,,,3,1,8,333,277,429,498,94,1537,7449,1674,21194,55042,32250,94060,
2020-07-25,,,3,1,9,336,278,437,497,92,1555,7456,1637,21466,55539,32342,95614,
2020-07-26,,,3,1,9,340,279,445,496,90,1572,7460,1600,21735,56036,32433,97186,
2020-07-27,,,3,1,9,343,280,454,495,88,1589,7462,1563,22000,56531,32522,98774,
2020-07-28,,,3,1,9,346,281,462,495,87,1605,7462,1528,22261,57026,32609,100379,
2020-07-29,,,3,0,9,350,282,471,494,85,1619,7459,1494,22514,57519,32694,101997,
2020-07-30,,,3,0,9,353,283,480,492,83,1631,7455,1462,22762,58012,32778,103627,
2020-07-31,,,3,0,10,357,284,489,491,82,1643,7448,1430,23006,58503,32860,105270,
2020-08-01,,,3,0,10,360,285,498,490,80,1655,7440,1399,23244,58993,32940,106924,
2020-08-02,,,4,0,10,364,286,507,489,79,1668,7430,1370,23478,59482,33019,108591,
2020-08-03,,,4,0,10,367,287,517,487,77,1682,7419,1342,23713,59969,33097,110273,
2020-08-04,,,4,0,10,371,288,526,486,76,1697,7406,1315,23947,60455,33174,111969,
2020-08-05,,,4,0,10,374,288,536,484,75,1710,7392,1289,24175,60939,33249,113679,
2020-08-06,,,4,0,10,378,289,546,483,73,1723,7376,1264,24397,61422,33323,115402,
2020-08-07,,,4,0,10,382,290,556,481,72,1736,7359,1240,24614,61904,33395,117138,
2020-08-08,,,4,0,11,385,291,566,480,71,1747,7341,1217,24824,62383,33467,118884,
2020-08-09,,,4,0,11,389,292,576,478,70,1756,7322,1194,25025,62861,33537,120639,
2020-08-10,,,4,0,11,392,292,587,476,69,1764,7302,1173,25217,63337,33606,122402,
2020-08-11,,,4,0,11,396,293,597,474,68,1772,7281,1153,25400,63812,33675,124174,
2020-08-12,,,4,0,11,399,294,608,473,67,1779,7259,1133,25574,64284,33742,125952,
2020-08-13,,,4,0,11,403,295,618,471,66,1785,7236,1114,25741,64755,33809,127737,
2020-08-14,,,4,0,11,406,295,629,469,65,1791,7213,1096,25900,65224,33874,129527,
2020-08-15,,,4,0,11,410,296,640,467,64,1796,7188,1078,26053,65691,33939,131323,
2020-08-16,,,4,0,12,413,297,651,465,63,1800,7164,1062,26199,66157,34003,133122,
2020-08-17,,,4,0,12,417,297,662,463,63,1804,7138,1046,26335,66620,34066,134925,
2020-08-18,,,4,0,12,420,298,674,461,62,1806,7112,1030,26459,67081,34128,136731,
2020-08-19,,,4,0,12,424,298,685,459,61,1809,7086,1015,26571,67540,34189,138539,
2020-08-20,,,4,0,12,428,299,697,457,60,1810,7058,1000,26670,67998,34249,140349,
2020-08-21,,,4,0,12,431,300,708,455,59,1811,7031,985,26758,68453,34308,142159,
2020-08-22,,,3,0,12,435,300,720,453,58,1811,7003,971,26832,68906,34367,143969,
2020-08-23,,,3,0,12,438,301,732,451,57,1810,6975,958,26895,69358,34425,145778,
2020-08-24,,,3,0,12,441,301,744,449,57,1808,6946,945,26948,69807,34482,147586,
2020-08-25,,,3,0,12,445,302,756,447,56,1806,6917,932,26990,70254,34539,149392,
2020-08-26,,,3,0,13,448,302,768,445,56,1804,6888,920,27021,70700,34595,151195,
2020-08-27,,,3,0,13,452,303,780,443,55,1800,6858,909,27043,71143,34651,152994,
2020-08-28,,,3,0,13,455,304,792,441,55,1796,6829,897,27054,71584,34707,154790,
2020-08-29,,,3,0,13,459,304,804,439,54,1791,6799,886,27054,72023,34761,156581,
2020-08-30,,,3,0,13,462,305,817,437,53,1786,6769,875,27044,72460,34814,158367,
2020-08-31,,,3,0,13,466,305,829,435,52,1780,6739,864,27025,72895,34867,160146,
2020-09-01,,,3,0,13,469,306,842,433,51,1775,6709,853,26996,73329,34919,161921,
2020-09-02,,,3,0,13,472,306,855,431,51,1771,6679,842,26960,73760,34970,163691,
2020-09-03,,,3,0,13,476,307,867,429,50,1766,6649,832,26918,74189,35021,165457,
2020-09-04,,,3,0,13,479,307,880,427,49,1761,6618,821,26868,74616,35071,167217,
2020-09-05,,,3,0,13,482,307,893,425,49,1755,6588,811,26813,75042,35120,168971,
2020-09-06,,,3,0,13,486,308,905,423,48,1750,6558,801,26752,75465,35168,170721,
2020-09-07,,,3,0,13,489,308,918,421,47,1744,6529,791,26687,75886,35216,172465,
2020-09-08,,,3,0,13,492,309,931,419,47,1739,6499,781,26618,76306,35263,174203,
2020-09-09,,,3,0,13,496,309,944,418,46,1734,6469,771,26545,76723,35310,175936,
2020-09-10,,,3,0,13,499,310,957,416,46,1728,6440,760,26470,77139,35356,177664,
2020-09-11,,,3,0,13,502,310,970,414,45,1723,6410,750,26392,77553,35402,179386,
2020-09-12,,,3,0,13,505,311,983,412,44,1717,6381,739,26313,77965,35446,181103,
2020-09-13,,,3,0,13,509,311,995,410,44,1711,6352,729,26233,78375,35490,182813,
2020-09-14,,,3,0,13,512,311,1008,408,43,1706,6322,719,26152,78783,35534,184518,
2020-09-15,,,3,0,13,515,312,1021,406,42,1700,6293,709,26072,79189,35577,186218,
2020-09-16,,,3,0,13,518,312,1034,404,42,1694,6265,700,25991,79593,35619,187911,
2020-09-17,,,3,0,13,521,313,1047,403,41,1688,6236,690,25908,79996,35661,189599,
2020-09-18,,,3,0,13,525,313,1060,401,41,1682,6207,681,25825,80396,35703,191281,
2020-09-19,,,3,0,13,528,313,1072,399,41,1677,6179,673,25741,80795,35744,192957,
2020-09-20,,,3,0,13,531,314,1085,397,40,1671,6151,664,25656,81192,35784,194627,
2020-09-21,,,3,0,13,534,314,1098,395,40,1665,6123,655,25571,81588,35824,196291,
2020-09-22,,,3,0,13,537,315,1111,393,39,1658,6095,647,25485,81981,35864,197949,
2020-09-23,,,3,0,13,540,315,1123,392,39,1652,6067,640,25398,82373,35904,199601,
2020-09-24,,,3,0,13,543,315,1136,390,39,1646,6039,632,25311,82763,35943,201246,
2020-09-25,,,3,0,13,546,316,1148,388,39,1640,6012,626,25222,83151,35982,202886,
2020-09-26,,,3,0,13,549,316,1161,386,39,1634,5984,619,25134,83537,36021,204519,
2020-09-27,,,3,0,13,552,316,1173,385,38,1628,5957,614,25044,83922,36060,206146,
2020-09-28,,,3,0,13,555,317,1186,383,38,1621,5930,608,24954,84305,36099,207767,
2020-09-29,,,3,0,13,558,317,1198,381,38,1615,5903,603,24863,84686,36138,209381,
2020-09-30,,,3,0,13,561,317,1211,379,38,1609,5877,599,24772,85065,36176,210989,
2020-10-01,,,3,0,13,564,318,1223,378,38,1602,5850,595,24680,85443,36214,212591,
