date,actual_deaths,total_deaths,predicted_deaths_mean,predicted_deaths_lower,predicted_deaths_upper,predicted_total_deaths_mean,predicted_total_deaths_lower,predicted_total_deaths_upper,predicted_new_infected_mean,predicted_new_infected_lower,predicted_new_infected_upper,predicted_current_infected_mean,predicted_current_infected_lower,predicted_current_infected_upper,predicted_total_infected_mean,predicted_total_infected_lower,predicted_total_infected_upper,r_values_mean
2020-02-28,,,,,,,,,177,100,200,177,100,200,177,100,200,1.79418764469
2020-02-29,,,,,,,,,177,100,200,353,200,400,353,200,400,1.73133023642
2020-03-01,,,,,,,,,177,100,200,530,300,600,530,300,600,1.7148188074
2020-03-02,,,,,,,,,177,100,200,706,400,800,706,400,800,1.69395145453
2020-03-03,,,,,,,,,177,100,200,883,500,1000,883,500,1000,1.66794323365
2020-03-04,,,,,,,,,177,100,200,1059,600,1200,1059,600,1200,1.63617629545
2020-03-05,,,,,,,,,177,100,200,1236,700,1400,1236,700,1400,1.59834048195
2020-03-06,,,,,,,,,177,100,200,1412,800,1600,1412,800,1600,1.55451290692
2020-03-07,,,,,,,,,177,100,200,1589,900,1800,1589,900,1800,1.50515128876
2020-03-08,,,,,,,,,425,251,572,2014,1151,2372,2014,1151,2372,1.4507010217
2020-03-09,,,,,,,,,412,245,551,2426,1397,2923,2426,1397,2923,1.3928527292
2020-03-10,,,,,,,,,416,250,554,2842,1647,3477,2842,1647,3477,1.33253511695
2020-03-11,,,,,,,,,433,264,576,3275,1912,4052,3275,1912,4052,1.271321683
2020-03-12,,,,,,,,,477,297,638,3752,2210,4690,3752,2210,4690,1.2108884173
2020-03-13,,,,,,,,,544,348,735,4296,2558,5424,4296,2558,5424,1.15298169253
2020-03-14,,,,,,,,,580,379,791,4700,2837,6015,4876,2937,6215,1.09926815593
2020-03-15,,,,,,,,,597,397,813,5120,3135,6628,5473,3335,7028,1.05116008931
2020-03-16,,,,,,,,,613,414,830,5556,3449,7257,6086,3749,7857,1.00963882163
2020-03-17,,,,,,,,,630,435,845,6009,3785,7901,6716,4185,8701,0.975102473603
2020-03-18,,,,,,,,,653,461,868,6486,4147,8569,7369,4647,9569,0.947341586176
2020-03-19,,,,,,,,,673,485,882,6982,4532,9251,8041,5132,10451,0.925662076457
2020-03-20,,,,,,,,,686,502,887,7492,4934,9938,8728,5634,11338,0.909096234034
2020-03-21,,,,,,,,,697,513,889,8012,5348,10626,9425,6148,12226,0.896617390371
2020-03-22,,,,,,,,,706,523,888,8542,5772,11314,10131,6672,13114,0.887285804394
2020-03-23,3,3,,,,,,,717,535,889,8834,6056,11631,10848,7207,14002,0.880317805796
2020-03-24,0,3,,,,,,,727,547,888,9148,6358,11967,11574,7755,14890,0.875098383676
2020-03-25,0,3,,,,,,,735,559,885,9467,6667,12298,12310,8315,15774,0.871163142624
2020-03-26,0,3,,,,,,,742,569,880,9776,6972,12602,13052,8884,16654,0.86816982687
2020-03-27,0,3,,,,,,,748,579,882,10047,7254,12846,13800,9464,17535,0.865869474442
2020-03-28,2,5,,,,,,,753,588,878,10257,7494,12989,14553,10052,18413,0.864081830207
2020-03-29,0,5,,,,,,,759,597,877,10435,7713,13075,15312,10650,19289,0.862676322573
2020-03-30,2,7,,,,,,,763,606,880,10602,7922,13142,16075,11257,20169,0.861557966335
2020-03-31,7,14,,,,,,,767,615,883,10756,8123,13195,16842,11872,21051,0.860657268679
2020-04-01,0,14,,,,,,,770,623,884,10896,8311,13234,17612,12496,21935,0.859923026982
2020-04-02,13,27,,,,,,,773,631,885,11016,8481,13251,18384,13128,22820,0.859317182402
2020-04-03,2,29,,,,,,,775,639,886,11118,8635,13255,19159,13768,23705,0.858811170692
2020-04-04,6,35,,,,,,,776,646,886,11208,8780,13253,19935,14415,24590,0.85838333915
2020-04-05,14,49,,,,,,,778,653,885,11288,8920,13249,20713,15068,25475,0.858017126972
2020-04-06,0,49,,,,,,,778,660,884,11360,9057,13246,21491,15729,26359,0.8576997702
2020-04-07,2,51,,,,,,,779,666,883,11422,9188,13240,22270,16396,27241,0.857421359205
2020-04-08,18,69,,,,,,,778,671,881,11474,9311,13233,23048,17067,28122,0.857174145391
2020-04-09,4,73,,,,,,,778,671,879,11517,9423,13227,23826,17738,29000,0.856952028436
2020-04-10,3,76,,,,,,,777,671,876,11551,9524,13223,24603,18409,29876,0.856750177992
2020-04-11,4,80,,,,,,,776,670,873,11579,9615,13214,25379,19080,30749,0.856564753051
2020-04-12,1,81,,,,,,,774,669,870,11600,9696,13206,26153,19749,31618,0.856359437598
2020-04-13,11,92,,,,,,,772,671,866,11613,9770,13194,26924,20421,32483,0.856165957213
2020-04-14,1,93,,,,,,,769,670,862,11619,9834,13175,27694,21091,33344,0.855989208813
2020-04-15,12,105,,,,,,,767,667,857,11619,9886,13150,28461,21759,34201,0.855849130266
2020-04-16,7,112,,,,,,,764,661,852,11613,9923,13118,29224,22420,35052,0.855702454618
2020-04-17,3,115,,,,,,,760,655,847,11600,9947,13079,29985,23076,35899,0.855567270129
2020-04-18,-1,114,,,,,,,757,649,842,11583,9957,13035,30742,23725,36740,0.855455278667
2020-04-19,7,121,,,,,,,753,644,842,11559,9955,12992,31494,24370,37581,0.85534378387
2020-04-20,1,122,,,,,,,749,641,836,11530,9943,12942,32243,25012,38416,0.855232865612
2020-04-21,9,131,,,,,,,744,635,829,11496,9918,12887,32987,25647,39245,0.855122622752
2020-04-22,0,131,,,,,,,740,628,822,11457,9880,12826,33727,26276,40067,0.855013179896
2020-04-23,13,144,,,,,,,735,621,815,11413,9830,12760,34462,26897,40881,0.854904701566
2020-04-24,11,155,,,,,,,729,613,808,11365,9772,12688,35191,27511,41688,0.854797412065
2020-04-25,0,155,,,,,,,724,605,800,11312,9707,12612,35915,28117,42487,0.854691625312
2020-04-26,0,155,,,,,,,718,598,795,11254,9635,12534,36633,28715,43282,0.854587789946
2020-04-27,1,156,,,,,,,712,589,795,11193,9555,12459,37345,29305,44076,0.854486555844
2020-04-28,17,173,,,,,,,706,581,794,11127,9466,12388,38052,29887,44870,0.854388873557
2020-04-29,5,178,,,,,,,700,573,793,11058,9369,12320,38752,30460,45663,0.854296142407
2020-04-30,8,186,,,,,,,693,565,792,10984,9266,12255,39445,31026,46455,0.854210430971
2020-05-01,5,191,,,,,,,687,556,791,10907,9162,12194,40132,31582,47246,0.854134805423
2020-05-02,4,195,,,,,,,680,548,790,10827,9054,12137,40812,32130,48035,0.854073817654
2020-05-03,1,196,,,,,,,673,539,788,10743,8944,12083,41485,32670,48822,0.854034229876
2020-05-04,0,196,,,,,,,666,530,786,10656,8830,12027,42150,33200,49608,0.854026087735
2020-05-05,9,205,,,,,,,658,521,784,10565,8710,11976,42808,33722,50392,0.854064303862
2020-05-06,10,215,,,,,,,651,513,782,10472,8588,11928,43459,34235,51173,0.854170982094
2020-05-07,7,222,,,,,,,643,504,779,10376,8463,11885,44103,34740,51952,0.854378800905
2020-05-08,7,229,,,,,,,636,495,777,10277,8337,11847,44738,35235,52728,0.854735877217
2020-05-09,8,237,,,,,,,628,486,774,10176,8210,11814,45366,35722,53501,0.855312623039
2020-05-10,0,237,,,,,,,621,478,771,10072,8083,11785,45987,36200,54272,0.856211115622
2020-05-11,1,238,,,,,,,613,469,769,9967,7954,11759,46601,36670,55040,0.857577259427
2020-05-12,7,245,,,,,,,606,461,767,9862,7826,11731,47207,37132,55807,0.859615182061
2020-05-13,9,254,,,,,,,600,453,765,9755,7698,11702,47807,37585,56571,0.862601271365
2020-05-14,9,263,,,,,,,594,446,766,9650,7571,11674,48401,38032,57336,0.866891206154
2020-05-15,8,271,,,,,,,590,439,768,9546,7446,11649,48991,38472,58103,0.872906813322
2020-05-16,4,275,,,,,,,587,432,772,9446,7322,11629,49578,38905,58875,0.881082445789
2020-05-17,0,275,,,,,,,585,427,779,9352,7201,11618,50163,39332,59653,0.891750511478
2020-05-18,0,275,,,,,,,586,421,780,9265,7084,11611,50749,39754,60433,0.904967958701
2020-05-19,9,284,,,,,,,588,415,794,9187,6968,11618,51337,40169,61226,0.920340668961
2020-05-20,7,291,,,,,,,592,409,811,9121,6855,11645,51930,40578,62036,0.936963804581
2020-05-21,17,308,,,,,,,595,402,826,9066,6745,11690,52525,40981,62862,0.94947634552
2020-05-22,3,311,,,,,,,599,396,838,9021,6637,11749,53124,41377,63700,0.961438699873
2020-05-23,4,315,,,,,,,604,390,853,8990,6532,11825,53728,41768,64552,0.972395334088
2020-05-24,0,315,,,,,,,610,384,874,8972,6430,11925,54339,42152,65425,0.982041975519
2020-05-25,0,315,,,,,,,616,378,897,8968,6330,12051,54955,42530,66322,0.990242072452
2020-05-26,0,315,,,,,,,622,371,921,8977,6232,12202,55578,42902,67242,0.997004439063
2020-05-27,5,320,,,,,,,629,365,945,8999,6135,12381,56206,43267,68187,1.00244032537
2020-05-28,7,327,,,,,,,635,358,970,9034,6040,12586,56841,43626,69156,1.00671773634
2020-05-29,8,335,,,,,,,641,351,996,9080,5945,12816,57482,43977,70152,1.01002409816
2020-05-30,2,337,,,,,,,647,344,1024,9138,5849,13073,58129,44322,71176,1.01254126004
2020-05-31,0,337,,,,,,,654,336,1053,9205,5753,13354,58782,44659,72228,1.01443173307
2020-06-01,0,337,,,,,,,660,329,1082,9279,5655,13657,59442,44988,73309,1.01583310517
2020-06-02,14,351,,,,,,,666,321,1111,9359,5555,13988,60108,45309,74420,1.0168577142
2020-06-03,8,359,,,,,,,672,314,1142,9443,5455,14336,60780,45624,75561,1.01759486807
2020-06-04,4,363,,,,,,,680,308,1174,9530,5354,14699,61460,45932,76735,1.01811423291
2020-06-05,4,367,,,,,,,687,302,1206,9622,5253,15079,62147,46234,77940,1.01846924882
2020-06-06,3,370,,,,,,,695,295,1240,9718,5152,15480,62842,46530,79179,1.01870061662
2020-06-07,2,372,,,,,,,702,289,1274,9815,5052,15901,63544,46820,80453,1.01883921963
2020-06-08,1,373,,,,,,,710,283,1309,9915,4951,16336,64253,47103,81761,1.01890828081
2020-06-09,15,388,,,,,,,718,277,1344,10016,4850,16783,64971,47381,83104,1.01892517427
2020-06-10,9,397,,,,,,,726,272,1381,10119,4750,17243,65697,47653,84485,1.01890283868
2020-06-11,10,407,,,,,,,734,266,1419,10225,4652,17717,66431,47919,85903,1.01885089937
2020-06-12,9,416,,,,,,,743,261,1457,10333,4554,18204,67174,48181,87360,1.01877652474
2020-06-13,9,425,,,,,,,751,256,1496,10443,4459,18704,67925,48437,88856,1.01868504191
2020-06-14,1,426,,,,,,,760,251,1537,10556,4365,19217,68685,48688,90392,1.01858039818
2020-06-15,3,429,,,,,,,769,246,1578,10672,4275,19742,69455,48934,91970,1.01846550702
2020-06-16,,,6,3,9,435,432,438,779,241,1620,10791,4187,20281,70233,49175,93589,
2020-06-17,,,5,3,9,440,435,446,788,236,1664,10913,4102,20833,71021,49412,95252,
2020-06-18,,,5,3,9,445,438,454,798,232,1706,11039,4020,21397,71819,49644,96957,
2020-06-19,,,5,3,9,451,441,462,807,227,1751,11166,3939,21974,72626,49872,98708,
2020-06-20,,,5,2,9,456,444,471,815,223,1796,11294,3860,22564,73442,50095,100503,
2020-06-21,,,5,2,9,462,447,479,824,218,1840,11423,3783,23164,74265,50313,102343,
2020-06-22,,,5,2,9,467,450,488,832,213,1885,11553,3707,23776,75097,50527,104228,
2020-06-23,,,5,2,9,472,452,496,840,209,1930,11683,3633,24397,75937,50737,106157,
2020-06-24,,,5,2,9,477,455,505,848,205,1976,11813,3561,25029,76784,50942,108133,
2020-06-25,,,5,2,9,482,457,514,855,200,2021,11942,3490,25669,77639,51143,110153,
2020-06-26,,,5,2,9,488,460,523,862,196,2065,12070,3420,26315,78501,51340,112218,
2020-06-27,,,5,2,9,493,462,532,868,192,2111,12195,3351,26969,79369,51532,114328,
2020-06-28,,,5,2,10,498,464,541,875,188,2157,12319,3284,27630,80244,51721,116485,
2020-06-29,,,5,2,10,503,466,550,881,185,2203,12440,3218,28296,81125,51906,118687,
2020-06-30,,,5,2,10,508,468,559,887,181,2249,12557,3153,28966,82011,52088,120936,
2020-07-01,,,5,1,10,513,470,569,892,177,2295,12670,3090,29641,82903,52265,123230,
2020-07-02,,,5,1,10,518,472,579,897,173,2341,12779,3027,30318,83800,52439,125570,
2020-07-03,,,5,1,11,523,474,589,902,170,2386,12883,2965,30998,84702,52609,127955,
2020-07-04,,,5,1,11,529,476,599,906,166,2431,12982,2904,31678,85608,52776,130385,
2020-07-05,,,5,1,11,534,478,610,910,163,2469,13076,2844,32351,86518,52939,132854,
2020-07-06,,,5,1,12,539,479,621,913,159,2507,13166,2785,33018,87431,53099,135360,
2020-07-07,,,5,1,12,545,481,632,917,156,2546,13251,2728,33679,88348,53256,137906,
2020-07-08,,,6,1,12,551,483,644,919,153,2585,13330,2672,34333,89267,53409,140490,
2020-07-09,,,6,1,12,556,484,656,922,150,2622,13404,2617,34980,90189,53559,143112,
2020-07-10,,,6,1,13,562,486,668,924,146,2657,13473,2563,35616,91112,53706,145769,
2020-07-11,,,6,1,13,568,488,681,925,143,2693,13537,2510,36243,92037,53850,148461,
2020-07-12,,,6,1,13,573,489,694,926,140,2727,13595,2458,36860,92964,53991,151187,
2020-07-13,,,6,1,14,579,491,707,927,138,2760,13647,2407,37463,93891,54129,153947,
2020-07-14,,,6,1,14,585,492,720,928,135,2792,13694,2357,38052,94819,54264,156739,
2020-07-15,,,6,1,14,591,494,734,928,132,2823,13735,2309,38626,95747,54397,159561,
2020-07-16,,,6,1,15,597,495,748,928,129,2853,13771,2261,39184,96674,54526,162413,
2020-07-17,,,6,1,15,603,497,763,927,126,2882,13801,2214,39725,97601,54653,165295,
2020-07-18,,,6,1,15,609,498,777,926,124,2909,13825,2168,40249,98527,54778,168203,
2020-07-19,,,6,1,16,616,500,792,925,121,2935,13844,2123,40753,99452,54899,171138,
2020-07-20,,,6,1,16,622,501,808,923,119,2960,13858,2079,41244,100375,55019,174098,
2020-07-21,,,6,1,16,628,502,824,921,116,2983,13866,2036,41721,101297,55135,177081,
2020-07-22,,,6,1,17,634,504,840,919,114,3005,13868,1994,42179,102216,55250,180085,
2020-07-23,,,6,1,17,641,505,856,917,112,3026,13866,1953,42620,103132,55362,183110,
2020-07-24,,,6,1,17,647,506,873,914,109,3044,13858,1912,43043,104046,55472,186154,
2020-07-25,,,6,1,18,654,507,890,911,107,3061,13845,1873,43447,104957,55580,189215,
2020-07-26,,,6,1,18,660,508,907,908,105,3077,13827,1835,43831,105865,55685,192292,
2020-07-27,,,6,1,18,667,510,925,904,103,3091,13805,1797,44195,106769,55789,195382,
2020-07-28,,,7,1,18,673,511,943,900,101,3103,13778,1761,44538,107669,55890,198485,
2020-07-29,,,7,1,19,680,512,961,897,99,3110,13747,1725,44856,108566,55990,201594,
2020-07-30,,,7,1,19,686,513,979,893,97,3115,13712,1690,45148,109458,56087,204708,
2020-07-31,,,7,1,19,693,514,998,888,95,3125,13672,1656,45420,110347,56183,207833,
2020-08-01,,,7,1,19,699,515,1017,884,93,3134,13629,1623,45673,111230,56277,210967,
2020-08-02,,,7,1,20,706,516,1036,879,92,3139,13582,1591,45902,112110,56369,214105,
2020-08-03,,,7,1,20,712,517,1055,874,90,3141,13532,1560,46108,112984,56460,217245,
2020-08-04,,,7,0,20,719,518,1075,869,88,3141,13478,1529,46288,113853,56548,220385,
2020-08-05,,,7,0,20,726,519,1095,864,87,3139,13421,1499,46444,114718,56635,223524,
2020-08-06,,,7,0,21,732,520,1115,859,85,3136,13361,1470,46574,115577,56721,226659,
2020-08-07,,,7,0,21,739,521,1135,854,83,3130,13299,1442,46679,116431,56805,229789,
2020-08-08,,,7,0,21,745,522,1156,849,82,3123,13233,1415,46758,117280,56887,232912,
2020-08-09,,,7,0,21,752,523,1177,843,80,3115,13165,1388,46811,118123,56968,236026,
2020-08-10,,,7,0,21,759,524,1198,837,79,3104,13095,1362,46839,118960,57048,239130,
2020-08-11,,,7,0,22,765,524,1219,832,78,3092,13023,1336,46840,119792,57126,242222,
2020-08-12,,,7,0,22,772,525,1240,826,76,3079,12948,1312,46816,120618,57203,245300,
2020-08-13,,,7,0,22,778,526,1261,820,75,3063,12872,1288,46770,121438,57278,248363,
2020-08-14,,,7,0,22,785,527,1283,814,74,3047,12793,1265,46701,122252,57352,251409,
2020-08-15,,,7,0,22,791,528,1304,808,73,3028,12713,1242,46604,123060,57426,254437,
2020-08-16,,,6,0,22,798,528,1326,802,71,3008,12631,1220,46478,123862,57497,257444,
2020-08-17,,,6,0,22,804,529,1348,796,70,2987,12548,1199,46326,124658,57568,260431,
2020-08-18,,,6,0,22,811,530,1370,790,69,2964,12464,1178,46149,125448,57638,263394,
2020-08-19,,,6,0,23,817,531,1392,784,68,2939,12378,1158,45947,126231,57707,266332,
2020-08-20,,,6,0,23,823,531,1414,777,67,2913,12291,1139,45722,127009,57775,269245,
2020-08-21,,,6,0,23,830,532,1436,771,66,2886,12203,1120,45472,127780,57841,272131,
2020-08-22,,,6,0,23,836,533,1459,765,65,2858,12114,1102,45200,128545,57907,274988,
2020-08-23,,,6,0,23,842,533,1481,759,65,2833,12024,1085,44909,129304,57972,277820,
2020-08-24,,,6,0,23,849,534,1503,752,64,2808,11934,1068,44602,130056,58037,280628,
2020-08-25,,,6,0,23,855,535,1526,746,63,2782,11842,1052,44279,130802,58100,283409,
2020-08-26,,,6,0,23,861,535,1548,740,62,2755,11750,1036,43942,131542,58163,286163,
2020-08-27,,,6,0,23,867,536,1570,734,61,2728,11658,1021,43591,132276,58225,288891,
2020-08-28,,,6,0,23,873,536,1593,727,61,2702,11565,1007,43229,133003,58286,291592,
2020-08-29,,,6,0,23,879,537,1615,721,60,2675,11472,993,42858,133724,58346,294267,
2020-08-30,,,6,0,23,885,538,1637,715,59,2649,11379,980,42479,134439,58406,296915,
2020-08-31,,,6,0,23,891,538,1659,709,59,2623,11285,967,42094,135147,58465,299538,
2020-09-01,,,6,0,23,897,539,1681,702,58,2596,11192,955,41703,135849,58524,302133,
2020-09-02,,,6,0,22,903,539,1703,696,57,2570,11098,943,41309,136546,58582,304703,
2020-09-03,,,6,0,22,909,540,1725,690,57,2543,11004,932,40914,137235,58639,307245,
2020-09-04,,,6,0,22,915,540,1747,684,56,2517,10910,921,40517,137919,58696,309762,
2020-09-05,,,6,0,22,921,541,1769,677,56,2491,10816,910,40122,138596,58752,312252,
2020-09-06,,,6,0,22,927,541,1790,671,55,2465,10722,900,39729,139267,58808,314716,
2020-09-07,,,6,0,22,932,542,1811,665,55,2438,10629,890,39334,139932,58863,317154,
2020-09-08,,,6,0,22,938,543,1833,659,54,2413,10535,881,38939,140591,58918,319566,
2020-09-09,,,6,0,22,944,543,1854,653,54,2388,10442,871,38546,141244,58972,321954,
2020-09-10,,,6,0,21,949,543,1875,647,53,2363,10348,863,38154,141891,59026,324317,
2020-09-11,,,6,0,21,955,544,1895,641,53,2339,10256,854,37765,142531,59079,326655,
2020-09-12,,,5,0,21,960,544,1916,635,52,2314,10163,846,37377,143166,59132,328968,
2020-09-13,,,5,0,21,966,545,1936,629,52,2290,10071,838,36991,143795,59185,331257,
2020-09-14,,,5,0,21,971,545,1956,623,52,2265,9979,830,36607,144417,59237,333522,
2020-09-15,,,5,0,20,976,546,1976,617,51,2241,9887,823,36225,145034,59289,335762,
2020-09-16,,,5,0,20,982,546,1996,611,51,2216,9796,816,35845,145646,59340,337978,
2020-09-17,,,5,0,20,987,547,2016,605,51,2192,9706,809,35468,146251,59392,340170,
2020-09-18,,,5,0,20,992,547,2035,600,51,2168,9616,803,35092,146851,59443,342337,
2020-09-19,,,5,0,20,997,548,2054,594,50,2144,9526,797,34719,147445,59494,344481,
2020-09-20,,,5,0,20,1002,548,2073,588,50,2120,9437,791,34348,148033,59544,346600,
2020-09-21,,,5,0,19,1008,548,2092,583,50,2096,9349,786,33980,148616,59594,348696,
2020-09-22,,,5,0,19,1013,549,2111,577,49,2072,9261,780,33614,149194,59644,350768,
2020-09-23,,,5,0,19,1018,549,2129,572,49,2049,9174,776,33250,149765,59694,352816,
2020-09-24,,,5,0,19,1023,550,2148,566,49,2025,9088,771,32888,150332,59744,354841,
2020-09-25,,,5,0,19,1027,550,2166,561,49,2004,9002,767,32529,150893,59793,356845,
2020-09-26,,,5,0,18,1032,551,2184,556,49,1981,8917,762,32171,151448,59842,358825,
2020-09-27,,,5,0,18,1037,551,2201,550,48,1958,8833,758,31815,151999,59891,360782,
2020-09-28,,,5,0,18,1042,551,2219,545,48,1935,8749,755,31460,152544,59940,362717,
2020-09-29,,,5,0,18,1047,552,2236,540,48,1912,8666,751,31107,153084,59989,364628,
2020-09-30,,,5,0,18,1051,552,2253,535,48,1889,8584,748,30755,153618,60037,366516,
2020-10-01,,,5,0,17,1056,553,2270,530,48,1866,8502,744,30405,154148,60085,368382,
