date,actual_deaths,total_deaths,predicted_deaths_mean,predicted_deaths_lower,predicted_deaths_upper,predicted_total_deaths_mean,predicted_total_deaths_lower,predicted_total_deaths_upper,predicted_new_infected_mean,predicted_new_infected_lower,predicted_new_infected_upper,predicted_current_infected_mean,predicted_current_infected_lower,predicted_current_infected_upper,predicted_total_infected_mean,predicted_total_infected_lower,predicted_total_infected_upper,r_values_mean
2020-03-05,,,,,,,,,27,10,50,27,10,50,27,10,50,2.78536585366
2020-03-06,,,,,,,,,27,10,50,55,20,100,55,20,100,2.66793142873
2020-03-07,,,,,,,,,27,10,50,82,30,150,82,30,150,2.63928017712
2020-03-08,,,,,,,,,27,10,50,110,40,200,110,40,200,2.60329418187
2020-03-09,,,,,,,,,27,10,50,137,50,250,137,50,250,2.558331793
2020-03-10,,,,,,,,,27,10,50,165,60,300,165,60,300,2.5027598514
2020-03-11,,,,,,,,,27,10,50,192,70,350,192,70,350,2.43523273702
2020-03-12,,,,,,,,,27,10,50,220,80,400,220,80,400,2.35501306991
2020-03-13,,,,,,,,,27,10,50,247,90,450,247,90,450,2.26222746296
2020-03-14,,,,,,,,,83,31,145,330,121,595,330,121,595,2.15773732645
2020-03-15,,,,,,,,,79,31,137,409,152,731,409,152,731,2.04401361997
2020-03-16,,,,,,,,,80,32,132,489,185,863,489,185,863,1.9235442788
2020-03-17,,,,,,,,,85,36,133,574,221,996,574,221,996,1.79967119892
2020-03-18,,,,,,,,,97,43,151,671,265,1147,671,265,1147,1.67591222096
2020-03-19,,,,,,,,,115,55,177,786,320,1323,786,320,1323,1.55574748227
2020-03-20,,,,,,,,,123,62,189,881,372,1461,908,382,1511,1.44234463214
2020-03-21,,,,,,,,,126,67,193,979,430,1603,1034,450,1703,1.33834495732
2020-03-22,,,,,,,,,129,73,196,1081,494,1749,1163,524,1899,1.24570894226
2020-03-23,,,,,,,,,133,80,198,1187,564,1896,1297,604,2096,1.16557255538
2020-03-24,,,,,,,,,138,87,201,1298,642,2047,1435,692,2297,1.09816847112
2020-03-25,,,,,,,,,142,93,200,1412,726,2197,1577,786,2497,1.0428683417
2020-03-26,,,,,,,,,144,98,197,1528,814,2343,1720,884,2693,0.99838367084
2020-03-27,,,,,,,,,144,100,194,1645,904,2487,1865,984,2887,0.963076416906
2020-03-28,,,,,,,,,145,101,194,1762,996,2630,2010,1086,3080,0.935255656224
2020-03-29,1,1,,,,,,,146,103,194,1825,1067,2679,2156,1189,3274,0.913380680964
2020-03-30,0,1,,,,,,,146,104,194,1893,1140,2736,2302,1293,3467,0.8961550887
2020-03-31,2,3,,,,,,,146,105,192,1959,1213,2796,2448,1398,3658,0.882540706088
2020-04-01,0,3,,,,,,,146,105,187,2020,1282,2849,2594,1504,3844,0.871729769055
2020-04-02,1,4,,,,,,,146,106,181,2069,1345,2879,2740,1610,4025,0.86310245906
2020-04-03,0,4,,,,,,,145,107,180,2099,1398,2883,2885,1718,4205,0.856184992959
2020-04-04,0,4,,,,,,,144,108,180,2121,1444,2874,3029,1826,4384,0.850614424336
2020-04-05,0,4,,,,,,,144,108,179,2139,1485,2860,3173,1935,4563,0.846111142685
2020-04-06,0,4,,,,,,,143,109,176,2152,1520,2840,3316,2044,4738,0.84245823101
2020-04-07,1,5,,,,,,,142,109,173,2161,1549,2815,3458,2154,4911,0.839486154522
2020-04-08,1,6,,,,,,,141,109,170,2163,1571,2784,3598,2264,5080,0.837061434794
2020-04-09,2,8,,,,,,,140,110,169,2161,1588,2752,3738,2374,5248,0.835078276664
2020-04-10,2,10,,,,,,,138,110,167,2156,1600,2723,3876,2484,5415,0.833452339376
2020-04-11,0,10,,,,,,,137,110,166,2149,1610,2694,4014,2594,5580,0.832116066366
2020-04-12,1,11,,,,,,,136,109,164,2140,1618,2664,4150,2704,5744,0.831015136539
2020-04-13,1,12,,,,,,,135,109,161,2129,1625,2632,4285,2814,5905,0.830105728488
2020-04-14,0,12,,,,,,,134,108,159,2116,1629,2597,4418,2923,6063,0.829352392836
2020-04-15,2,14,,,,,,,132,107,156,2102,1631,2561,4551,3030,6219,0.828726386251
2020-04-16,0,14,,,,,,,131,105,154,2087,1631,2528,4681,3135,6372,0.828027076504
2020-04-17,1,15,,,,,,,130,103,153,2071,1628,2500,4811,3238,6525,0.827486607995
2020-04-18,1,16,,,,,,,128,101,152,2054,1621,2471,4939,3340,6676,0.827090840105
2020-04-19,2,18,,,,,,,127,99,151,2037,1613,2442,5066,3439,6826,0.826768464078
2020-04-20,0,18,,,,,,,125,97,150,2019,1602,2414,5192,3537,6976,0.826284600131
2020-04-21,0,18,,,,,,,124,96,148,2000,1589,2386,5316,3633,7123,0.825835928025
2020-04-22,0,18,,,,,,,123,94,147,1981,1574,2360,5439,3728,7270,0.825780662691
2020-04-23,4,22,,,,,,,121,92,145,1962,1556,2335,5560,3821,7415,0.82572615657
2020-04-24,0,22,,,,,,,120,91,144,1942,1537,2311,5680,3912,7558,0.825672467938
2020-04-25,5,27,,,,,,,118,89,143,1922,1517,2286,5798,4001,7701,0.825619718064
2020-04-26,0,27,,,,,,,117,87,141,1901,1494,2261,5915,4089,7841,0.825568084233
2020-04-27,0,27,,,,,,,116,86,140,1881,1470,2238,6031,4175,7981,0.825517827429
2020-04-28,2,29,,,,,,,114,84,140,1860,1445,2216,6145,4259,8120,0.825469330242
2020-04-29,1,30,,,,,,,113,82,139,1839,1419,2196,6258,4342,8259,0.825423157912
2020-04-30,0,30,,,,,,,111,81,139,1818,1393,2179,6369,4424,8397,0.825380154558
2020-05-01,3,33,,,,,,,110,79,138,1797,1368,2162,6479,4503,8534,0.825341579021
2020-05-02,0,33,,,,,,,108,78,136,1776,1343,2145,6587,4582,8669,0.825309306796
2020-05-03,0,33,,,,,,,107,76,134,1754,1318,2128,6694,4658,8803,0.825286131465
2020-05-04,1,34,,,,,,,105,75,132,1733,1294,2109,6799,4734,8935,0.825276212644
2020-05-05,2,36,,,,,,,104,73,131,1711,1269,2090,6903,4807,9065,0.825285743261
2020-05-06,1,37,,,,,,,102,72,129,1690,1245,2071,7006,4879,9194,0.825323936969
2020-05-07,1,38,,,,,,,101,70,128,1668,1222,2052,7106,4950,9321,0.825404484789
2020-05-08,1,39,,,,,,,99,69,127,1646,1198,2034,7206,5019,9448,0.825547693011
2020-05-09,0,39,,,,,,,98,67,127,1624,1175,2016,7304,5087,9574,0.825783595594
2020-05-10,0,39,,,,,,,97,66,126,1602,1152,2000,7401,5154,9700,0.826156429059
2020-05-11,0,39,,,,,,,95,65,126,1581,1129,1984,7496,5219,9825,0.826730941441
2020-05-12,1,40,,,,,,,94,63,125,1559,1107,1969,7589,5282,9950,0.827601014651
2020-05-13,3,43,,,,,,,92,62,125,1537,1085,1954,7682,5345,10074,0.82890085716
2020-05-14,2,45,,,,,,,91,61,124,1515,1063,1939,7773,5406,10197,0.830818255063
2020-05-15,1,46,,,,,,,90,59,124,1494,1042,1924,7863,5466,10321,0.833607498025
2020-05-16,0,46,,,,,,,89,58,124,1473,1020,1911,7951,5524,10444,0.837595866368
2020-05-17,1,47,,,,,,,88,57,124,1452,1000,1899,8039,5582,10568,0.843171566244
2020-05-18,1,48,,,,,,,87,57,125,1432,980,1890,8126,5639,10692,0.850734428789
2020-05-19,0,48,,,,,,,87,56,125,1414,961,1882,8213,5695,10817,0.86059062167
2020-05-20,0,48,,,,,,,86,55,125,1396,943,1876,8299,5751,10941,0.87279301172
2020-05-21,0,48,,,,,,,86,55,125,1380,926,1873,8385,5806,11066,0.88697954795
2020-05-22,0,48,,,,,,,87,54,128,1366,910,1873,8472,5861,11193,0.902318264055
2020-05-23,1,49,,,,,,,87,54,128,1353,895,1873,8559,5915,11321,0.913877076437
2020-05-24,-1,48,,,,,,,87,53,129,1342,880,1875,8646,5968,11449,0.92493148925
2020-05-25,6,54,,,,,,,87,52,131,1333,866,1880,8733,6020,11579,0.935062177658
2020-05-26,0,54,,,,,,,88,51,134,1326,853,1888,8821,6072,11712,0.943989120091
2020-05-27,0,54,,,,,,,88,50,137,1320,840,1900,8910,6122,11849,0.951586562116
2020-05-28,1,55,,,,,,,89,49,141,1317,827,1917,8999,6172,11990,0.95786247831
2020-05-29,0,55,,,,,,,89,48,143,1315,815,1936,9088,6221,12133,0.962919080583
2020-05-30,4,59,,,,,,,90,47,147,1315,803,1959,9178,6269,12279,0.966910797672
2020-05-31,0,59,,,,,,,90,46,151,1317,791,1985,9268,6316,12429,0.970009976794
2020-06-01,0,59,,,,,,,91,45,154,1320,779,2015,9359,6362,12583,0.97238387848
2020-06-02,0,59,,,,,,,91,44,156,1324,767,2047,9451,6407,12739,0.974181998407
2020-06-03,2,61,,,,,,,92,43,159,1330,755,2080,9542,6451,12897,0.975530950747
2020-06-04,0,61,,,,,,,92,42,161,1335,742,2117,9634,6494,13057,0.976534077305
2020-06-05,4,65,,,,,,,93,42,164,1342,729,2155,9727,6536,13221,0.977273538574
2020-06-06,0,65,,,,,,,93,41,169,1348,716,2196,9821,6577,13389,0.977813417267
2020-06-07,0,65,,,,,,,94,40,174,1356,702,2242,9915,6617,13562,0.978202899668
2020-06-08,0,65,,,,,,,95,39,179,1363,688,2292,10009,6657,13740,0.978479569067
2020-06-09,1,66,,,,,,,95,38,184,1371,675,2345,10104,6696,13924,0.978671846823
2020-06-10,1,67,,,,,,,96,38,189,1379,662,2400,10200,6734,14112,0.978801106465
2020-06-11,2,69,,,,,,,97,37,194,1387,648,2457,10297,6771,14305,0.978883345699
2020-06-12,0,69,,,,,,,97,36,200,1395,636,2515,10394,6808,14504,0.978930497137
2020-06-13,1,70,,,,,,,98,36,205,1404,623,2577,10492,6844,14709,0.978951459332
2020-06-14,0,70,,,,,,,99,35,211,1413,610,2641,10591,6880,14920,0.978952858444
2020-06-15,1,71,,,,,,,100,34,217,1422,598,2708,10690,6915,15136,0.978939617478
2020-06-16,,,1,0,2,72,71,73,100,34,223,1431,586,2776,10790,6949,15359,
2020-06-17,,,1,0,2,72,71,74,101,33,229,1441,575,2849,10892,6982,15587,
2020-06-18,,,1,0,2,73,72,75,102,33,236,1451,564,2926,10994,7016,15822,
2020-06-19,,,1,0,2,74,72,76,103,32,242,1462,554,3007,11096,7048,16064,
2020-06-20,,,1,0,2,75,73,77,104,32,249,1473,544,3092,11200,7080,16313,
2020-06-21,,,1,0,2,75,73,78,105,31,256,1484,534,3179,11305,7112,16568,
2020-06-22,,,1,0,2,76,73,79,105,30,262,1495,525,3268,11410,7143,16830,
2020-06-23,,,1,0,2,77,74,80,106,30,269,1507,516,3359,11516,7173,17099,
2020-06-24,,,1,0,2,77,74,82,107,29,276,1518,507,3451,11622,7203,17374,
2020-06-25,,,1,0,2,78,74,83,107,29,283,1529,498,3545,11730,7232,17656,
2020-06-26,,,1,0,2,79,75,84,108,28,290,1541,489,3641,11837,7261,17946,
2020-06-27,,,1,0,2,79,75,85,108,28,297,1552,481,3738,11946,7290,18242,
2020-06-28,,,1,0,2,80,75,86,109,27,304,1563,473,3836,12055,7318,18545,
2020-06-29,,,1,0,2,81,75,88,109,27,311,1573,465,3936,12164,7345,18855,
2020-06-30,,,1,0,2,81,76,89,110,26,318,1584,457,4037,12274,7372,19172,
2020-07-01,,,1,0,2,82,76,90,110,26,325,1593,449,4139,12384,7399,19497,
2020-07-02,,,1,0,2,83,76,92,110,26,332,1603,442,4242,12494,7425,19829,
2020-07-03,,,1,0,2,83,77,93,111,25,339,1611,434,4346,12605,7450,20168,
2020-07-04,,,1,0,2,84,77,94,111,25,344,1620,427,4448,12716,7475,20512,
2020-07-05,,,1,0,2,85,77,96,111,24,351,1627,419,4550,12827,7500,20862,
2020-07-06,,,1,0,2,86,77,97,111,24,357,1634,412,4651,12938,7524,21219,
2020-07-07,,,1,0,2,86,78,99,111,23,363,1640,405,4752,13050,7548,21582,
2020-07-08,,,1,0,2,87,78,101,111,23,370,1646,398,4853,13161,7572,21951,
2020-07-09,,,1,0,2,88,78,102,112,23,376,1651,392,4952,13273,7595,22326,
2020-07-10,,,1,0,2,88,78,104,111,22,379,1655,385,5049,13384,7618,22705,
2020-07-11,,,1,0,2,89,79,106,111,22,383,1658,378,5142,13496,7640,23087,
2020-07-12,,,1,0,2,90,79,107,111,22,386,1661,372,5231,13607,7662,23472,
2020-07-13,,,1,0,2,91,79,109,111,21,389,1664,366,5316,13718,7684,23861,
2020-07-14,,,1,0,2,91,79,111,111,21,391,1665,360,5397,13829,7705,24251,
2020-07-15,,,1,0,2,92,79,113,111,20,394,1666,354,5473,13940,7726,24645,
2020-07-16,,,1,0,2,93,80,115,110,20,396,1666,348,5543,14050,7747,25040,
2020-07-17,,,1,0,3,94,80,117,110,20,397,1666,342,5608,14160,7767,25436,
2020-07-18,,,1,0,3,94,80,119,110,19,399,1665,336,5667,14270,7787,25835,
2020-07-19,,,1,0,3,95,80,121,109,19,400,1663,331,5722,14379,7807,26234,
2020-07-20,,,1,0,3,96,80,123,109,19,400,1661,325,5772,14488,7826,26633,
2020-07-21,,,1,0,3,97,81,126,108,18,401,1658,320,5815,14597,7845,27034,
2020-07-22,,,1,0,3,98,81,128,108,18,401,1655,315,5853,14705,7864,27434,
2020-07-23,,,1,0,3,98,81,130,107,18,400,1651,310,5883,14812,7882,27834,
2020-07-24,,,1,0,3,99,81,133,107,18,400,1646,305,5908,14919,7900,28233,
2020-07-25,,,1,0,3,100,81,135,106,17,399,1641,300,5928,15026,7918,28632,
2020-07-26,,,1,0,3,101,82,137,106,17,398,1636,295,5943,15132,7935,29029,
2020-07-27,,,1,0,3,101,82,140,105,17,397,1630,290,5954,15237,7953,29426,
2020-07-28,,,1,0,3,102,82,142,105,17,395,1624,286,5961,15342,7970,29821,
2020-07-29,,,1,0,3,103,82,145,104,16,395,1617,281,5964,15446,7987,30215,
2020-07-30,,,1,0,3,104,82,148,104,16,394,1610,277,5965,15550,8003,30609,
2020-07-31,,,1,0,3,105,82,150,103,16,393,1603,272,5962,15653,8020,31001,
2020-08-01,,,1,0,3,105,83,153,102,16,392,1595,268,5957,15755,8036,31393,
2020-08-02,,,1,0,3,106,83,156,102,15,391,1587,264,5949,15857,8052,31783,
2020-08-03,,,1,0,3,107,83,159,101,15,390,1579,260,5939,15958,8068,32172,
2020-08-04,,,1,0,3,108,83,161,101,15,389,1571,257,5928,16059,8083,32561,
2020-08-05,,,1,0,3,109,83,164,100,15,388,1562,253,5915,16159,8098,32948,
2020-08-06,,,1,0,3,109,83,167,99,14,387,1554,249,5901,16258,8113,33334,
2020-08-07,,,1,0,3,110,84,170,99,14,385,1545,245,5886,16357,8127,33719,
2020-08-08,,,1,0,3,111,84,172,98,14,384,1536,241,5870,16455,8142,34103,
2020-08-09,,,1,0,3,112,84,175,98,14,383,1527,238,5854,16553,8156,34486,
2020-08-10,,,1,0,3,112,84,178,97,14,382,1518,234,5838,16650,8170,34867,
2020-08-11,,,1,0,3,113,84,181,96,14,381,1509,231,5822,16746,8184,35248,
2020-08-12,,,1,0,3,114,84,184,96,13,380,1500,228,5807,16842,8198,35627,
2020-08-13,,,1,0,3,115,84,187,95,13,379,1491,225,5790,16937,8212,36005,
2020-08-14,,,1,0,3,116,84,190,95,13,377,1482,222,5774,17032,8226,36382,
2020-08-15,,,1,0,3,116,85,192,94,13,376,1473,219,5757,17126,8239,36758,
2020-08-16,,,1,0,3,117,85,195,93,13,375,1464,216,5740,17219,8253,37132,
2020-08-17,,,1,0,3,118,85,198,93,13,374,1455,214,5723,17312,8266,37505,
2020-08-18,,,1,0,3,119,85,201,92,13,373,1446,211,5706,17404,8279,37877,
2020-08-19,,,1,0,3,119,85,204,92,13,371,1437,209,5688,17495,8293,38248,
2020-08-20,,,1,0,3,120,85,206,91,13,370,1428,208,5670,17587,8306,38618,
2020-08-21,,,1,0,3,121,85,209,90,13,369,1419,206,5652,17677,8319,38986,
2020-08-22,,,1,0,3,122,85,212,90,13,367,1410,204,5634,17767,8332,39353,
2020-08-23,,,1,0,3,122,86,215,89,13,366,1401,203,5616,17856,8345,39719,
2020-08-24,,,1,0,3,123,86,218,89,12,365,1392,202,5598,17945,8358,40083,
2020-08-25,,,1,0,3,124,86,220,88,12,364,1383,200,5579,18033,8371,40446,
2020-08-26,,,1,0,3,124,86,223,88,12,362,1375,199,5561,18121,8384,40808,
2020-08-27,,,1,0,3,125,86,226,87,12,361,1366,198,5542,18208,8397,41168,
2020-08-28,,,1,0,3,126,86,229,87,12,360,1358,197,5523,18295,8410,41527,
2020-08-29,,,1,0,3,127,86,231,86,12,358,1349,196,5504,18381,8422,41885,
2020-08-30,,,1,0,3,127,86,234,86,12,357,1341,195,5484,18466,8435,42241,
2020-08-31,,,1,0,3,128,86,237,85,12,356,1332,194,5465,18551,8448,42596,
2020-09-01,,,1,0,3,129,87,240,85,12,354,1324,194,5445,18636,8460,42950,
2020-09-02,,,1,0,3,129,87,242,84,12,353,1316,193,5425,18720,8473,43302,
2020-09-03,,,1,0,3,130,87,245,83,12,351,1308,192,5405,18803,8485,43653,
2020-09-04,,,1,0,3,131,87,248,83,12,350,1300,191,5385,18886,8498,44003,
2020-09-05,,,1,0,3,131,87,250,82,12,349,1292,191,5365,18969,8510,44351,
2020-09-06,,,1,0,3,132,87,253,82,12,347,1284,190,5345,19051,8523,44697,
2020-09-07,,,1,0,3,133,87,256,81,12,346,1276,189,5325,19132,8535,45043,
2020-09-08,,,1,0,3,133,87,258,81,12,344,1268,189,5304,19213,8547,45386,
2020-09-09,,,1,0,3,134,87,261,80,12,343,1260,188,5283,19293,8559,45729,
2020-09-10,,,1,0,3,135,87,264,80,11,341,1252,187,5262,19373,8571,46070,
2020-09-11,,,1,0,3,135,87,266,79,11,340,1245,185,5241,19453,8583,46409,
2020-09-12,,,1,0,3,136,88,269,79,11,339,1237,184,5220,19532,8594,46747,
2020-09-13,,,1,0,3,137,88,272,78,11,337,1229,183,5199,19610,8606,47084,
2020-09-14,,,1,0,3,137,88,274,78,11,336,1222,181,5178,19688,8617,47419,
2020-09-15,,,1,0,3,138,88,277,78,10,334,1214,180,5157,19766,8628,47753,
2020-09-16,,,1,0,3,139,88,279,77,10,333,1207,178,5135,19843,8638,48085,
2020-09-17,,,1,0,3,139,88,282,77,10,331,1200,176,5114,19920,8649,48415,
2020-09-18,,,1,0,3,140,88,284,76,10,330,1192,174,5092,19996,8660,48745,
2020-09-19,,,1,0,3,140,88,287,76,10,328,1185,172,5070,20072,8670,49072,
2020-09-20,,,1,0,3,141,88,290,75,10,327,1178,170,5048,20147,8680,49399,
2020-09-21,,,1,0,3,142,88,292,75,10,325,1171,167,5026,20222,8690,49723,
2020-09-22,,,1,0,3,142,88,295,74,10,324,1164,165,5004,20296,8700,50046,
2020-09-23,,,1,0,3,143,89,297,74,9,322,1157,163,4982,20370,8710,50368,
2020-09-24,,,1,0,3,143,89,300,74,9,321,1150,160,4960,20444,8720,50688,
2020-09-25,,,1,0,3,144,89,302,73,9,319,1144,158,4938,20517,8730,51007,
2020-09-26,,,1,0,3,145,89,305,73,9,318,1137,156,4915,20590,8739,51324,
2020-09-27,,,1,0,3,145,89,307,72,9,316,1130,154,4893,20662,8749,51640,
2020-09-28,,,1,0,3,146,89,310,72,9,315,1124,152,4870,20734,8758,51954,
2020-09-29,,,1,0,3,146,89,312,72,9,313,1117,150,4848,20805,8767,52266,
2020-09-30,,,1,0,3,147,89,315,71,9,312,1111,148,4825,20877,8777,52577,
2020-10-01,,,1,0,3,147,89,317,71,9,310,1104,147,4803,20947,8786,52887,
