date,actual_deaths,total_deaths,predicted_deaths_mean,predicted_deaths_lower,predicted_deaths_upper,predicted_total_deaths_mean,predicted_total_deaths_lower,predicted_total_deaths_upper,predicted_new_infected_mean,predicted_new_infected_lower,predicted_new_infected_upper,predicted_current_infected_mean,predicted_current_infected_lower,predicted_current_infected_upper,predicted_total_infected_mean,predicted_total_infected_lower,predicted_total_infected_upper,r_values_mean
2020-02-27,,,,,,,,,29,20,50,29,20,50,29,20,50,1.32469135802
2020-02-28,,,,,,,,,29,20,50,58,40,100,58,40,100,1.32316217214
2020-02-29,,,,,,,,,29,20,50,87,60,150,87,60,150,1.32281611285
2020-03-01,,,,,,,,,29,20,50,116,80,200,116,80,200,1.32238970553
2020-03-02,,,,,,,,,29,20,50,144,100,250,144,100,250,1.32186329482
2020-03-03,,,,,,,,,29,20,50,173,120,300,173,120,300,1.32121193498
2020-03-04,,,,,,,,,29,20,50,202,140,350,202,140,350,1.32040374645
2020-03-05,,,,,,,,,29,20,50,231,160,400,231,160,400,1.31939767507
2020-03-06,,,,,,,,,29,20,50,260,180,450,260,180,450,1.31814041527
2020-03-07,,,,,,,,,65,40,110,325,220,560,325,220,560,1.31652623232
2020-03-08,,,,,,,,,64,39,110,389,259,670,389,259,670,1.31453044479
2020-03-09,,,,,,,,,66,40,113,455,300,782,455,300,782,1.31199342402
2020-03-10,,,,,,,,,70,42,119,525,343,901,525,343,901,1.30875782438
2020-03-11,,,,,,,,,79,46,133,604,389,1033,604,389,1033,1.30460589726
2020-03-12,,,,,,,,,92,52,154,697,441,1187,697,441,1187,1.29925027462
2020-03-13,,,,,,,,,102,56,169,770,478,1306,799,498,1356,1.29231889154
2020-03-14,,,,,,,,,110,59,180,851,517,1435,909,557,1535,1.28334824503
2020-03-15,,,,,,,,,118,62,191,939,560,1576,1026,620,1726,1.27179748264
2020-03-16,,,,,,,,,126,65,202,1037,605,1728,1152,685,1928,1.25709559761
2020-03-17,,,,,,,,,136,69,215,1144,655,1892,1288,755,2142,1.23873801322
2020-03-18,,,,,,,,,145,73,226,1260,708,2068,1433,828,2368,1.21642258684
2020-03-19,,,,,,,,,153,76,233,1384,765,2251,1586,905,2601,1.19018066247
2020-03-20,,,,,,,,,159,79,243,1514,825,2443,1745,985,2843,1.16044266111
2020-03-21,,,,,,,,,165,82,258,1650,888,2651,1910,1068,3101,1.12800007186
2020-03-22,1,1,,,,,,,170,85,268,1756,934,2809,2080,1154,3369,1.09388247941
2020-03-23,0,1,,,,,,,174,89,269,1866,983,2968,2254,1243,3637,1.05920325399
2020-03-24,0,1,,,,,,,177,91,268,1976,1034,3123,2431,1335,3905,1.02502355179
2020-03-25,1,2,,,,,,,178,94,265,2084,1086,3269,2609,1429,4170,0.99226042467
2020-03-26,1,3,,,,,,,179,96,262,2184,1137,3398,2788,1526,4431,0.961642633367
2020-03-27,2,5,,,,,,,178,98,257,2269,1183,3501,2966,1625,4687,0.933703862458
2020-03-28,0,5,,,,,,,177,100,252,2344,1227,3584,3143,1725,4939,0.90879529123
2020-03-29,0,5,,,,,,,176,102,244,2411,1270,3648,3319,1828,5183,0.887099315409
2020-03-30,1,6,,,,,,,174,103,235,2467,1311,3692,3493,1931,5417,0.86863579249
2020-03-31,0,6,,,,,,,172,104,228,2512,1349,3718,3665,2035,5645,0.853267537912
2020-04-01,3,9,,,,,,,169,105,224,2546,1385,3727,3834,2141,5869,0.840720916081
2020-04-02,0,9,,,,,,,166,106,220,2567,1418,3721,4000,2247,6089,0.830629504055
2020-04-03,0,9,,,,,,,164,106,217,2577,1448,3705,4164,2353,6305,0.822590797128
2020-04-04,0,9,,,,,,,161,107,214,2579,1475,3676,4324,2461,6519,0.816216828865
2020-04-05,2,11,,,,,,,158,107,211,2571,1500,3629,4482,2568,6730,0.811166035262
2020-04-06,1,12,,,,,,,155,105,208,2556,1520,3569,4637,2674,6937,0.807155493469
2020-04-07,0,12,,,,,,,152,103,203,2534,1534,3504,4789,2778,7140,0.803959652245
2020-04-08,6,18,,,,,,,149,101,199,2507,1544,3435,4938,2879,7339,0.801402488531
2020-04-09,2,20,,,,,,,146,99,195,2475,1549,3364,5084,2979,7533,0.798833989756
2020-04-10,2,22,,,,,,,143,97,191,2439,1550,3293,5227,3076,7723,0.796781981905
2020-04-11,2,24,,,,,,,140,96,187,2401,1547,3223,5367,3173,7910,0.794990465324
2020-04-12,3,27,,,,,,,137,95,183,2361,1542,3153,5505,3268,8092,0.793403974846
2020-04-13,3,30,,,,,,,135,93,179,2320,1533,3088,5639,3361,8271,0.791866159978
2020-04-14,3,33,,,,,,,132,91,175,2278,1522,3029,5771,3453,8446,0.790710409523
2020-04-15,0,33,,,,,,,129,90,172,2236,1507,2972,5900,3543,8617,0.790797794808
2020-04-16,4,37,,,,,,,127,87,168,2193,1490,2916,6027,3631,8784,0.790934806904
2020-04-17,0,37,,,,,,,124,85,165,2151,1469,2861,6151,3716,8949,0.791145449522
2020-04-18,0,37,,,,,,,122,83,161,2110,1446,2805,6273,3800,9110,0.791465255691
2020-04-19,1,38,,,,,,,119,80,158,2068,1419,2749,6392,3880,9267,0.791946564989
2020-04-20,1,39,,,,,,,117,78,155,2028,1390,2692,6510,3959,9421,0.792665990177
2020-04-21,0,39,,,,,,,115,76,152,1988,1361,2636,6625,4035,9573,0.793734621949
2020-04-22,0,39,,,,,,,113,74,149,1949,1332,2581,6738,4110,9721,0.795311278073
2020-04-23,4,43,,,,,,,111,72,146,1911,1303,2528,6848,4183,9866,0.797618193166
2020-04-24,0,43,,,,,,,109,71,144,1874,1275,2477,6958,4254,10010,0.800956324045
2020-04-25,0,43,,,,,,,108,69,142,1838,1247,2428,7065,4324,10151,0.805713039535
2020-04-26,0,43,,,,,,,106,68,140,1804,1220,2381,7172,4393,10290,0.812347861009
2020-04-27,0,43,,,,,,,105,68,138,1772,1193,2336,7277,4461,10428,0.821334138697
2020-04-28,1,44,,,,,,,105,67,138,1743,1167,2295,7382,4528,10565,0.833034464985
2020-04-29,0,44,,,,,,,105,67,138,1715,1143,2258,7486,4596,10703,0.847511746704
2020-04-30,4,48,,,,,,,105,67,138,1691,1120,2224,7591,4664,10840,0.864337895125
2020-05-01,0,48,,,,,,,105,68,139,1669,1101,2195,7696,4732,10979,0.882528653654
2020-05-02,0,48,,,,,,,106,68,141,1651,1085,2171,7802,4801,11119,0.896247150926
2020-05-03,0,48,,,,,,,106,68,143,1635,1070,2152,7908,4870,11261,0.909369729806
2020-05-04,0,48,,,,,,,107,68,145,1622,1058,2139,8015,4939,11406,0.921399961162
2020-05-05,0,48,,,,,,,108,68,148,1613,1048,2132,8122,5008,11553,0.93200637224
2020-05-06,0,48,,,,,,,109,69,150,1606,1041,2131,8231,5077,11703,0.941040033376
2020-05-07,5,53,,,,,,,110,70,153,1603,1037,2135,8340,5148,11855,0.948510273026
2020-05-08,1,54,,,,,,,110,71,156,1602,1036,2145,8451,5219,12010,0.954537945136
2020-05-09,0,54,,,,,,,111,71,158,1605,1036,2159,8562,5291,12168,0.959305704223
2020-05-10,2,56,,,,,,,112,72,161,1609,1039,2178,8675,5363,12329,0.963017446319
2020-05-11,0,56,,,,,,,113,73,164,1616,1044,2202,8788,5437,12492,0.965871078479
2020-05-12,0,56,,,,,,,114,74,166,1625,1050,2230,8902,5511,12657,0.968043499615
2020-05-13,1,57,,,,,,,115,74,168,1635,1057,2260,9017,5586,12825,0.969684538567
2020-05-14,1,58,,,,,,,116,74,171,1646,1064,2293,9132,5660,12996,0.970916481502
2020-05-15,0,58,,,,,,,116,73,173,1658,1070,2329,9249,5734,13168,0.971836550344
2020-05-16,4,62,,,,,,,117,73,176,1670,1074,2365,9366,5807,13343,0.972520595206
2020-05-17,0,62,,,,,,,118,72,178,1682,1078,2402,9484,5880,13521,0.973026987521
2020-05-18,0,62,,,,,,,118,71,180,1694,1080,2439,9602,5951,13700,0.973400200809
2020-05-19,0,62,,,,,,,119,70,183,1707,1082,2477,9721,6021,13883,0.973673872472
2020-05-20,0,62,,,,,,,120,69,186,1719,1083,2516,9841,6091,14068,0.973873307216
2020-05-21,1,63,,,,,,,120,68,190,1730,1082,2555,9961,6159,14257,0.97401746559
2020-05-22,1,64,,,,,,,121,67,193,1741,1079,2595,10081,6227,14450,0.974120512991
2020-05-23,2,66,,,,,,,121,67,194,1751,1074,2633,10202,6294,14643,0.9741930097
2020-05-24,0,66,,,,,,,121,66,197,1761,1069,2672,10324,6360,14839,0.974242816204
2020-05-25,0,66,,,,,,,122,64,200,1771,1061,2711,10445,6425,15039,0.97427577686
2020-05-26,3,69,,,,,,,122,63,204,1779,1051,2752,10567,6488,15243,0.974296233508
2020-05-27,0,69,,,,,,,122,62,208,1787,1038,2794,10689,6550,15451,0.974307409943
2020-05-28,2,71,,,,,,,122,61,212,1795,1025,2838,10811,6612,15663,0.974311698978
2020-05-29,0,71,,,,,,,123,61,217,1802,1012,2884,10934,6673,15879,0.974310876355
2020-05-30,1,72,,,,,,,123,60,221,1809,999,2932,11057,6733,16099,0.974306256051
2020-05-31,1,73,,,,,,,124,59,225,1815,985,2981,11181,6793,16324,0.9742987816
2020-06-01,1,74,,,,,,,124,59,229,1821,972,3033,11305,6852,16553,0.971717347727
2020-06-02,1,75,,,,,,,124,58,233,1826,960,3086,11428,6911,16785,0.969141875496
2020-06-03,0,75,,,,,,,124,57,237,1831,947,3140,11552,6969,17022,0.966572786242
2020-06-04,0,75,,,,,,,124,57,241,1835,935,3194,11676,7026,17262,0.964010352469
2020-06-05,3,78,,,,,,,124,56,245,1839,923,3250,11800,7082,17507,0.961454767424
2020-06-06,0,78,,,,,,,124,55,249,1843,911,3306,11924,7138,17755,0.958906171529
2020-06-07,0,78,,,,,,,124,55,253,1846,899,3364,12048,7193,18007,0.956364668492
2020-06-08,0,78,,,,,,,124,54,256,1848,887,3424,12172,7248,18263,0.953830334526
2020-06-09,0,78,,,,,,,124,53,260,1850,876,3484,12296,7302,18522,0.951303219175
2020-06-10,2,80,,,,,,,123,52,264,1852,866,3543,12419,7354,18785,0.948783351333
2020-06-11,0,80,,,,,,,123,52,267,1853,856,3601,12542,7407,19052,0.946270747364
2020-06-12,2,82,,,,,,,123,51,271,1854,846,3660,12665,7458,19322,0.943765414956
2020-06-13,2,84,,,,,,,123,50,274,1854,836,3717,12788,7509,19595,0.941267356546
2020-06-14,4,88,,,,,,,122,49,277,1853,825,3773,12910,7559,19872,0.938776569382
2020-06-15,0,88,,,,,,,122,49,280,1851,815,3828,13032,7608,20151,0.936293046113
2020-06-16,,,1,0,2,89,88,90,121,48,282,1849,804,3881,13154,7656,20433,
2020-06-17,,,1,0,2,90,89,92,121,47,284,1846,792,3931,13275,7704,20716,
2020-06-18,,,1,0,2,91,89,94,120,45,285,1843,780,3980,13395,7749,21001,
2020-06-19,,,1,0,2,92,90,96,120,44,289,1839,768,4027,13515,7794,21289,
2020-06-20,,,1,0,2,93,90,98,119,43,292,1834,755,4074,13634,7838,21581,
2020-06-21,,,1,0,2,94,91,99,119,42,296,1829,741,4122,13753,7880,21876,
2020-06-22,,,1,0,2,95,91,101,118,41,300,1823,727,4169,13871,7921,22175,
2020-06-23,,,1,0,2,96,92,103,117,40,302,1817,713,4215,13988,7961,22477,
2020-06-24,,,1,0,2,97,92,105,117,38,304,1809,698,4259,14105,8000,22781,
2020-06-25,,,1,0,2,98,93,107,116,37,306,1802,683,4302,14221,8038,23087,
2020-06-26,,,1,0,2,99,93,108,115,37,308,1793,668,4344,14336,8075,23395,
2020-06-27,,,1,0,2,100,93,110,114,36,310,1785,653,4383,14450,8111,23705,
2020-06-28,,,1,0,2,101,94,112,113,35,312,1775,637,4421,14563,8147,24016,
2020-06-29,,,1,0,2,102,94,114,113,34,313,1766,622,4458,14676,8181,24329,
2020-06-30,,,1,0,2,103,95,116,112,33,315,1755,606,4492,14788,8215,24643,
2020-07-01,,,1,0,2,104,95,118,111,32,315,1745,591,4526,14898,8247,24958,
2020-07-02,,,1,0,2,104,95,119,110,32,316,1734,575,4559,15008,8279,25274,
2020-07-03,,,1,0,2,105,96,121,109,31,317,1722,561,4590,15117,8311,25590,
2020-07-04,,,1,0,2,106,96,123,108,30,317,1710,547,4618,15225,8341,25906,
2020-07-05,,,1,0,2,107,96,125,107,29,316,1698,533,4642,15332,8371,26222,
2020-07-06,,,1,0,2,108,97,127,106,29,316,1686,520,4662,15439,8400,26538,
2020-07-07,,,1,0,2,109,97,129,105,28,315,1673,507,4677,15544,8429,26852,
2020-07-08,,,1,0,3,110,97,131,104,27,314,1660,495,4690,15648,8457,27166,
2020-07-09,,,1,0,3,111,98,133,103,27,313,1647,484,4699,15752,8484,27479,
2020-07-10,,,1,0,3,111,98,135,102,26,312,1633,472,4705,15854,8511,27791,
2020-07-11,,,1,0,3,112,98,137,101,26,312,1620,462,4708,15956,8537,28102,
2020-07-12,,,1,0,3,113,99,139,101,25,311,1606,451,4709,16056,8563,28413,
2020-07-13,,,1,0,3,114,99,141,100,25,310,1592,441,4708,16156,8588,28723,
2020-07-14,,,1,0,3,115,99,144,99,24,310,1578,432,4704,16254,8613,29032,
2020-07-15,,,1,0,3,116,100,146,98,24,309,1565,422,4698,16352,8637,29340,
2020-07-16,,,1,0,3,116,100,148,97,23,308,1551,413,4690,16449,8661,29648,
2020-07-17,,,1,0,3,117,100,150,96,23,307,1537,404,4682,16545,8684,29955,
2020-07-18,,,1,0,3,118,100,152,95,22,307,1523,396,4671,16640,8707,30261,
2020-07-19,,,1,0,3,119,101,154,94,22,306,1509,388,4660,16734,8730,30566,
2020-07-20,,,1,0,3,120,101,157,93,22,305,1495,380,4649,16827,8752,30870,
2020-07-21,,,1,0,3,121,101,159,92,21,304,1481,373,4637,16920,8774,31174,
2020-07-22,,,1,0,3,121,101,161,92,21,303,1468,365,4625,17011,8795,31477,
2020-07-23,,,1,0,3,122,102,163,91,20,303,1454,358,4613,17102,8816,31779,
2020-07-24,,,1,0,3,123,102,166,90,20,302,1441,352,4602,17192,8837,32081,
2020-07-25,,,1,0,3,124,102,168,89,20,301,1427,345,4591,17281,8857,32381,
2020-07-26,,,1,0,3,124,102,170,88,20,300,1414,339,4579,17370,8877,32681,
2020-07-27,,,1,0,3,125,103,172,88,19,300,1401,333,4568,17457,8897,32980,
2020-07-28,,,1,0,3,126,103,175,87,19,299,1388,327,4556,17544,8916,33279,
2020-07-29,,,1,0,3,127,103,177,86,19,298,1375,321,4545,17630,8935,33576,
2020-07-30,,,1,0,3,127,103,179,85,18,297,1363,316,4533,17715,8954,33873,
2020-07-31,,,1,0,3,128,103,181,84,18,297,1351,311,4522,17800,8972,34169,
2020-08-01,,,1,0,3,129,104,184,84,18,296,1338,305,4510,17883,8990,34464,
2020-08-02,,,1,0,3,130,104,186,83,17,295,1326,300,4499,17966,9008,34759,
2020-08-03,,,1,0,3,130,104,188,82,17,294,1315,295,4487,18049,9026,35053,
2020-08-04,,,1,0,3,131,104,190,82,17,294,1303,291,4476,18130,9043,35346,
2020-08-05,,,1,0,3,132,104,192,81,17,293,1291,286,4464,18211,9060,35638,
2020-08-06,,,1,0,3,132,104,195,80,16,292,1280,282,4453,18292,9077,35929,
2020-08-07,,,1,0,3,133,105,197,80,16,291,1269,277,4441,18371,9094,36220,
2020-08-08,,,1,0,3,134,105,199,79,16,290,1258,273,4430,18450,9110,36510,
2020-08-09,,,1,0,3,134,105,201,78,16,290,1247,269,4419,18529,9126,36799,
2020-08-10,,,1,0,3,135,105,203,78,16,289,1237,265,4407,18606,9142,37088,
2020-08-11,,,1,0,3,136,105,205,77,15,288,1226,261,4396,18683,9158,37376,
2020-08-12,,,1,0,3,136,105,208,76,15,287,1216,257,4385,18760,9174,37663,
2020-08-13,,,1,0,3,137,106,210,76,15,287,1206,254,4373,18836,9189,37949,
2020-08-14,,,1,0,3,138,106,212,75,15,286,1196,250,4362,18911,9205,38234,
2020-08-15,,,1,0,3,138,106,214,75,15,285,1186,247,4351,18986,9220,38519,
2020-08-16,,,1,0,3,139,106,216,74,14,284,1177,244,4339,19060,9235,38803,
2020-08-17,,,1,0,3,140,106,218,74,14,284,1167,241,4328,19134,9250,39086,
2020-08-18,,,1,0,3,140,106,220,73,14,283,1158,238,4317,19207,9264,39369,
2020-08-19,,,1,0,3,141,106,223,73,14,282,1149,235,4305,19279,9279,39651,
2020-08-20,,,1,0,3,142,107,225,72,14,282,1140,232,4294,19351,9293,39932,
2020-08-21,,,1,0,3,142,107,227,71,14,281,1131,230,4283,19422,9307,40212,
2020-08-22,,,1,0,3,143,107,229,71,14,280,1122,227,4272,19493,9322,40491,
2020-08-23,,,1,0,3,143,107,231,70,14,279,1114,225,4261,19564,9336,40770,
2020-08-24,,,1,0,3,144,107,233,70,13,279,1105,223,4249,19634,9349,41048,
2020-08-25,,,1,0,3,145,107,235,69,13,278,1097,220,4238,19703,9363,41326,
2020-08-26,,,1,0,3,145,107,237,69,13,277,1089,218,4227,19772,9377,41602,
2020-08-27,,,1,0,3,146,107,239,69,13,276,1081,216,4216,19841,9391,41878,
2020-08-28,,,1,0,3,146,108,241,68,13,276,1073,214,4205,19909,9404,42153,
2020-08-29,,,1,0,3,147,108,244,68,13,275,1065,212,4194,19976,9417,42428,
2020-08-30,,,1,0,3,147,108,246,67,13,274,1058,210,4183,20044,9431,42701,
2020-08-31,,,1,0,3,148,108,248,67,13,273,1050,209,4171,20110,9444,42974,
2020-09-01,,,1,0,3,148,108,250,66,13,273,1043,207,4160,20177,9457,43246,
2020-09-02,,,1,0,3,149,108,252,66,13,272,1036,205,4149,20243,9470,43518,
2020-09-03,,,1,0,3,150,108,254,65,12,271,1029,204,4138,20308,9483,43788,
2020-09-04,,,1,0,3,150,108,256,65,12,270,1022,202,4127,20373,9496,44058,
2020-09-05,,,1,0,3,151,109,258,65,12,270,1015,201,4116,20438,9509,44328,
2020-09-06,,,1,0,3,151,109,260,64,12,269,1009,200,4105,20502,9522,44596,
2020-09-07,,,1,0,3,152,109,262,64,12,268,1002,198,4094,20566,9534,44864,
2020-09-08,,,1,0,3,152,109,264,64,12,268,996,197,4083,20630,9547,45131,
2020-09-09,,,1,0,3,153,109,266,63,12,267,989,196,4072,20693,9560,45398,
2020-09-10,,,1,0,3,153,109,268,63,12,266,983,195,4062,20755,9572,45663,
2020-09-11,,,1,0,3,154,109,270,62,12,265,977,193,4051,20818,9584,45928,
2020-09-12,,,1,0,2,154,109,272,62,12,265,971,192,4040,20880,9597,46192,
2020-09-13,,,1,0,2,155,109,274,62,12,264,965,191,4029,20942,9609,46456,
2020-09-14,,,1,0,2,155,109,276,61,12,263,959,190,4018,21003,9622,46719,
2020-09-15,,,0,0,2,156,110,278,61,12,263,954,189,4007,21064,9634,46981,
2020-09-16,,,0,0,2,156,110,280,61,12,262,948,188,3996,21125,9646,47242,
2020-09-17,,,0,0,2,157,110,282,60,12,261,943,187,3986,21185,9658,47503,
2020-09-18,,,0,0,2,157,110,284,60,12,260,937,187,3975,21245,9670,47763,
2020-09-19,,,0,0,2,158,110,286,60,12,260,932,186,3964,21305,9682,48022,
2020-09-20,,,0,0,2,158,110,288,59,12,259,927,185,3953,21364,9694,48281,
2020-09-21,,,0,0,2,159,110,290,59,11,258,921,184,3943,21424,9706,48538,
2020-09-22,,,0,0,2,159,110,292,59,11,258,916,184,3932,21482,9718,48796,
2020-09-23,,,0,0,2,160,110,294,59,11,257,911,183,3921,21541,9730,49052,
2020-09-24,,,0,0,2,160,110,296,58,11,256,906,182,3911,21599,9742,49308,
2020-09-25,,,0,0,2,161,110,297,58,11,256,902,181,3900,21657,9754,49563,
2020-09-26,,,0,0,2,161,111,299,58,11,255,897,181,3889,21715,9766,49817,
2020-09-27,,,0,0,2,162,111,301,57,11,254,892,180,3879,21772,9778,50071,
2020-09-28,,,0,0,2,162,111,303,57,11,253,888,180,3868,21829,9789,50324,
2020-09-29,,,0,0,2,162,111,305,57,11,253,883,179,3858,21886,9801,50576,
2020-09-30,,,0,0,2,163,111,307,57,11,252,879,179,3847,21943,9813,50827,
2020-10-01,,,0,0,2,163,111,309,56,11,251,874,178,3837,21999,9825,51078,
