date,actual_deaths,total_deaths,predicted_deaths_mean,predicted_deaths_lower,predicted_deaths_upper,predicted_total_deaths_mean,predicted_total_deaths_lower,predicted_total_deaths_upper,predicted_new_infected_mean,predicted_new_infected_lower,predicted_new_infected_upper,predicted_current_infected_mean,predicted_current_infected_lower,predicted_current_infected_upper,predicted_total_infected_mean,predicted_total_infected_lower,predicted_total_infected_upper,r_values_mean
2020-02-24,,,,,,,,,67,40,80,67,40,80,67,40,80,1.34944622984
2020-02-25,,,,,,,,,67,40,80,134,80,160,134,80,160,1.34737693769
2020-02-26,,,,,,,,,67,40,80,201,120,240,201,120,240,1.34691998992
2020-02-27,,,,,,,,,67,40,80,268,160,320,268,160,320,1.34636241296
2020-02-28,,,,,,,,,67,40,80,335,200,400,335,200,400,1.3456821541
2020-02-29,,,,,,,,,67,40,80,402,240,480,402,240,480,1.34485235984
2020-03-01,,,,,,,,,67,40,80,469,280,560,469,280,560,1.3438403314
2020-03-02,,,,,,,,,67,40,80,536,320,640,536,320,640,1.34260624289
2020-03-03,,,,,,,,,67,40,80,603,360,720,603,360,720,1.34110155824
2020-03-04,,,,,,,,,153,95,204,756,455,924,756,455,924,1.33923023221
2020-03-05,,,,,,,,,153,95,203,909,551,1126,909,551,1126,1.33698900411
2020-03-06,,,,,,,,,157,98,210,1066,649,1336,1066,649,1336,1.33425085626
2020-03-07,,,,,,,,,168,105,227,1234,755,1562,1234,755,1562,1.33091301329
2020-03-08,,,,,,,,,190,120,261,1424,876,1823,1424,876,1823,1.32684086626
2020-03-09,,,,,,,,,224,144,315,1647,1021,2137,1647,1021,2137,1.32186857527
2020-03-10,,,,,,,,,248,161,352,1829,1142,2409,1896,1182,2489,1.31579214835
2020-03-11,,,,,,,,,267,175,380,2029,1278,2709,2163,1358,2869,1.30836445175
2020-03-12,,,,,,,,,288,191,411,2250,1429,3039,2451,1549,3279,1.29929610082
2020-03-13,,,,,,,,,310,208,444,2493,1598,3402,2761,1758,3722,1.28826440378
2020-03-14,,,,,,,,,337,229,483,2764,1787,3805,3099,1987,4205,1.2749436424
2020-03-15,,,,,,,,,364,251,519,3060,1999,4243,3462,2239,4723,1.25906190175
2020-03-16,,,,,,,,,387,271,549,3380,2230,4712,3849,2510,5272,1.24047707419
2020-03-17,,,,,,,,,408,291,579,3721,2482,5210,4257,2802,5850,1.21924891903
2020-03-18,,,,,,,,,428,312,610,4083,2755,5740,4686,3115,6460,1.19567147241
2020-03-19,1,1,,,,,,,448,326,624,4377,2986,6160,5134,3442,7084,1.17024763366
2020-03-20,-1,0,,,,,,,466,341,644,4691,3232,6601,5600,3783,7727,1.14361761433
2020-03-21,1,1,,,,,,,482,350,655,5015,3484,7046,6082,4134,8381,1.11647198915
2020-03-22,0,1,,,,,,,495,359,665,5342,3738,7485,6576,4494,9046,1.08947724991
2020-03-23,0,1,,,,,,,505,367,673,5658,3984,7897,7082,4861,9719,1.06322777165
2020-03-24,0,1,,,,,,,514,374,679,5948,4215,8261,7596,5236,10398,1.0382258493
2020-03-25,0,1,,,,,,,521,381,680,6221,4435,8589,8116,5618,11078,1.01488190231
2020-03-26,1,2,,,,,,,526,387,681,6479,4647,8889,8642,6006,11758,0.993520308127
2020-03-27,0,2,,,,,,,529,393,681,6719,4849,9159,9170,6399,12438,0.974376856958
2020-03-28,0,2,,,,,,,530,398,679,6939,5039,9394,9700,6798,13116,0.957583699418
2020-03-29,1,3,,,,,,,530,401,676,7132,5211,9586,10231,7199,13791,0.943152249412
2020-03-30,2,5,,,,,,,530,404,671,7298,5364,9739,10761,7604,14462,0.930972080469
2020-03-31,1,6,,,,,,,529,405,670,7440,5499,9860,11289,8010,15132,0.92083544578
2020-04-01,0,6,,,,,,,526,405,664,7558,5613,9946,11816,8415,15795,0.912479520662
2020-04-02,0,6,,,,,,,524,407,658,7654,5707,9994,12339,8823,16453,0.905628965056
2020-04-03,7,13,,,,,,,521,409,652,7726,5790,10021,12860,9232,17104,0.900026063015
2020-04-04,4,17,,,,,,,517,411,643,7777,5860,10020,13377,9643,17747,0.895445760825
2020-04-05,3,20,,,,,,,513,411,636,7809,5920,10002,13891,10055,18383,0.891699392287
2020-04-06,2,22,,,,,,,509,410,628,7824,5971,9965,14400,10466,19011,0.88863220638
2020-04-07,1,23,,,,,,,505,411,620,7824,6015,9912,14905,10877,19631,0.886118496228
2020-04-08,8,31,,,,,,,500,408,612,7810,6049,9845,15406,11286,20242,0.88332921258
2020-04-09,3,34,,,,,,,496,406,601,7785,6074,9766,15901,11692,20843,0.88100555666
2020-04-10,6,40,,,,,,,491,405,589,7750,6092,9675,16392,12098,21432,0.878995883535
2020-04-11,1,41,,,,,,,486,400,582,7707,6099,9576,16877,12499,22013,0.877314924116
2020-04-12,3,44,,,,,,,480,395,580,7657,6096,9477,17358,12895,22592,0.875964384137
2020-04-13,2,46,,,,,,,475,391,579,7602,6086,9380,17833,13286,23171,0.874785457202
2020-04-14,6,52,,,,,,,470,386,577,7543,6068,9285,18303,13672,23747,0.874802840942
2020-04-15,6,58,,,,,,,466,381,574,7480,6044,9190,18769,14054,24321,0.874840009136
2020-04-16,5,63,,,,,,,461,376,572,7414,6014,9097,19230,14430,24892,0.874906488925
2020-04-17,4,67,,,,,,,456,370,571,7346,5977,9010,19685,14801,25462,0.875016448601
2020-04-18,4,71,,,,,,,451,363,568,7276,5932,8926,20136,15164,26030,0.875190839961
2020-04-19,4,75,,,,,,,446,356,564,7205,5877,8847,20582,15521,26594,0.875460520805
2020-04-20,3,78,,,,,,,441,349,561,7132,5815,8772,21023,15871,27154,0.875870656499
2020-04-21,1,79,,,,,,,436,342,558,7059,5747,8701,21460,16213,27712,0.876486735288
2020-04-22,1,80,,,,,,,432,336,555,6986,5672,8636,21892,16550,28266,0.877402381969
2020-04-23,2,82,,,,,,,428,330,553,6913,5594,8577,22319,16880,28819,0.878748603801
2020-04-24,2,84,,,,,,,424,324,551,6842,5512,8527,22743,17205,29369,0.880702810471
2020-04-25,0,84,,,,,,,420,319,550,6771,5426,8487,23163,17524,29919,0.88349334581
2020-04-26,0,84,,,,,,,417,315,550,6702,5340,8455,23580,17839,30468,0.887391078656
2020-04-27,0,84,,,,,,,414,311,549,6636,5256,8424,23994,18151,31016,0.892675019619
2020-04-28,14,98,,,,,,,413,310,548,6574,5176,8394,24407,18462,31564,0.899558876324
2020-04-29,11,109,,,,,,,412,309,547,6515,5098,8364,24818,18771,32111,0.908079683323
2020-04-30,5,114,,,,,,,412,311,547,6461,5029,8337,25230,19083,32657,0.917985033491
2020-05-01,8,122,,,,,,,413,311,549,6413,4964,8314,25643,19394,33206,0.928694671883
2020-05-02,7,129,,,,,,,413,309,551,6371,4902,8294,26056,19704,33756,0.936767833734
2020-05-03,4,133,,,,,,,414,309,552,6334,4848,8278,26470,20013,34307,0.944489581029
2020-05-04,7,140,,,,,,,415,308,553,6303,4799,8267,26885,20321,34860,0.951567300192
2020-05-05,4,144,,,,,,,417,309,555,6279,4759,8261,27302,20630,35414,0.957805602557
2020-05-06,6,150,,,,,,,418,311,555,6260,4728,8258,27720,20942,35969,0.963116709863
2020-05-07,4,154,,,,,,,420,312,555,6248,4704,8258,28140,21254,36524,0.967506135592
2020-05-08,6,160,,,,,,,422,314,558,6242,4688,8263,28562,21568,37082,0.971045136182
2020-05-09,8,168,,,,,,,423,314,559,6242,4678,8271,28985,21883,37640,0.973841398171
2020-05-10,4,172,,,,,,,425,314,560,6247,4673,8282,29410,22198,38200,0.976015124599
2020-05-11,7,179,,,,,,,427,314,562,6257,4672,8294,29837,22512,38761,0.977682983768
2020-05-12,4,183,,,,,,,428,313,567,6271,4674,8311,30265,22825,39327,0.978949257827
2020-05-13,5,188,,,,,,,430,310,567,6288,4674,8331,30695,23136,39894,0.979902270273
2020-05-14,5,193,,,,,,,431,307,574,6307,4672,8358,31126,23443,40468,0.980614108766
2020-05-15,0,193,,,,,,,433,303,584,6328,4664,8394,31559,23747,41051,0.981142085562
2020-05-16,11,204,,,,,,,434,300,593,6349,4653,8438,31992,24048,41644,0.981530914012
2020-05-17,0,204,,,,,,,435,296,603,6371,4640,8491,32427,24344,42247,0.981815003788
2020-05-18,1,205,,,,,,,436,293,616,6393,4624,8555,32863,24637,42862,0.982020572004
2020-05-19,2,207,,,,,,,437,289,626,6415,4605,8628,33300,24927,43487,0.982167448384
2020-05-20,3,210,,,,,,,438,285,638,6436,4581,8710,33738,25212,44124,0.98227055093
2020-05-21,6,216,,,,,,,438,281,649,6456,4551,8805,34176,25494,44773,0.982341057965
2020-05-22,1,217,,,,,,,439,277,659,6476,4516,8908,34615,25771,45432,0.9823873212
2020-05-23,2,219,,,,,,,440,273,669,6494,4476,9019,35055,26045,46100,0.982415567259
2020-05-24,1,220,,,,,,,440,269,682,6510,4431,9142,35495,26314,46782,0.98243043141
2020-05-25,1,221,,,,,,,441,265,695,6526,4381,9277,35936,26579,47476,0.982435360576
2020-05-26,0,221,,,,,,,442,261,709,6541,4329,9425,36377,26841,48185,0.982432916051
2020-05-27,2,223,,,,,,,442,258,724,6555,4273,9582,36820,27099,48909,0.982424996232
2020-05-28,1,224,,,,,,,443,254,738,6568,4217,9753,37263,27354,49646,0.982412978716
2020-05-29,4,228,,,,,,,444,250,753,6581,4161,9931,37707,27605,50398,0.982397912031
2020-05-30,3,231,,,,,,,445,247,767,6593,4105,10114,38152,27852,51165,0.9823805729
2020-05-31,1,232,,,,,,,446,243,783,6605,4048,10304,38598,28096,51947,0.982361535729
2020-06-01,3,235,,,,,,,446,240,795,6616,3992,10496,39043,28336,52742,0.979663138833
2020-06-02,1,236,,,,,,,446,236,808,6626,3935,10688,39489,28573,53549,0.976971935693
2020-06-03,5,241,,,,,,,445,232,821,6634,3878,10883,39934,28805,54370,0.974288199074
2020-06-04,6,247,,,,,,,445,228,834,6642,3822,11079,40379,29034,55203,0.971612077474
2020-06-05,6,253,,,,,,,445,225,846,6648,3765,11275,40824,29259,56048,0.968943676468
2020-06-06,6,259,,,,,,,444,221,857,6652,3709,11474,41268,29481,56905,0.966283070424
2020-06-07,2,261,,,,,,,443,218,868,6656,3654,11673,41711,29699,57773,0.963630313644
2020-06-08,1,262,,,,,,,442,214,879,6657,3599,11870,42153,29913,58651,0.960985448479
2020-06-09,0,262,,,,,,,440,210,890,6657,3544,12065,42593,30124,59541,0.958348498969
2020-06-10,5,267,,,,,,,439,206,901,6655,3489,12256,43032,30331,60441,0.955719475546
2020-06-11,0,267,,,,,,,437,203,911,6650,3434,12443,43470,30534,61352,0.953098381185
2020-06-12,4,271,,,,,,,436,199,921,6642,3379,12627,43905,30733,62272,0.950485213309
2020-06-13,4,275,,,,,,,434,195,931,6632,3323,12805,44339,30929,63203,0.947879967284
2020-06-14,0,275,,,,,,,431,191,941,6618,3268,12978,44770,31120,64143,0.945282635298
2020-06-15,9,284,,,,,,,429,187,950,6601,3212,13146,45199,31308,65093,0.942693206354
2020-06-16,,,3,1,5,287,285,289,427,184,958,6582,3156,13308,45625,31493,66050,
2020-06-17,,,3,1,6,290,287,295,424,180,966,6560,3100,13466,46049,31673,67015,
2020-06-18,,,3,1,6,293,289,300,421,176,975,6536,3044,13620,46470,31850,67990,
2020-06-19,,,3,1,6,297,291,305,418,173,984,6509,2988,13771,46888,32023,68973,
2020-06-20,,,3,1,6,300,293,310,415,169,991,6479,2933,13916,47303,32192,69964,
2020-06-21,,,3,1,6,303,294,316,412,165,998,6447,2877,14057,47715,32358,70962,
2020-06-22,,,3,1,6,306,296,322,408,161,1005,6412,2820,14194,48123,32519,71966,
2020-06-23,,,3,1,6,309,298,327,405,157,1011,6376,2763,14326,48528,32677,72977,
2020-06-24,,,3,1,6,313,300,333,401,153,1017,6336,2706,14453,48929,32830,73993,
2020-06-25,,,3,1,6,316,301,339,398,149,1022,6295,2649,14574,49327,32980,75014,
2020-06-26,,,3,1,6,319,303,345,394,146,1027,6251,2592,14690,49721,33126,76041,
2020-06-27,,,3,1,7,322,304,351,390,142,1028,6205,2535,14796,50110,33269,77068,
2020-06-28,,,3,1,7,325,306,357,386,139,1028,6158,2479,14893,50496,33408,78096,
2020-06-29,,,3,1,7,328,308,363,382,135,1027,6108,2423,14979,50878,33544,79122,
2020-06-30,,,3,1,7,331,309,369,378,132,1026,6057,2368,15055,51256,33677,80147,
2020-07-01,,,3,1,7,335,311,376,374,129,1024,6005,2313,15121,51630,33806,81171,
2020-07-02,,,3,1,7,338,312,382,370,126,1021,5951,2259,15177,52000,33932,82191,
2020-07-03,,,3,1,7,341,314,389,366,123,1019,5895,2205,15220,52366,34055,83209,
2020-07-04,,,3,1,7,344,315,395,362,120,1016,5839,2152,15252,52728,34175,84225,
2020-07-05,,,3,1,7,347,316,402,358,117,1013,5782,2100,15274,53085,34292,85237,
2020-07-06,,,3,1,7,350,318,408,354,114,1011,5724,2049,15286,53439,34407,86248,
2020-07-07,,,3,1,7,353,319,415,350,111,1009,5665,1999,15290,53789,34519,87256,
2020-07-08,,,3,1,7,356,320,422,346,109,1006,5606,1951,15285,54134,34628,88262,
2020-07-09,,,3,1,7,359,322,429,342,106,1004,5546,1904,15273,54476,34735,89265,
2020-07-10,,,3,1,7,362,323,436,338,104,1001,5486,1858,15252,54813,34839,90266,
2020-07-11,,,3,1,8,365,324,443,334,101,999,5426,1814,15224,55147,34941,91264,
2020-07-12,,,3,1,8,368,325,450,330,99,996,5366,1771,15192,55477,35040,92260,
2020-07-13,,,3,1,8,371,327,457,326,97,994,5306,1729,15159,55802,35138,93254,
2020-07-14,,,3,1,8,374,328,464,322,95,992,5246,1688,15123,56124,35233,94245,
2020-07-15,,,3,1,8,377,329,471,318,93,989,5186,1649,15087,56442,35326,95233,
2020-07-16,,,3,1,8,380,330,479,314,91,987,5127,1611,15049,56757,35417,96220,
2020-07-17,,,3,1,8,382,331,486,311,89,984,5067,1574,15013,57067,35507,97204,
2020-07-18,,,3,1,8,385,332,493,307,87,984,5008,1538,14978,57374,35594,98187,
2020-07-19,,,3,1,8,388,333,500,303,85,983,4950,1504,14945,57677,35680,99169,
2020-07-20,,,3,0,8,391,334,508,300,83,982,4892,1470,14913,57977,35763,100150,
2020-07-21,,,3,0,8,394,335,515,296,81,980,4834,1438,14882,58273,35845,101129,
2020-07-22,,,3,0,8,396,336,522,293,80,978,4777,1406,14851,58565,35926,102107,
2020-07-23,,,3,0,8,399,337,530,289,78,977,4720,1376,14822,58854,36004,103083,
2020-07-24,,,3,0,8,401,338,537,286,76,975,4664,1346,14793,59140,36081,104058,
2020-07-25,,,3,0,8,404,339,544,282,75,974,4609,1317,14766,59423,36156,105031,
2020-07-26,,,3,0,8,407,339,551,279,73,972,4555,1289,14738,59702,36230,106002,
2020-07-27,,,3,0,8,409,340,559,276,72,970,4501,1261,14712,59978,36302,106971,
2020-07-28,,,3,0,8,412,341,566,273,70,968,4448,1234,14685,60250,36373,107939,
2020-07-29,,,2,0,8,414,342,573,270,69,965,4396,1208,14659,60520,36442,108903,
2020-07-30,,,2,0,8,417,343,580,267,67,963,4344,1183,14633,60787,36510,109866,
2020-07-31,,,2,0,8,419,343,587,264,66,960,4294,1158,14607,61050,36576,110826,
2020-08-01,,,2,0,8,422,344,594,261,65,958,4244,1134,14580,61311,36641,111783,
2020-08-02,,,2,0,8,424,345,602,258,63,955,4195,1111,14552,61569,36705,112738,
2020-08-03,,,2,0,8,426,346,609,255,62,952,4147,1088,14521,61824,36768,113689,
2020-08-04,,,2,0,8,429,346,616,252,61,949,4100,1065,14488,62077,36829,114638,
2020-08-05,,,2,0,8,431,347,623,250,60,947,4054,1044,14455,62326,36890,115584,
2020-08-06,,,2,0,8,433,348,630,247,59,944,4008,1023,14421,62573,36949,116527,
2020-08-07,,,2,0,8,435,348,637,244,57,941,3963,1002,14386,62818,37007,117468,
2020-08-08,,,2,0,8,438,349,644,242,56,938,3920,982,14349,63060,37063,118406,
2020-08-09,,,2,0,8,440,350,651,239,55,936,3877,962,14311,63299,37119,119341,
2020-08-10,,,2,0,7,442,350,658,237,54,933,3835,942,14272,63536,37173,120273,
2020-08-11,,,2,0,7,444,351,665,235,53,930,3793,924,14232,63771,37226,121203,
2020-08-12,,,2,0,7,446,351,672,232,51,927,3753,905,14192,64003,37278,122130,
2020-08-13,,,2,0,7,448,352,679,230,51,925,3713,887,14151,64233,37329,123054,
2020-08-14,,,2,0,7,450,352,686,228,50,922,3674,870,14110,64461,37380,123976,
2020-08-15,,,2,0,7,452,353,693,226,49,919,3636,853,14069,64687,37430,124894,
2020-08-16,,,2,0,7,454,354,700,223,49,916,3599,838,14027,64910,37479,125810,
2020-08-17,,,2,0,7,456,354,706,221,48,914,3562,822,13986,65131,37528,126723,
2020-08-18,,,2,0,7,458,355,713,219,48,911,3526,808,13945,65351,37576,127634,
2020-08-19,,,2,0,7,460,355,720,217,47,908,3491,794,13904,65568,37624,128542,
2020-08-20,,,2,0,7,462,356,727,215,47,906,3457,781,13863,65783,37671,129447,
2020-08-21,,,2,0,7,464,356,734,213,46,903,3423,768,13822,65997,37718,130349,
2020-08-22,,,2,0,7,466,357,741,211,46,900,3390,757,13781,66208,37764,131249,
2020-08-23,,,2,0,7,468,357,748,210,45,897,3358,746,13740,66418,37809,132146,
2020-08-24,,,2,0,7,470,357,754,208,45,895,3326,735,13699,66625,37854,133040,
2020-08-25,,,2,0,7,471,358,761,206,44,892,3295,726,13659,66831,37899,133932,
2020-08-26,,,2,0,7,473,358,768,204,44,889,3264,717,13618,67035,37943,134820,
2020-08-27,,,2,0,7,475,359,775,202,43,887,3234,709,13577,67238,37987,135707,
2020-08-28,,,2,0,7,477,359,781,201,43,884,3205,701,13536,67438,38031,136590,
2020-08-29,,,2,0,7,478,360,788,199,43,881,3176,693,13496,67637,38074,137471,
2020-08-30,,,2,0,7,480,360,795,197,42,879,3148,686,13455,67835,38117,138349,
2020-08-31,,,2,0,7,482,360,801,196,42,876,3120,679,13415,68031,38159,139224,
2020-09-01,,,2,0,7,484,361,808,194,42,873,3093,673,13374,68225,38201,140097,
2020-09-02,,,2,0,7,485,361,815,193,41,871,3067,666,13334,68417,38243,140967,
2020-09-03,,,2,0,7,487,362,821,191,41,868,3041,660,13293,68609,38284,141835,
2020-09-04,,,2,0,7,489,362,828,190,40,865,3015,654,13253,68798,38325,142699,
2020-09-05,,,2,0,7,490,362,834,188,40,863,2990,648,13213,68987,38366,143561,
2020-09-06,,,2,0,7,492,363,841,187,40,860,2965,642,13173,69173,38406,144421,
2020-09-07,,,2,0,7,493,363,848,185,39,857,2941,636,13132,69359,38446,145278,
2020-09-08,,,2,0,7,495,363,854,184,39,855,2917,630,13092,69543,38485,146132,
2020-09-09,,,2,0,7,497,364,861,183,39,853,2894,625,13053,69725,38524,146984,
2020-09-10,,,2,0,7,498,364,867,181,38,850,2871,620,13014,69907,38563,147834,
2020-09-11,,,2,0,7,500,364,873,180,38,848,2849,614,12975,70087,38602,148681,
2020-09-12,,,2,0,7,501,365,880,179,38,846,2827,609,12937,70265,38640,149527,
2020-09-13,,,2,0,7,503,365,886,177,37,843,2805,604,12899,70443,38678,150369,
2020-09-14,,,1,0,7,504,365,893,176,37,841,2784,598,12861,70619,38715,151210,
2020-09-15,,,1,0,7,506,366,899,175,37,839,2763,593,12824,70794,38752,152048,
2020-09-16,,,1,0,7,507,366,905,174,36,836,2743,587,12787,70968,38789,152884,
2020-09-17,,,1,0,7,509,366,912,173,36,834,2723,582,12750,71140,38825,153717,
2020-09-18,,,1,0,7,510,367,918,171,36,832,2703,577,12714,71312,38861,154548,
2020-09-19,,,1,0,7,511,367,924,170,35,829,2684,571,12678,71482,38897,155377,
2020-09-20,,,1,0,7,513,367,931,169,35,827,2665,566,12643,71651,38933,156204,
2020-09-21,,,1,0,7,514,368,937,168,35,825,2646,561,12607,71819,38968,157028,
2020-09-22,,,1,0,7,516,368,943,167,34,822,2628,556,12572,71986,39002,157850,
2020-09-23,,,1,0,7,517,368,949,166,34,820,2610,551,12538,72152,39037,158669,
2020-09-24,,,1,0,7,518,368,955,165,34,818,2592,546,12503,72317,39071,159486,
2020-09-25,,,1,0,7,520,369,962,164,34,815,2574,541,12468,72481,39105,160301,
2020-09-26,,,1,0,7,521,369,968,163,33,813,2557,537,12433,72644,39139,161114,
2020-09-27,,,1,0,7,522,369,974,162,33,811,2541,532,12398,72806,39173,161924,
2020-09-28,,,1,0,7,524,370,980,161,33,809,2524,527,12364,72967,39206,162732,
2020-09-29,,,1,0,7,525,370,986,160,33,806,2508,523,12329,73127,39239,163538,
2020-09-30,,,1,0,7,526,370,992,159,32,804,2492,519,12294,73286,39272,164342,
2020-10-01,,,1,0,7,528,370,998,158,32,802,2476,515,12260,73444,39304,165143,
