date,actual_deaths,predicted_deaths_mean,predicted_deaths_lower,predicted_deaths_upper,predicted_total_deaths_mean,predicted_total_deaths_lower,predicted_total_deaths_upper,total_deaths_mean,total_deaths_lower,total_deaths_upper
2020-01-27,,,,,,,,,,
2020-01-28,,,,,,,,,,
2020-01-29,,,,,,,,,,
2020-01-30,,,,,,,,,,
2020-01-31,,,,,,,,,,
2020-02-01,,,,,,,,,,
2020-02-02,,,,,,,,,,
2020-02-03,,,,,,,,,,
2020-02-04,,,,,,,,,,
2020-02-05,,,,,,,,,,
2020-02-06,,,,,,,,,,
2020-02-07,,,,,,,,,,
2020-02-08,,,,,,,,,,
2020-02-09,,,,,,,,,,
2020-02-10,,,,,,,,,,
2020-02-11,,,,,,,,,,
2020-02-12,,,,,,,,,,
2020-02-13,,,,,,,,,,
2020-02-14,,,,,,,,,,
2020-02-15,,,,,,,,,,
2020-02-16,,,,,,,,,,
2020-02-17,,,,,,,,,,
2020-02-18,,,,,,,,,,
2020-02-19,,,,,,,,,,
2020-02-20,,,,,,,,,,
2020-02-21,1,,,,1,1,1,,,
2020-02-22,1,,,,2,2,2,,,
2020-02-23,1,,,,3,3,3,,,
2020-02-24,4,,,,7,7,7,,,
2020-02-25,3,,,,10,10,10,,,
2020-02-26,2,,,,12,12,12,,,
2020-02-27,5,,,,17,17,17,,,
2020-02-28,4,,,,21,21,21,,,
2020-02-29,8,,,,29,29,29,,,
2020-03-01,5,,,,34,34,34,,,
2020-03-02,18,,,,52,52,52,,,
2020-03-03,27,,,,79,79,79,,,
2020-03-04,28,,,,107,107,107,,,
2020-03-05,41,,,,148,148,148,,,
2020-03-06,49,,,,197,197,197,,,
2020-03-07,36,,,,233,233,233,,,
2020-03-08,133,,,,366,366,366,,,
2020-03-09,97,,,,463,463,463,,,
2020-03-10,168,,,,631,631,631,,,
2020-03-11,196,,,,827,827,827,,,
2020-03-12,0,,,,827,827,827,,,
2020-03-13,439,,,,1266,1266,1266,,,
2020-03-14,175,,,,1441,1441,1441,,,
2020-03-15,368,,,,1809,1809,1809,,,
2020-03-16,349,,,,2158,2158,2158,,,
2020-03-17,345,,,,2503,2503,2503,,,
2020-03-18,475,,,,2978,2978,2978,,,
2020-03-19,427,,,,3405,3405,3405,,,
2020-03-20,627,,,,4032,4032,4032,,,
2020-03-21,793,,,,4825,4825,4825,,,
2020-03-22,651,,,,5476,5476,5476,,,
2020-03-23,601,,,,6077,6077,6077,,,
2020-03-24,743,,,,6820,6820,6820,,,
2020-03-25,683,,,,7503,7503,7503,,,
2020-03-26,712,,,,8215,8215,8215,,,
2020-03-27,919,,,,9134,9134,9134,,,
2020-03-28,889,,,,10023,10023,10023,,,
2020-03-29,756,,,,10779,10779,10779,,,
2020-03-30,812,,,,11591,11591,11591,,,
2020-03-31,837,,,,12428,12428,12428,,,
2020-04-01,727,,,,13155,13155,13155,,,
2020-04-02,760,,,,13915,13915,13915,,,
2020-04-03,766,,,,14681,14681,14681,,,
2020-04-04,,700,510,912,15381,15191,15593,,,
2020-04-05,,662,455,901,16043,15646,16493,,,
2020-04-06,,622,399,885,16665,16045,17378,,,
2020-04-07,,582,346,859,17247,16391,18237,,,
2020-04-08,,542,307,840,17789,16698,19077,,,
2020-04-09,,503,263,810,18291,16961,19888,,,
2020-04-10,,465,222,778,18756,17182,20665,,,
2020-04-11,,429,186,755,19185,17368,21420,,,
2020-04-12,,395,157,723,19580,17525,22144,,,
2020-04-13,,363,134,689,19944,17659,22833,,,
2020-04-14,,333,114,652,20277,17773,23485,,,
2020-04-15,,306,97,609,20583,17870,24095,,,
2020-04-16,,280,83,575,20863,17953,24670,,,
2020-04-17,,257,71,544,21120,18024,25214,,,
2020-04-18,,235,61,513,21355,18085,25727,,,
2020-04-19,,215,53,480,21570,18138,26208,,,
2020-04-20,,197,45,448,21767,18182,26656,,,
2020-04-21,,181,39,413,21948,18221,27069,,,
2020-04-22,,166,33,384,22114,18254,27453,,,
2020-04-23,,152,29,360,22266,18283,27813,,,
2020-04-24,,140,25,333,22405,18308,28146,,,
2020-04-25,,128,21,312,22533,18329,28459,,,
2020-04-26,,118,19,292,22651,18348,28751,,,
2020-04-27,,109,17,274,22760,18365,29025,,,
2020-04-28,,100,15,257,22860,18380,29282,,,
2020-04-29,,92,14,241,22953,18394,29523,,,
2020-04-30,,85,12,221,23038,18406,29745,,,
2020-05-01,,79,11,208,23117,18417,29953,,,
2020-05-02,,73,10,195,23190,18427,30148,,,
2020-05-03,,68,9,180,23258,18436,30328,,,
2020-05-04,,63,8,167,23321,18444,30495,,,
2020-05-05,,59,8,157,23380,18452,30653,,,
2020-05-06,,55,8,147,23434,18460,30800,,,
2020-05-07,,51,8,139,23485,18468,30939,,,
2020-05-08,,48,7,130,23533,18475,31069,,,
2020-05-09,,45,7,122,23577,18482,31192,,,
2020-05-10,,42,7,115,23619,18489,31307,,,
2020-05-11,,39,7,108,23658,18496,31415,,,
2020-05-12,,37,7,102,23695,18503,31517,,,
2020-05-13,,35,6,96,23730,18509,31613,,,
2020-05-14,,33,6,91,23762,18515,31704,,,
2020-05-15,,31,6,85,23793,18521,31789,,,
2020-05-16,,29,6,81,23822,18527,31870,,,
2020-05-17,,27,6,76,23850,18533,31946,,,
2020-05-18,,26,5,72,23876,18538,32018,,,
2020-05-19,,25,5,68,23900,18543,32086,,,
2020-05-20,,23,5,64,23924,18548,32150,,,
2020-05-21,,22,5,61,23946,18553,32211,,,
2020-05-22,,21,5,57,23967,18558,32268,,,
2020-05-23,,20,5,54,23987,18563,32322,,,
2020-05-24,,19,5,51,24007,18568,32373,,,
2020-05-25,,18,5,49,24025,18573,32422,,,
2020-05-26,,18,5,46,24043,18578,32468,,,
2020-05-27,,17,4,44,24059,18582,32513,,,
2020-05-28,,16,4,42,24075,18586,32555,,,
2020-05-29,,15,4,40,24091,18590,32595,,,
2020-05-30,,15,4,38,24106,18594,32633,,,
2020-05-31,,14,4,36,24120,18598,32669,,,
2020-06-01,,14,4,35,24133,18602,32704,,,
2020-06-02,,13,4,33,24147,18606,32737,,,
2020-06-03,,13,4,32,24159,18610,32769,,,
2020-06-04,,12,4,30,24171,18614,32799,,,
2020-06-05,,12,4,29,24183,18618,32828,,,
2020-06-06,,11,4,28,24194,18622,32856,,,
2020-06-07,,11,4,27,24205,18626,32883,,,
2020-06-08,,11,3,25,24216,18629,32908,,,
2020-06-09,,10,3,24,24226,18632,32932,,,
2020-06-10,,10,3,23,24236,18635,32955,,,
2020-06-11,,9,3,22,24245,18638,32977,,,
2020-06-12,,9,3,22,24254,18641,32999,,,
2020-06-13,,9,3,21,24263,18644,33020,,,
2020-06-14,,8,3,20,24271,18647,33040,,,
2020-06-15,,8,3,19,24280,18650,33059,,,
2020-06-16,,8,3,19,24288,18653,33078,,,
2020-06-17,,8,3,18,24295,18656,33096,,,
2020-06-18,,7,3,17,24303,18659,33113,,,
2020-06-19,,7,3,17,24310,18662,33130,,,
2020-06-20,,7,2,16,24317,18664,33146,,,
2020-06-21,,7,2,15,24324,18666,33161,,,
2020-06-22,,6,2,15,24330,18668,33176,,,
2020-06-23,,6,2,14,24336,18670,33190,,,
2020-06-24,,6,2,14,24342,18672,33204,,,
2020-06-25,,6,2,13,24348,18674,33217,,,
2020-06-26,,6,2,13,24354,18676,33230,,,
2020-06-27,,6,2,12,24359,18678,33242,,,
2020-06-28,,5,2,12,24364,18680,33254,,,
2020-06-29,,5,2,11,24369,18682,33265,,,
2020-06-30,,5,2,11,24374,18684,33276,,,
