date,actual_deaths,predicted_deaths_mean,predicted_deaths_lower,predicted_deaths_upper,predicted_total_deaths_mean,predicted_total_deaths_lower,predicted_total_deaths_upper,total_deaths_mean,total_deaths_lower,total_deaths_upper
2020-01-30,0,,,,0,0,0,,,
2020-01-31,0,,,,0,0,0,,,
2020-02-01,0,,,,0,0,0,,,
2020-02-02,0,,,,0,0,0,,,
2020-02-03,0,,,,0,0,0,,,
2020-02-04,0,,,,0,0,0,,,
2020-02-05,0,,,,0,0,0,,,
2020-02-06,0,,,,0,0,0,,,
2020-02-07,0,,,,0,0,0,,,
2020-02-08,0,,,,0,0,0,,,
2020-02-09,0,,,,0,0,0,,,
2020-02-10,0,,,,0,0,0,,,
2020-02-11,0,,,,0,0,0,,,
2020-02-12,0,,,,0,0,0,,,
2020-02-13,0,,,,0,0,0,,,
2020-02-14,0,,,,0,0,0,,,
2020-02-15,0,,,,0,0,0,,,
2020-02-16,0,,,,0,0,0,,,
2020-02-17,0,,,,0,0,0,,,
2020-02-18,0,,,,0,0,0,,,
2020-02-19,0,,,,0,0,0,,,
2020-02-20,0,,,,0,0,0,,,
2020-02-21,0,,,,0,0,0,,,
2020-02-22,0,,,,0,0,0,,,
2020-02-23,0,,,,0,0,0,,,
2020-02-24,0,,,,0,0,0,,,
2020-02-25,0,,,,0,0,0,,,
2020-02-26,0,,,,0,0,0,,,
2020-02-27,0,,,,0,0,0,,,
2020-02-28,0,,,,0,0,0,,,
2020-02-29,0,,,,0,0,0,,,
2020-03-01,0,,,,0,0,0,,,
2020-03-02,0,,,,0,0,0,,,
2020-03-03,0,,,,0,0,0,,,
2020-03-04,10,,,,10,10,10,,,
2020-03-05,1,,,,11,11,11,,,
2020-03-06,3,,,,14,14,14,,,
2020-03-07,2,,,,16,16,16,,,
2020-03-08,2,,,,18,18,18,,,
2020-03-09,4,,,,22,22,22,,,
2020-03-10,2,,,,24,24,24,,,
2020-03-11,3,,,,27,27,27,,,
2020-03-12,9,,,,36,36,36,,,
2020-03-13,3,,,,39,39,39,,,
2020-03-14,10,,,,49,49,49,,,
2020-03-15,11,,,,60,60,60,,,
2020-03-16,11,,,,71,71,71,,,
2020-03-17,19,,,,90,90,90,,,
2020-03-18,22,,,,112,112,112,,,
2020-03-19,48,,,,160,160,160,,,
2020-03-20,59,,,,219,219,219,,,
2020-03-21,53,,,,272,272,272,,,
2020-03-22,126,,,,398,398,398,,,
2020-03-23,73,,,,471,471,471,,,
2020-03-24,203,,,,674,674,674,,,
2020-03-25,225,,,,899,899,899,,,
2020-03-26,264,,,,1163,1163,1163,,,
2020-03-27,367,,,,1530,1530,1530,,,
2020-03-28,435,,,,1965,1965,1965,,,
2020-03-29,463,,,,2428,2428,2428,,,
2020-03-30,511,,,,2939,2939,2939,,,
2020-03-31,807,,,,3746,3746,3746,,,
2020-04-01,954,,,,4700,4700,4700,,,
2020-04-02,1084,,,,5784,5784,5784,,,
2020-04-03,1178,,,,6962,6962,6962,,,
2020-04-04,,1557,1173,2073,8520,8135,9035,,,
2020-04-05,,1756,1238,2480,10273,9373,11514,,,
2020-04-06,,1937,1267,2915,12209,10639,14429,,,
2020-04-07,,2078,1257,3344,14284,11894,17776,,,
2020-04-08,,2159,1198,3702,16445,13087,21480,,,
2020-04-09,,2178,1111,3931,18618,14199,25417,,,
2020-04-10,,2136,1016,4042,20754,15213,29463,,,
2020-04-11,,2054,918,4093,22808,16126,33561,,,
2020-04-12,,1930,803,4065,24736,16929,37631,,,
2020-04-13,,1794,715,3941,26530,17645,41580,,,
2020-04-14,,1644,629,3716,28174,18273,45302,,,
2020-04-15,,1493,557,3426,29668,18828,48730,,,
2020-04-16,,1350,489,3074,31016,19315,51807,,,
2020-04-17,,1218,435,2791,32237,19749,54603,,,
2020-04-18,,1091,385,2498,33326,20133,57105,,,
2020-04-19,,977,345,2226,34302,20476,59333,,,
2020-04-20,,874,305,1998,35173,20778,61331,,,
2020-04-21,,777,275,1776,35955,21052,63114,,,
2020-04-22,,696,245,1570,36649,21297,64691,,,
2020-04-23,,619,222,1387,37267,21518,66081,,,
2020-04-24,,555,200,1238,37824,21718,67321,,,
2020-04-25,,493,185,1107,38323,21903,68431,,,
2020-04-26,,447,172,995,38769,22073,69429,,,
2020-04-27,,399,156,887,39167,22229,70318,,,
2020-04-28,,358,145,791,39523,22374,71113,,,
2020-04-29,,326,136,713,39854,22510,71827,,,
2020-04-30,,293,128,635,40144,22637,72463,,,
2020-05-01,,263,121,565,40411,22757,73034,,,
2020-05-02,,239,115,503,40655,22872,73542,,,
2020-05-03,,219,107,454,40877,22979,73998,,,
2020-05-04,,201,103,407,41084,23082,74408,,,
2020-05-05,,187,98,365,41269,23180,74776,,,
2020-05-06,,171,95,331,41442,23274,75105,,,
2020-05-07,,157,90,298,41604,23363,75406,,,
2020-05-08,,151,87,266,41752,23451,75673,,,
2020-05-09,,139,83,244,41892,23532,75917,,,
2020-05-10,,132,80,226,42021,23612,76142,,,
2020-05-11,,123,78,208,42149,23690,76352,,,
2020-05-12,,116,78,190,42266,23768,76545,,,
2020-05-13,,111,76,173,42376,23844,76720,,,
2020-05-14,,104,74,165,42484,23917,76887,,,
2020-05-15,,101,72,156,42588,23989,77043,,,
2020-05-16,,100,72,145,42687,24061,77191,,,
2020-05-17,,95,71,137,42787,24132,77330,,,
2020-05-18,,92,71,130,42877,24203,77460,,,
2020-05-19,,91,69,126,42971,24272,77586,,,
2020-05-20,,88,68,122,43059,24340,77708,,,
2020-05-21,,87,67,119,43149,24407,77829,,,
2020-05-22,,87,67,115,43238,24474,77944,,,
2020-05-23,,85,67,114,43322,24541,78059,,,
2020-05-24,,81,65,108,43407,24606,78166,,,
2020-05-25,,81,58,107,43486,24664,78275,,,
2020-05-26,,73,51,103,43563,24715,78378,,,
2020-05-27,,65,40,98,43629,24755,78477,,,
2020-05-28,,60,35,90,43688,24790,78567,,,
2020-05-29,,49,30,79,43740,24820,78647,,,
2020-05-30,,43,23,69,43778,24842,78717,,,
2020-05-31,,39,21,60,43817,24863,78777,,,
2020-06-01,,36,20,57,43855,24883,78835,,,
2020-06-02,,36,19,55,43892,24902,78889,,,
2020-06-03,,36,19,54,43928,24921,78944,,,
2020-06-04,,35,19,54,43960,24940,78998,,,
2020-06-05,,35,19,54,43998,24959,79053,,,
2020-06-06,,35,19,54,44031,24978,79107,,,
2020-06-07,,34,19,54,44063,24997,79161,,,
2020-06-08,,33,19,52,44098,25016,79213,,,
2020-06-09,,32,19,51,44131,25035,79265,,,
2020-06-10,,32,19,50,44164,25054,79316,,,
2020-06-11,,30,18,47,44191,25072,79362,,,
2020-06-12,,29,18,47,44222,25090,79411,,,
2020-06-13,,28,17,47,44249,25107,79457,,,
2020-06-14,,28,16,46,44278,25123,79505,,,
2020-06-15,,28,15,43,44310,25138,79547,,,
2020-06-16,,25,15,43,44331,25153,79592,,,
2020-06-17,,25,14,40,44357,25167,79631,,,
2020-06-18,,25,14,40,44384,25181,79673,,,
2020-06-19,,23,14,39,44406,25195,79711,,,
2020-06-20,,22,14,37,44431,25209,79750,,,
2020-06-21,,22,14,35,44450,25223,79785,,,
2020-06-22,,22,14,35,44475,25237,79820,,,
2020-06-23,,21,14,34,44494,25251,79855,,,
2020-06-24,,21,14,33,44518,25265,79888,,,
2020-06-25,,20,14,33,44540,25279,79922,,,
2020-06-26,,18,13,30,44558,25292,79952,,,
2020-06-27,,16,8,23,44574,25300,79975,,,
2020-06-28,,14,6,23,44586,25306,79998,,,
2020-06-29,,12,4,20,44597,25310,80018,,,
2020-06-30,,12,4,20,44607,25314,80038,,,
