date,actual_deaths,predicted_deaths_mean,predicted_deaths_lower,predicted_deaths_upper,predicted_total_deaths_mean,predicted_total_deaths_lower,predicted_total_deaths_upper,total_deaths_mean,total_deaths_lower,total_deaths_upper
2020-02-29,,,,,,,,,,
2020-03-01,,,,,,,,,,
2020-03-02,,,,,,,,,,
2020-03-03,,,,,,,,,,
2020-03-04,,,,,,,,,,
2020-03-05,,,,,,,,,,
2020-03-06,,,,,,,,,,
2020-03-07,,,,,,,,,,
2020-03-08,,,,,,,,,,
2020-03-09,,,,,,,,,,
2020-03-10,,,,,,,,,,
2020-03-11,,,,,,,,,,
2020-03-12,,,,,,,,,,
2020-03-13,,,,,,,,,,
2020-03-14,,,,,,,,,,
2020-03-15,,,,,,,,,,
2020-03-16,,,,,,,,,,
2020-03-17,,,,,,,,,,
2020-03-18,,,,,,,,,,
2020-03-19,,,,,,,,,,
2020-03-20,,,,,,,,,,
2020-03-21,,,,,,,,,,
2020-03-22,,,,,,,,,,
2020-03-23,,,,,,,,,,
2020-03-24,,,,,,,,,,
2020-03-25,1,,,,1,1,1,,,
2020-03-26,0,,,,1,1,1,,,
2020-03-27,0,,,,1,1,1,,,
2020-03-28,0,,,,1,1,1,,,
2020-03-29,1,,,,2,2,2,,,
2020-03-30,0,,,,2,2,2,,,
2020-03-31,2,,,,4,4,4,,,
2020-04-01,1,,,,5,5,5,,,
2020-04-02,1,,,,6,6,6,,,
2020-04-03,1,,,,7,7,7,,,
2020-04-04,,2,2,3,10,9,10,,,
2020-04-05,,3,2,4,12,11,14,,,
2020-04-06,,3,2,4,16,13,18,,,
2020-04-07,,3,2,5,19,15,23,,,
2020-04-08,,4,2,5,23,17,28,,,
2020-04-09,,4,2,6,27,19,34,,,
2020-04-10,,4,2,6,31,21,40,,,
2020-04-11,,4,2,7,35,23,47,,,
2020-04-12,,4,2,7,39,25,54,,,
2020-04-13,,4,2,7,43,27,61,,,
2020-04-14,,4,2,6,46,29,68,,,
2020-04-15,,4,2,6,50,31,74,,,
2020-04-16,,3,2,6,54,33,80,,,
2020-04-17,,3,2,6,57,35,86,,,
2020-04-18,,3,2,5,60,37,92,,,
2020-04-19,,3,2,5,63,39,97,,,
2020-04-20,,3,1,5,65,40,102,,,
2020-04-21,,3,1,4,68,41,106,,,
2020-04-22,,2,1,4,70,42,110,,,
2020-04-23,,2,1,4,72,43,114,,,
2020-04-24,,2,1,3,74,44,117,,,
2020-04-25,,2,1,3,76,45,120,,,
2020-04-26,,2,1,3,78,46,123,,,
2020-04-27,,2,1,3,80,47,126,,,
2020-04-28,,2,1,2,81,48,128,,,
2020-04-29,,1,1,2,83,49,130,,,
2020-04-30,,1,1,2,84,50,132,,,
2020-05-01,,1,1,2,85,51,134,,,
2020-05-02,,1,1,2,86,52,136,,,
2020-05-03,,1,1,2,88,53,138,,,
2020-05-04,,1,1,2,89,54,140,,,
2020-05-05,,1,1,1,90,55,141,,,
2020-05-06,,1,1,1,91,56,142,,,
2020-05-07,,1,1,1,92,57,143,,,
2020-05-08,,1,1,1,93,58,144,,,
2020-05-09,,1,1,1,94,59,145,,,
2020-05-10,,1,1,1,95,60,146,,,
2020-05-11,,1,1,1,96,61,147,,,
2020-05-12,,1,1,1,97,62,148,,,
2020-05-13,,1,1,1,98,63,149,,,
2020-05-14,,1,1,1,99,64,150,,,
2020-05-15,,1,1,1,100,65,151,,,
2020-05-16,,1,1,1,101,66,152,,,
2020-05-17,,1,1,1,102,67,153,,,
2020-05-18,,1,1,1,103,68,154,,,
2020-05-19,,1,1,1,104,69,155,,,
2020-05-20,,1,1,1,105,70,156,,,
2020-05-21,,1,1,1,106,71,157,,,
2020-05-22,,1,1,1,107,72,158,,,
2020-05-23,,1,1,1,108,73,159,,,
2020-05-24,,1,1,1,109,74,160,,,
2020-05-25,,1,1,1,110,75,161,,,
2020-05-26,,1,1,1,111,76,162,,,
2020-05-27,,1,1,1,112,77,163,,,
2020-05-28,,1,1,1,113,78,164,,,
2020-05-29,,0,0,1,113,78,165,,,
2020-05-30,,0,0,0,113,78,165,,,
2020-05-31,,0,0,0,113,78,165,,,
2020-06-01,,0,0,0,113,78,165,,,
2020-06-02,,0,0,0,113,78,165,,,
2020-06-03,,0,0,0,113,78,165,,,
2020-06-04,,0,0,0,113,78,165,,,
2020-06-05,,0,0,0,113,78,165,,,
2020-06-06,,0,0,0,113,78,165,,,
2020-06-07,,0,0,0,113,78,165,,,
2020-06-08,,0,0,0,113,78,165,,,
2020-06-09,,0,0,0,113,78,165,,,
2020-06-10,,0,0,0,113,78,165,,,
2020-06-11,,0,0,0,113,78,165,,,
2020-06-12,,0,0,0,113,78,165,,,
2020-06-13,,0,0,0,113,78,165,,,
2020-06-14,,0,0,0,113,78,165,,,
2020-06-15,,0,0,0,113,78,165,,,
2020-06-16,,0,0,0,113,78,165,,,
2020-06-17,,0,0,0,113,78,165,,,
2020-06-18,,0,0,0,113,78,165,,,
2020-06-19,,0,0,0,113,78,165,,,
2020-06-20,,0,0,0,113,78,165,,,
2020-06-21,,0,0,0,113,78,165,,,
2020-06-22,,0,0,0,113,78,165,,,
2020-06-23,,0,0,0,113,78,165,,,
2020-06-24,,0,0,0,113,78,165,,,
2020-06-25,,0,0,0,113,78,165,,,
2020-06-26,,0,0,0,113,78,165,,,
2020-06-27,,0,0,0,113,78,165,,,
2020-06-28,,0,0,0,113,78,165,,,
2020-06-29,,0,0,0,113,78,165,,,
2020-06-30,,0,0,0,113,78,165,,,
