date,actual_deaths,predicted_deaths_mean,predicted_deaths_lower,predicted_deaths_upper,predicted_total_deaths_mean,predicted_total_deaths_lower,predicted_total_deaths_upper,total_deaths_mean,total_deaths_lower,total_deaths_upper
2020-01-30,,,,,,,,,,
2020-01-31,,,,,,,,,,
2020-02-01,,,,,,,,,,
2020-02-02,,,,,,,,,,
2020-02-03,,,,,,,,,,
2020-02-04,,,,,,,,,,
2020-02-05,,,,,,,,,,
2020-02-06,,,,,,,,,,
2020-02-07,,,,,,,,,,
2020-02-08,,,,,,,,,,
2020-02-09,,,,,,,,,,
2020-02-10,,,,,,,,,,
2020-02-11,,,,,,,,,,
2020-02-12,,,,,,,,,,
2020-02-13,,,,,,,,,,
2020-02-14,,,,,,,,,,
2020-02-15,,,,,,,,,,
2020-02-16,,,,,,,,,,
2020-02-17,,,,,,,,,,
2020-02-18,,,,,,,,,,
2020-02-19,,,,,,,,,,
2020-02-20,,,,,,,,,,
2020-02-21,,,,,,,,,,
2020-02-22,,,,,,,,,,
2020-02-23,,,,,,,,,,
2020-02-24,,,,,,,,,,
2020-02-25,,,,,,,,,,
2020-02-26,,,,,,,,,,
2020-02-27,,,,,,,,,,
2020-02-28,,,,,,,,,,
2020-02-29,,,,,,,,,,
2020-03-01,,,,,,,,,,
2020-03-02,,,,,,,,,,
2020-03-03,,,,,,,,,,
2020-03-04,10,,,,10,10,10,,,
2020-03-05,1,,,,11,11,11,,,
2020-03-06,3,,,,14,14,14,,,
2020-03-07,2,,,,16,16,16,,,
2020-03-08,2,,,,18,18,18,,,
2020-03-09,4,,,,22,22,22,,,
2020-03-10,2,,,,24,24,24,,,
2020-03-11,0,,,,24,24,24,,,
2020-03-12,5,,,,29,29,29,,,
2020-03-13,2,,,,31,31,31,,,
2020-03-14,6,,,,37,37,37,,,
2020-03-15,3,,,,40,40,40,,,
2020-03-16,2,,,,42,42,42,,,
2020-03-17,6,,,,48,48,48,,,
2020-03-18,4,,,,52,52,52,,,
2020-03-19,14,,,,66,66,66,,,
2020-03-20,8,,,,74,74,74,,,
2020-03-21,9,,,,83,83,83,,,
2020-03-22,11,,,,94,94,94,,,
2020-03-23,1,,,,95,95,95,,,
2020-03-24,15,,,,110,110,110,,,
2020-03-25,13,,,,123,123,123,,,
2020-03-26,9,,,,132,132,132,,,
2020-03-27,15,,,,147,147,147,,,
2020-03-28,28,,,,175,175,175,,,
2020-03-29,14,,,,189,189,189,,,
2020-03-30,6,,,,195,195,195,,,
2020-03-31,0,,,,195,195,195,,,
2020-04-01,29,,,,224,224,224,,,
2020-04-02,23,,,,247,247,247,,,
2020-04-03,15,,,,262,262,262,,,
2020-04-04,,45,16,79,307,278,341,,,
2020-04-05,,43,15,79,350,293,420,,,
2020-04-06,,40,13,76,390,306,496,,,
2020-04-07,,36,12,71,426,317,567,,,
2020-04-08,,33,10,66,458,327,634,,,
2020-04-09,,29,9,60,488,336,694,,,
2020-04-10,,26,8,54,513,344,749,,,
2020-04-11,,23,7,49,536,350,798,,,
2020-04-12,,20,6,43,556,356,841,,,
2020-04-13,,17,5,38,573,361,879,,,
2020-04-14,,15,4,34,588,365,913,,,
2020-04-15,,13,4,29,601,369,942,,,
2020-04-16,,11,3,25,612,372,967,,,
2020-04-17,,10,3,22,621,375,989,,,
2020-04-18,,8,2,19,629,377,1008,,,
2020-04-19,,7,2,16,637,379,1024,,,
2020-04-20,,6,2,13,643,381,1037,,,
2020-04-21,,5,2,11,648,383,1049,,,
2020-04-22,,5,1,10,653,384,1059,,,
2020-04-23,,4,1,9,657,385,1068,,,
2020-04-24,,4,1,7,660,386,1075,,,
2020-04-25,,3,1,6,663,387,1081,,,
2020-04-26,,3,1,6,666,388,1087,,,
2020-04-27,,2,1,5,669,389,1092,,,
2020-04-28,,2,1,4,671,390,1096,,,
2020-04-29,,2,1,4,673,391,1100,,,
2020-04-30,,2,1,4,675,392,1104,,,
2020-05-01,,2,1,3,676,393,1107,,,
2020-05-02,,2,1,3,678,394,1110,,,
2020-05-03,,2,1,3,680,395,1113,,,
2020-05-04,,1,1,3,681,396,1116,,,
2020-05-05,,1,0,3,682,396,1119,,,
2020-05-06,,1,0,2,684,396,1121,,,
2020-05-07,,1,0,2,685,396,1123,,,
2020-05-08,,1,0,2,686,396,1125,,,
2020-05-09,,1,0,2,686,396,1127,,,
2020-05-10,,1,0,2,687,396,1129,,,
2020-05-11,,1,0,2,688,396,1131,,,
2020-05-12,,1,0,2,688,396,1133,,,
2020-05-13,,1,0,2,689,396,1135,,,
2020-05-14,,0,0,2,689,396,1137,,,
2020-05-15,,0,0,2,690,396,1139,,,
2020-05-16,,0,0,2,690,396,1141,,,
2020-05-17,,0,0,2,691,396,1143,,,
2020-05-18,,0,0,2,691,396,1145,,,
2020-05-19,,0,0,2,692,396,1147,,,
2020-05-20,,0,0,2,692,396,1149,,,
2020-05-21,,0,0,2,693,396,1151,,,
2020-05-22,,0,0,2,693,396,1153,,,
2020-05-23,,0,0,2,693,396,1155,,,
2020-05-24,,0,0,2,694,396,1157,,,
2020-05-25,,0,0,2,694,396,1159,,,
2020-05-26,,0,0,2,695,396,1161,,,
2020-05-27,,0,0,2,695,396,1163,,,
2020-05-28,,0,0,1,696,396,1164,,,
2020-05-29,,0,0,1,696,396,1165,,,
2020-05-30,,0,0,1,696,396,1166,,,
2020-05-31,,0,0,1,697,396,1167,,,
2020-06-01,,0,0,1,697,396,1168,,,
2020-06-02,,0,0,1,698,396,1169,,,
2020-06-03,,0,0,1,698,396,1170,,,
2020-06-04,,0,0,1,698,396,1171,,,
2020-06-05,,0,0,1,699,396,1172,,,
2020-06-06,,0,0,1,699,396,1173,,,
2020-06-07,,0,0,1,700,396,1174,,,
2020-06-08,,0,0,1,700,396,1175,,,
2020-06-09,,0,0,1,700,396,1176,,,
2020-06-10,,0,0,1,701,396,1177,,,
2020-06-11,,0,0,1,701,396,1178,,,
2020-06-12,,0,0,1,701,396,1179,,,
2020-06-13,,0,0,1,701,396,1180,,,
2020-06-14,,0,0,1,701,396,1181,,,
2020-06-15,,0,0,1,701,396,1182,,,
2020-06-16,,0,0,1,701,396,1183,,,
2020-06-17,,0,0,1,702,396,1184,,,
2020-06-18,,0,0,1,702,396,1185,,,
2020-06-19,,0,0,1,702,396,1186,,,
2020-06-20,,0,0,1,702,396,1187,,,
2020-06-21,,0,0,1,702,396,1188,,,
2020-06-22,,0,0,1,702,396,1189,,,
2020-06-23,,0,0,1,702,396,1190,,,
2020-06-24,,0,0,1,702,396,1191,,,
2020-06-25,,0,0,1,702,396,1192,,,
2020-06-26,,0,0,1,702,396,1193,,,
2020-06-27,,0,0,0,702,396,1193,,,
2020-06-28,,0,0,0,702,396,1193,,,
2020-06-29,,0,0,0,702,396,1193,,,
2020-06-30,,0,0,0,702,396,1193,,,
