date,Province_State,Country_Region,Combined_Key,Confirmed,Deaths,daily_deaths,daily_confirmed,daily_confirmed_7day_ma,daily_deaths_7day_ma
2020-01-22,California,US,"San Diego, California, US",0,0,,,0.0,0.0
2020-01-23,California,US,"San Diego, California, US",0,0,0.0,0.0,0.0,0.0
2020-01-24,California,US,"San Diego, California, US",0,0,0.0,0.0,0.0,0.0
2020-01-25,California,US,"San Diego, California, US",0,0,0.0,0.0,0.0,0.0
2020-01-26,California,US,"San Diego, California, US",0,0,0.0,0.0,0.0,0.0
2020-01-27,California,US,"San Diego, California, US",0,0,0.0,0.0,0.0,0.0
2020-01-28,California,US,"San Diego, California, US",0,0,0.0,0.0,0.0,0.0
2020-01-29,California,US,"San Diego, California, US",0,0,0.0,0.0,0.0,0.0
2020-01-30,California,US,"San Diego, California, US",0,0,0.0,0.0,0.0,0.0
2020-01-31,California,US,"San Diego, California, US",0,0,0.0,0.0,0.0,0.0
2020-02-01,California,US,"San Diego, California, US",0,0,0.0,0.0,0.0,0.0
2020-02-02,California,US,"San Diego, California, US",0,0,0.0,0.0,0.0,0.0
2020-02-03,California,US,"San Diego, California, US",0,0,0.0,0.0,0.0,0.0
2020-02-04,California,US,"San Diego, California, US",0,0,0.0,0.0,0.0,0.0
2020-02-05,California,US,"San Diego, California, US",0,0,0.0,0.0,0.0,0.0
2020-02-06,California,US,"San Diego, California, US",0,0,0.0,0.0,0.0,0.0
2020-02-07,California,US,"San Diego, California, US",0,0,0.0,0.0,0.0,0.0
2020-02-08,California,US,"San Diego, California, US",0,0,0.0,0.0,0.0,0.0
2020-02-09,California,US,"San Diego, California, US",0,0,0.0,0.0,0.0,0.0
2020-02-10,California,US,"San Diego, California, US",0,0,0.0,0.0,0.0,0.0
2020-02-11,California,US,"San Diego, California, US",1,0,0.0,1.0,0.14285714285714285,0.0
2020-02-12,California,US,"San Diego, California, US",1,0,0.0,0.0,0.14285714285714285,0.0
2020-02-13,California,US,"San Diego, California, US",2,0,0.0,1.0,0.2857142857142857,0.0
2020-02-14,California,US,"San Diego, California, US",2,0,0.0,0.0,0.2857142857142857,0.0
2020-02-15,California,US,"San Diego, California, US",2,0,0.0,0.0,0.2857142857142857,0.0
2020-02-16,California,US,"San Diego, California, US",2,0,0.0,0.0,0.2857142857142857,0.0
2020-02-17,California,US,"San Diego, California, US",2,0,0.0,0.0,0.2857142857142857,0.0
2020-02-18,California,US,"San Diego, California, US",2,0,0.0,0.0,0.14285714285714285,0.0
2020-02-19,California,US,"San Diego, California, US",2,0,0.0,0.0,0.14285714285714285,0.0
2020-02-20,California,US,"San Diego, California, US",2,0,0.0,0.0,0.0,0.0
2020-02-21,California,US,"San Diego, California, US",2,0,0.0,0.0,0.0,0.0
2020-02-22,California,US,"San Diego, California, US",2,0,0.0,0.0,0.0,0.0
2020-02-23,California,US,"San Diego, California, US",2,0,0.0,0.0,0.0,0.0
2020-02-24,California,US,"San Diego, California, US",2,0,0.0,0.0,0.0,0.0
2020-02-25,California,US,"San Diego, California, US",2,0,0.0,0.0,0.0,0.0
2020-02-26,California,US,"San Diego, California, US",2,0,0.0,0.0,0.0,0.0
2020-02-27,California,US,"San Diego, California, US",2,0,0.0,0.0,0.0,0.0
2020-02-28,California,US,"San Diego, California, US",2,0,0.0,0.0,0.0,0.0
2020-02-29,California,US,"San Diego, California, US",2,0,0.0,0.0,0.0,0.0
2020-03-01,California,US,"San Diego, California, US",2,0,0.0,0.0,0.0,0.0
2020-03-02,California,US,"San Diego, California, US",2,0,0.0,0.0,0.0,0.0
2020-03-03,California,US,"San Diego, California, US",2,0,0.0,0.0,0.0,0.0
2020-03-04,California,US,"San Diego, California, US",2,0,0.0,0.0,0.0,0.0
2020-03-05,California,US,"San Diego, California, US",3,0,0.0,1.0,0.14285714285714285,0.0
2020-03-06,California,US,"San Diego, California, US",3,0,0.0,0.0,0.14285714285714285,0.0
2020-03-07,California,US,"San Diego, California, US",3,0,0.0,0.0,0.14285714285714285,0.0
2020-03-08,California,US,"San Diego, California, US",3,0,0.0,0.0,0.14285714285714285,0.0
2020-03-09,California,US,"San Diego, California, US",3,0,0.0,0.0,0.14285714285714285,0.0
2020-03-10,California,US,"San Diego, California, US",3,0,0.0,0.0,0.14285714285714285,0.0
2020-03-11,California,US,"San Diego, California, US",3,0,0.0,0.0,0.14285714285714285,0.0
2020-03-12,California,US,"San Diego, California, US",5,0,0.0,2.0,0.2857142857142857,0.0
2020-03-13,California,US,"San Diego, California, US",8,0,0.0,3.0,0.7142857142857143,0.0
2020-03-14,California,US,"San Diego, California, US",10,0,0.0,2.0,1.0,0.0
2020-03-15,California,US,"San Diego, California, US",16,0,0.0,6.0,1.8571428571428572,0.0
2020-03-16,California,US,"San Diego, California, US",55,0,0.0,39.0,7.428571428571429,0.0
2020-03-17,California,US,"San Diego, California, US",55,0,0.0,0.0,7.428571428571429,0.0
2020-03-18,California,US,"San Diego, California, US",60,0,0.0,5.0,8.142857142857142,0.0
2020-03-19,California,US,"San Diego, California, US",80,0,0.0,20.0,10.714285714285714,0.0
2020-03-20,California,US,"San Diego, California, US",127,0,0.0,47.0,17.0,0.0
2020-03-21,California,US,"San Diego, California, US",127,0,0.0,0.0,16.714285714285715,0.0
2020-03-22,California,US,"San Diego, California, US",155,0,0.0,28.0,19.857142857142858,0.0
2020-03-23,California,US,"San Diego, California, US",201,1,1.0,46.0,20.857142857142858,0.14285714285714285
2020-03-24,California,US,"San Diego, California, US",226,1,0.0,25.0,24.428571428571427,0.14285714285714285
2020-03-25,California,US,"San Diego, California, US",238,2,1.0,12.0,25.428571428571427,0.2857142857142857
2020-03-26,California,US,"San Diego, California, US",293,3,1.0,55.0,30.428571428571427,0.42857142857142855
2020-03-27,California,US,"San Diego, California, US",341,3,0.0,48.0,30.571428571428573,0.42857142857142855
2020-03-28,California,US,"San Diego, California, US",413,6,3.0,72.0,40.857142857142854,0.8571428571428571
2020-03-29,California,US,"San Diego, California, US",484,7,1.0,71.0,47.0,1.0
2020-03-30,California,US,"San Diego, California, US",515,7,0.0,31.0,44.857142857142854,0.8571428571428571
2020-03-31,California,US,"San Diego, California, US",603,7,0.0,88.0,53.857142857142854,0.8571428571428571
2020-04-01,California,US,"San Diego, California, US",733,9,2.0,130.0,70.71428571428571,1.0
2020-04-02,California,US,"San Diego, California, US",849,15,6.0,116.0,79.42857142857143,1.7142857142857142
2020-04-03,California,US,"San Diego, California, US",966,16,1.0,117.0,89.28571428571429,1.8571428571428572
2020-04-04,California,US,"San Diego, California, US",1112,17,1.0,146.0,99.85714285714286,1.5714285714285714
2020-04-05,California,US,"San Diego, California, US",1209,18,1.0,97.0,103.57142857142857,1.5714285714285714
2020-04-06,California,US,"San Diego, California, US",1326,19,1.0,117.0,115.85714285714286,1.7142857142857142
2020-04-07,California,US,"San Diego, California, US",1404,19,0.0,78.0,114.42857142857143,1.7142857142857142
2020-04-08,California,US,"San Diego, California, US",1454,31,12.0,50.0,103.0,3.142857142857143
2020-04-09,California,US,"San Diego, California, US",1530,36,5.0,76.0,97.28571428571429,3.0
2020-04-10,California,US,"San Diego, California, US",1628,40,4.0,98.0,94.57142857142857,3.4285714285714284
2020-04-11,California,US,"San Diego, California, US",1693,44,4.0,65.0,83.0,3.857142857142857
2020-04-12,California,US,"San Diego, California, US",1761,45,1.0,68.0,78.85714285714286,3.857142857142857
2020-04-13,California,US,"San Diego, California, US",1804,45,0.0,43.0,68.28571428571429,3.7142857142857144
2020-04-14,California,US,"San Diego, California, US",1847,47,2.0,43.0,63.285714285714285,4.0
2020-04-15,California,US,"San Diego, California, US",1930,53,6.0,83.0,68.0,3.142857142857143
2020-04-16,California,US,"San Diego, California, US",2012,60,7.0,82.0,68.85714285714286,3.4285714285714284
2020-04-17,California,US,"San Diego, California, US",2087,63,3.0,75.0,65.57142857142857,3.2857142857142856
2020-04-18,California,US,"San Diego, California, US",2158,70,7.0,71.0,66.42857142857143,3.7142857142857144
2020-04-19,California,US,"San Diego, California, US",2213,71,1.0,55.0,64.57142857142857,3.7142857142857144
2020-04-20,California,US,"San Diego, California, US",2268,71,0.0,55.0,66.28571428571429,3.7142857142857144
2020-04-21,California,US,"San Diego, California, US",2325,72,1.0,57.0,68.28571428571429,3.5714285714285716
2020-04-22,California,US,"San Diego, California, US",2491,96,24.0,166.0,80.14285714285714,6.142857142857143
2020-04-23,California,US,"San Diego, California, US",2643,100,4.0,152.0,90.14285714285714,5.714285714285714
2020-04-24,California,US,"San Diego, California, US",2826,102,2.0,183.0,105.57142857142857,5.571428571428571
2020-04-25,California,US,"San Diego, California, US",2943,111,9.0,117.0,112.14285714285714,5.857142857142857
2020-04-26,California,US,"San Diego, California, US",2943,111,0.0,0.0,104.28571428571429,5.714285714285714
2020-04-27,California,US,"San Diego, California, US",3043,111,0.0,100.0,110.71428571428571,5.714285714285714
2020-04-28,California,US,"San Diego, California, US",3141,113,2.0,98.0,116.57142857142857,5.857142857142857
2020-04-29,California,US,"San Diego, California, US",3432,120,7.0,291.0,134.42857142857142,3.4285714285714284
2020-04-30,California,US,"San Diego, California, US",3432,120,0.0,0.0,112.71428571428571,2.857142857142857
2020-05-01,California,US,"San Diego, California, US",3564,124,4.0,132.0,105.42857142857143,3.142857142857143
2020-05-02,California,US,"San Diego, California, US",3711,134,10.0,147.0,109.71428571428571,3.2857142857142856
2020-05-03,California,US,"San Diego, California, US",3927,139,5.0,216.0,140.57142857142858,4.0
2020-05-04,California,US,"San Diego, California, US",3927,139,0.0,0.0,126.28571428571429,4.0
2020-05-05,California,US,"San Diego, California, US",4020,144,5.0,93.0,125.57142857142857,4.428571428571429
2020-05-06,California,US,"San Diego, California, US",4319,158,14.0,299.0,126.71428571428571,5.428571428571429
2020-05-07,California,US,"San Diego, California, US",4319,158,0.0,0.0,126.71428571428571,5.428571428571429
2020-05-08,California,US,"San Diego, California, US",4429,165,7.0,110.0,123.57142857142857,5.857142857142857
2020-05-09,California,US,"San Diego, California, US",4662,169,4.0,233.0,135.85714285714286,5.0
2020-05-10,California,US,"San Diego, California, US",4776,175,6.0,114.0,121.28571428571429,5.142857142857143
2020-05-11,California,US,"San Diego, California, US",5065,175,0.0,289.0,162.57142857142858,5.142857142857143
2020-05-12,California,US,"San Diego, California, US",5161,190,15.0,96.0,163.0,6.571428571428571
2020-05-13,California,US,"San Diego, California, US",5161,190,0.0,0.0,120.28571428571429,4.571428571428571
2020-05-14,California,US,"San Diego, California, US",5391,200,10.0,230.0,153.14285714285714,6.0
2020-05-15,California,US,"San Diego, California, US",5391,200,0.0,0.0,137.42857142857142,5.0
2020-05-16,California,US,"San Diego, California, US",5662,209,9.0,271.0,142.85714285714286,5.714285714285714
2020-05-17,California,US,"San Diego, California, US",5836,209,0.0,174.0,151.42857142857142,4.857142857142857
2020-05-18,California,US,"San Diego, California, US",5836,209,0.0,0.0,110.14285714285714,4.857142857142857
2020-05-19,California,US,"San Diego, California, US",6026,222,13.0,190.0,123.57142857142857,4.571428571428571
2020-05-20,California,US,"San Diego, California, US",6140,230,8.0,114.0,139.85714285714286,5.714285714285714
2020-05-21,California,US,"San Diego, California, US",6140,230,0.0,0.0,107.0,4.285714285714286
2020-05-22,California,US,"San Diego, California, US",6315,241,11.0,175.0,132.0,5.857142857142857
2020-05-23,California,US,"San Diego, California, US",6559,249,8.0,244.0,128.14285714285714,5.714285714285714
2020-05-24,California,US,"San Diego, California, US",6559,249,0.0,0.0,103.28571428571429,5.714285714285714
2020-05-25,California,US,"San Diego, California, US",6701,249,0.0,142.0,123.57142857142857,5.714285714285714
2020-05-26,California,US,"San Diego, California, US",6797,249,0.0,96.0,110.14285714285714,3.857142857142857
2020-05-27,California,US,"San Diego, California, US",6882,249,0.0,85.0,106.0,2.7142857142857144
2020-05-28,California,US,"San Diego, California, US",7100,260,11.0,218.0,137.14285714285714,4.285714285714286
2020-05-29,California,US,"San Diego, California, US",7100,260,0.0,0.0,112.14285714285714,2.7142857142857144
2020-05-30,California,US,"San Diego, California, US",7385,269,9.0,285.0,118.0,2.857142857142857
2020-05-31,California,US,"San Diego, California, US",7481,269,0.0,96.0,131.71428571428572,2.857142857142857
2020-06-01,California,US,"San Diego, California, US",7481,269,0.0,0.0,111.42857142857143,2.857142857142857
2020-06-02,California,US,"San Diego, California, US",7554,269,0.0,73.0,108.14285714285714,2.857142857142857
2020-06-03,California,US,"San Diego, California, US",7674,276,7.0,120.0,113.14285714285714,3.857142857142857
2020-06-04,California,US,"San Diego, California, US",7798,283,7.0,124.0,99.71428571428571,3.2857142857142856
2020-06-05,California,US,"San Diego, California, US",7940,288,5.0,142.0,120.0,4.0
2020-06-06,California,US,"San Diego, California, US",8345,296,8.0,405.0,137.14285714285714,3.857142857142857
2020-06-07,California,US,"San Diego, California, US",8345,296,0.0,0.0,123.42857142857143,3.857142857142857
2020-06-08,California,US,"San Diego, California, US",8619,296,0.0,274.0,162.57142857142858,3.857142857142857
2020-06-09,California,US,"San Diego, California, US",8619,296,0.0,0.0,152.14285714285714,3.857142857142857
2020-06-10,California,US,"San Diego, California, US",8837,305,9.0,218.0,166.14285714285714,4.142857142857143
2020-06-11,California,US,"San Diego, California, US",8998,308,3.0,161.0,171.42857142857142,3.5714285714285716
2020-06-12,California,US,"San Diego, California, US",8998,308,0.0,0.0,151.14285714285714,2.857142857142857
2020-06-13,California,US,"San Diego, California, US",9314,319,11.0,316.0,138.42857142857142,3.2857142857142856
2020-06-14,California,US,"San Diego, California, US",9440,319,0.0,126.0,156.42857142857142,3.2857142857142856
2020-06-15,California,US,"San Diego, California, US",9610,320,1.0,170.0,141.57142857142858,3.4285714285714284
2020-06-16,California,US,"San Diego, California, US",9730,323,3.0,120.0,158.71428571428572,3.857142857142857
2020-06-17,California,US,"San Diego, California, US",9730,323,0.0,0.0,127.57142857142857,2.5714285714285716
2020-06-18,California,US,"San Diego, California, US",10092,331,8.0,362.0,156.28571428571428,3.2857142857142856
2020-06-19,California,US,"San Diego, California, US",10350,332,1.0,258.0,193.14285714285714,3.4285714285714284
2020-06-20,California,US,"San Diego, California, US",10484,338,6.0,134.0,167.14285714285714,2.7142857142857144
2020-06-21,California,US,"San Diego, California, US",10794,338,0.0,310.0,193.42857142857142,2.7142857142857144
2020-06-22,California,US,"San Diego, California, US",11096,338,0.0,302.0,212.28571428571428,2.5714285714285716
2020-06-23,California,US,"San Diego, California, US",11294,341,3.0,198.0,223.42857142857142,2.5714285714285716
2020-06-24,California,US,"San Diego, California, US",11626,347,6.0,332.0,270.85714285714283,3.4285714285714284
2020-06-25,California,US,"San Diego, California, US",11961,352,5.0,335.0,267.0,3.0
2020-06-26,California,US,"San Diego, California, US",12401,358,6.0,440.0,293.0,3.7142857142857144
2020-06-27,California,US,"San Diego, California, US",12837,360,2.0,436.0,336.14285714285717,3.142857142857143
2020-06-28,California,US,"San Diego, California, US",13334,361,1.0,497.0,362.85714285714283,3.2857142857142856
2020-06-29,California,US,"San Diego, California, US",13832,361,0.0,498.0,390.85714285714283,3.2857142857142856
2020-06-30,California,US,"San Diego, California, US",14149,365,4.0,317.0,407.85714285714283,3.4285714285714284
2020-07-01,California,US,"San Diego, California, US",14623,370,5.0,474.0,428.14285714285717,3.2857142857142856
2020-07-02,California,US,"San Diego, California, US",15207,377,7.0,584.0,463.7142857142857,3.5714285714285716
2020-07-03,California,US,"San Diego, California, US",15696,387,10.0,489.0,470.7142857142857,4.142857142857143
2020-07-04,California,US,"San Diego, California, US",15696,387,0.0,0.0,408.42857142857144,3.857142857142857
2020-07-05,California,US,"San Diego, California, US",16726,387,0.0,1030.0,484.57142857142856,3.7142857142857144
2020-07-06,California,US,"San Diego, California, US",16726,387,0.0,0.0,413.42857142857144,3.7142857142857144
2020-07-07,California,US,"San Diego, California, US",17578,399,12.0,852.0,489.85714285714283,4.857142857142857
2020-07-08,California,US,"San Diego, California, US",17842,406,7.0,264.0,459.85714285714283,5.142857142857143
2020-07-09,California,US,"San Diego, California, US",18402,415,9.0,560.0,456.42857142857144,5.428571428571429
2020-07-10,California,US,"San Diego, California, US",18863,420,5.0,461.0,452.42857142857144,4.714285714285714
2020-07-11,California,US,"San Diego, California, US",19371,422,2.0,508.0,525.0,5.0
2020-07-12,California,US,"San Diego, California, US",19371,422,0.0,0.0,377.85714285714283,5.0
2020-07-13,California,US,"San Diego, California, US",19929,422,0.0,558.0,457.57142857142856,5.0
2020-07-14,California,US,"San Diego, California, US",20887,436,14.0,958.0,472.7142857142857,5.285714285714286
2020-07-15,California,US,"San Diego, California, US",21446,448,12.0,559.0,514.8571428571429,6.0
2020-07-16,California,US,"San Diego, California, US",21855,465,17.0,409.0,493.2857142857143,7.142857142857143
2020-07-17,California,US,"San Diego, California, US",21855,465,0.0,0.0,427.42857142857144,6.428571428571429
2020-07-18,California,US,"San Diego, California, US",23114,478,13.0,1259.0,534.7142857142857,8.0
2020-07-19,California,US,"San Diego, California, US",23682,478,0.0,568.0,615.8571428571429,8.0
2020-07-20,California,US,"San Diego, California, US",24135,478,0.0,453.0,600.8571428571429,8.0
2020-07-21,California,US,"San Diego, California, US",24520,487,9.0,385.0,519.0,7.285714285714286
2020-07-22,California,US,"San Diego, California, US",25107,505,18.0,587.0,523.0,8.142857142857142
2020-07-23,California,US,"San Diego, California, US",25608,512,7.0,501.0,536.1428571428571,6.714285714285714
2020-07-24,California,US,"San Diego, California, US",26098,524,12.0,490.0,606.1428571428571,8.428571428571429
2020-07-25,California,US,"San Diego, California, US",26098,524,0.0,0.0,426.2857142857143,6.571428571428571
2020-07-26,California,US,"San Diego, California, US",26701,533,9.0,603.0,431.2857142857143,7.857142857142857
2020-07-27,California,US,"San Diego, California, US",27507,533,0.0,806.0,481.7142857142857,7.857142857142857
2020-07-28,California,US,"San Diego, California, US",27507,533,0.0,0.0,426.7142857142857,6.571428571428571
2020-07-29,California,US,"San Diego, California, US",28287,552,19.0,780.0,454.2857142857143,6.714285714285714
2020-07-30,California,US,"San Diego, California, US",28688,558,6.0,401.0,440.0,6.571428571428571
2020-07-31,California,US,"San Diego, California, US",29048,561,3.0,360.0,421.42857142857144,5.285714285714286
2020-08-01,California,US,"San Diego, California, US",29048,561,0.0,0.0,421.42857142857144,5.285714285714286
2020-08-02,California,US,"San Diego, California, US",29883,565,4.0,835.0,454.57142857142856,4.571428571428571
2020-08-03,California,US,"San Diego, California, US",29883,565,0.0,0.0,339.42857142857144,4.571428571428571
2020-08-04,California,US,"San Diego, California, US",30516,568,3.0,633.0,429.85714285714283,5.0
2020-08-05,California,US,"San Diego, California, US",30516,568,0.0,0.0,318.42857142857144,2.2857142857142856
2020-08-06,California,US,"San Diego, California, US",31127,583,15.0,611.0,348.42857142857144,3.5714285714285716
2020-08-07,California,US,"San Diego, California, US",31127,583,0.0,0.0,297.0,3.142857142857143
2020-08-08,California,US,"San Diego, California, US",31779,586,3.0,652.0,390.14285714285717,3.5714285714285716
2020-08-09,California,US,"San Diego, California, US",32330,593,7.0,551.0,349.57142857142856,4.0
2020-08-10,California,US,"San Diego, California, US",32975,594,1.0,645.0,441.7142857142857,4.142857142857143
