date,Province_State,Country_Region,Combined_Key,Confirmed,Deaths,daily_deaths,daily_confirmed,daily_confirmed_7day_ma,daily_deaths_7day_ma
2020-01-22,New York,US,"New York City, New York, US",0,0,,,0.0,0.0
2020-01-23,New York,US,"New York City, New York, US",0,0,0.0,0.0,0.0,0.0
2020-01-24,New York,US,"New York City, New York, US",0,0,0.0,0.0,0.0,0.0
2020-01-25,New York,US,"New York City, New York, US",0,0,0.0,0.0,0.0,0.0
2020-01-26,New York,US,"New York City, New York, US",0,0,0.0,0.0,0.0,0.0
2020-01-27,New York,US,"New York City, New York, US",0,0,0.0,0.0,0.0,0.0
2020-01-28,New York,US,"New York City, New York, US",0,0,0.0,0.0,0.0,0.0
2020-01-29,New York,US,"New York City, New York, US",0,0,0.0,0.0,0.0,0.0
2020-01-30,New York,US,"New York City, New York, US",0,0,0.0,0.0,0.0,0.0
2020-01-31,New York,US,"New York City, New York, US",0,0,0.0,0.0,0.0,0.0
2020-02-01,New York,US,"New York City, New York, US",0,0,0.0,0.0,0.0,0.0
2020-02-02,New York,US,"New York City, New York, US",0,0,0.0,0.0,0.0,0.0
2020-02-03,New York,US,"New York City, New York, US",0,0,0.0,0.0,0.0,0.0
2020-02-04,New York,US,"New York City, New York, US",0,0,0.0,0.0,0.0,0.0
2020-02-05,New York,US,"New York City, New York, US",0,0,0.0,0.0,0.0,0.0
2020-02-06,New York,US,"New York City, New York, US",0,0,0.0,0.0,0.0,0.0
2020-02-07,New York,US,"New York City, New York, US",0,0,0.0,0.0,0.0,0.0
2020-02-08,New York,US,"New York City, New York, US",0,0,0.0,0.0,0.0,0.0
2020-02-09,New York,US,"New York City, New York, US",0,0,0.0,0.0,0.0,0.0
2020-02-10,New York,US,"New York City, New York, US",0,0,0.0,0.0,0.0,0.0
2020-02-11,New York,US,"New York City, New York, US",0,0,0.0,0.0,0.0,0.0
2020-02-12,New York,US,"New York City, New York, US",0,0,0.0,0.0,0.0,0.0
2020-02-13,New York,US,"New York City, New York, US",0,0,0.0,0.0,0.0,0.0
2020-02-14,New York,US,"New York City, New York, US",0,0,0.0,0.0,0.0,0.0
2020-02-15,New York,US,"New York City, New York, US",0,0,0.0,0.0,0.0,0.0
2020-02-16,New York,US,"New York City, New York, US",0,0,0.0,0.0,0.0,0.0
2020-02-17,New York,US,"New York City, New York, US",0,0,0.0,0.0,0.0,0.0
2020-02-18,New York,US,"New York City, New York, US",0,0,0.0,0.0,0.0,0.0
2020-02-19,New York,US,"New York City, New York, US",0,0,0.0,0.0,0.0,0.0
2020-02-20,New York,US,"New York City, New York, US",0,0,0.0,0.0,0.0,0.0
2020-02-21,New York,US,"New York City, New York, US",0,0,0.0,0.0,0.0,0.0
2020-02-22,New York,US,"New York City, New York, US",0,0,0.0,0.0,0.0,0.0
2020-02-23,New York,US,"New York City, New York, US",0,0,0.0,0.0,0.0,0.0
2020-02-24,New York,US,"New York City, New York, US",0,0,0.0,0.0,0.0,0.0
2020-02-25,New York,US,"New York City, New York, US",0,0,0.0,0.0,0.0,0.0
2020-02-26,New York,US,"New York City, New York, US",0,0,0.0,0.0,0.0,0.0
2020-02-27,New York,US,"New York City, New York, US",0,0,0.0,0.0,0.0,0.0
2020-02-28,New York,US,"New York City, New York, US",0,0,0.0,0.0,0.0,0.0
2020-02-29,New York,US,"New York City, New York, US",0,0,0.0,0.0,0.0,0.0
2020-03-01,New York,US,"New York City, New York, US",0,0,0.0,0.0,0.0,0.0
2020-03-02,New York,US,"New York City, New York, US",1,0,0.0,1.0,0.14285714285714285,0.0
2020-03-03,New York,US,"New York City, New York, US",1,0,0.0,0.0,0.14285714285714285,0.0
2020-03-04,New York,US,"New York City, New York, US",1,0,0.0,0.0,0.14285714285714285,0.0
2020-03-05,New York,US,"New York City, New York, US",4,0,0.0,3.0,0.5714285714285714,0.0
2020-03-06,New York,US,"New York City, New York, US",11,0,0.0,7.0,1.5714285714285714,0.0
2020-03-07,New York,US,"New York City, New York, US",11,0,0.0,0.0,1.5714285714285714,0.0
2020-03-08,New York,US,"New York City, New York, US",12,0,0.0,1.0,1.7142857142857142,0.0
2020-03-09,New York,US,"New York City, New York, US",19,0,0.0,7.0,2.5714285714285716,0.0
2020-03-10,New York,US,"New York City, New York, US",25,0,0.0,6.0,3.4285714285714284,0.0
2020-03-11,New York,US,"New York City, New York, US",55,1,1.0,30.0,7.714285714285714,0.14285714285714285
2020-03-12,New York,US,"New York City, New York, US",95,1,0.0,40.0,13.0,0.14285714285714285
2020-03-13,New York,US,"New York City, New York, US",154,2,1.0,59.0,20.428571428571427,0.2857142857142857
2020-03-14,New York,US,"New York City, New York, US",269,4,2.0,115.0,36.857142857142854,0.5714285714285714
2020-03-15,New York,US,"New York City, New York, US",269,9,5.0,0.0,36.714285714285715,1.2857142857142858
2020-03-16,New York,US,"New York City, New York, US",463,18,9.0,194.0,63.42857142857143,2.5714285714285716
2020-03-17,New York,US,"New York City, New York, US",814,29,11.0,351.0,112.71428571428571,4.142857142857143
2020-03-18,New York,US,"New York City, New York, US",1871,54,25.0,1057.0,259.42857142857144,7.571428571428571
2020-03-19,New York,US,"New York City, New York, US",3954,80,26.0,2083.0,551.2857142857143,11.285714285714286
2020-03-20,New York,US,"New York City, New York, US",5151,130,50.0,1197.0,713.8571428571429,18.285714285714285
2020-03-21,New York,US,"New York City, New York, US",7530,180,50.0,2379.0,1037.2857142857142,25.142857142857142
2020-03-22,New York,US,"New York City, New York, US",9654,233,53.0,2124.0,1340.7142857142858,32.0
2020-03-23,New York,US,"New York City, New York, US",12305,328,95.0,2651.0,1691.7142857142858,44.285714285714285
2020-03-24,New York,US,"New York City, New York, US",14904,435,107.0,2599.0,2012.857142857143,58.0
2020-03-25,New York,US,"New York City, New York, US",17856,577,142.0,2952.0,2283.5714285714284,74.71428571428571
2020-03-26,New York,US,"New York City, New York, US",21873,808,231.0,4017.0,2559.8571428571427,104.0
2020-03-27,New York,US,"New York City, New York, US",25573,1066,258.0,3700.0,2917.4285714285716,133.71428571428572
2020-03-28,New York,US,"New York City, New York, US",29776,1390,324.0,4203.0,3178.0,172.85714285714286
2020-03-29,New York,US,"New York City, New York, US",33768,1744,354.0,3992.0,3444.8571428571427,215.85714285714286
2020-03-30,New York,US,"New York City, New York, US",37453,2157,413.0,3685.0,3592.5714285714284,261.2857142857143
2020-03-31,New York,US,"New York City, New York, US",43119,2626,469.0,5666.0,4030.714285714286,313.0
2020-04-01,New York,US,"New York City, New York, US",47439,3174,548.0,4320.0,4226.142857142857,371.0
2020-04-02,New York,US,"New York City, New York, US",51809,3837,663.0,4370.0,4276.571428571428,432.7142857142857
2020-04-03,New York,US,"New York City, New York, US",57159,4500,663.0,5350.0,4512.285714285715,490.57142857142856
2020-04-04,New York,US,"New York City, New York, US",63306,5196,696.0,6147.0,4790.0,543.7142857142857
2020-04-05,New York,US,"New York City, New York, US",67551,5951,755.0,4245.0,4826.142857142857,601.0
2020-04-06,New York,US,"New York City, New York, US",72181,6749,798.0,4630.0,4961.142857142857,656.0
2020-04-07,New York,US,"New York City, New York, US",76876,7563,814.0,4695.0,4822.428571428572,705.2857142857143
2020-04-08,New York,US,"New York City, New York, US",81803,8331,768.0,4927.0,4909.142857142857,736.7142857142857
2020-04-09,New York,US,"New York City, New York, US",87028,9084,753.0,5225.0,5031.285714285715,749.5714285714286
2020-04-10,New York,US,"New York City, New York, US",92384,9803,719.0,5356.0,5032.142857142857,757.5714285714286
2020-04-11,New York,US,"New York City, New York, US",98308,10517,714.0,5924.0,5000.285714285715,760.1428571428571
2020-04-12,New York,US,"New York City, New York, US",103208,11265,748.0,4900.0,5093.857142857143,759.1428571428571
2020-04-13,New York,US,"New York City, New York, US",106763,12021,756.0,3555.0,4940.285714285715,753.1428571428571
2020-04-14,New York,US,"New York City, New York, US",110465,12675,654.0,3702.0,4798.428571428572,730.2857142857143
2020-04-15,New York,US,"New York City, New York, US",118302,13236,561.0,7837.0,5214.142857142857,700.7142857142857
2020-04-16,New York,US,"New York City, New York, US",123146,13785,549.0,4844.0,5159.714285714285,671.5714285714286
2020-04-17,New York,US,"New York City, New York, US",127352,14261,476.0,4206.0,4995.428571428572,636.8571428571429
2020-04-18,New York,US,"New York City, New York, US",131334,14767,506.0,3982.0,4718.0,607.1428571428571
2020-04-19,New York,US,"New York City, New York, US",134267,15258,491.0,2933.0,4437.0,570.4285714285714
2020-04-20,New York,US,"New York City, New York, US",136591,15717,459.0,2324.0,4261.142857142857,528.0
2020-04-21,New York,US,"New York City, New York, US",139348,16134,417.0,2757.0,4126.142857142857,494.14285714285717
2020-04-22,New York,US,"New York City, New York, US",142227,16527,393.0,2879.0,3417.8571428571427,470.14285714285717
2020-04-23,New York,US,"New York City, New York, US",145855,16938,411.0,3628.0,3244.1428571428573,450.42857142857144
2020-04-24,New York,US,"New York City, New York, US",150473,17311,373.0,4618.0,3303.0,435.7142857142857
2020-04-25,New York,US,"New York City, New York, US",155113,17628,317.0,4640.0,3397.0,408.7142857142857
2020-04-26,New York,US,"New York City, New York, US",158258,17928,300.0,3145.0,3427.285714285714,381.42857142857144
2020-04-27,New York,US,"New York City, New York, US",160489,18246,318.0,2231.0,3414.0,361.2857142857143
2020-04-28,New York,US,"New York City, New York, US",162338,18504,258.0,1849.0,3284.285714285714,338.57142857142856
2020-04-29,New York,US,"New York City, New York, US",164841,18779,275.0,2503.0,3230.5714285714284,321.7142857142857
2020-04-30,New York,US,"New York City, New York, US",167478,19034,255.0,2637.0,3089.0,299.42857142857144
2020-05-01,New York,US,"New York City, New York, US",169690,19281,247.0,2212.0,2745.285714285714,281.42857142857144
2020-05-02,New York,US,"New York City, New York, US",172354,19504,223.0,2664.0,2463.0,268.0
2020-05-03,New York,US,"New York City, New York, US",174331,19712,208.0,1977.0,2296.1428571428573,254.85714285714286
2020-05-04,New York,US,"New York City, New York, US",175651,19906,194.0,1320.0,2166.0,237.14285714285714
2020-05-05,New York,US,"New York City, New York, US",176874,20073,167.0,1223.0,2076.5714285714284,224.14285714285714
2020-05-06,New York,US,"New York City, New York, US",178351,20250,177.0,1477.0,1930.0,210.14285714285714
2020-05-07,New York,US,"New York City, New York, US",180216,20410,160.0,1865.0,1819.7142857142858,196.57142857142858
2020-05-08,New York,US,"New York City, New York, US",181783,20563,153.0,1567.0,1727.5714285714287,183.14285714285714
2020-05-09,New York,US,"New York City, New York, US",183289,20672,109.0,1506.0,1562.142857142857,166.85714285714286
2020-05-10,New York,US,"New York City, New York, US",184417,20788,116.0,1128.0,1440.857142857143,153.71428571428572
2020-05-11,New York,US,"New York City, New York, US",185357,20906,118.0,940.0,1386.5714285714287,142.85714285714286
2020-05-12,New York,US,"New York City, New York, US",186123,21008,102.0,766.0,1321.2857142857142,133.57142857142858
2020-05-13,New York,US,"New York City, New York, US",187250,21098,90.0,1127.0,1271.2857142857142,121.14285714285714
2020-05-14,New York,US,"New York City, New York, US",188545,21185,87.0,1295.0,1189.857142857143,110.71428571428571
2020-05-15,New York,US,"New York City, New York, US",190357,21283,98.0,1812.0,1224.857142857143,102.85714285714286
2020-05-16,New York,US,"New York City, New York, US",191600,21384,101.0,1243.0,1187.2857142857142,101.71428571428571
2020-05-17,New York,US,"New York City, New York, US",192593,21471,87.0,993.0,1168.0,97.57142857142857
2020-05-18,New York,US,"New York City, New York, US",193230,21537,66.0,637.0,1124.7142857142858,90.14285714285714
2020-05-19,New York,US,"New York City, New York, US",193821,21600,63.0,591.0,1099.7142857142858,84.57142857142857
2020-05-20,New York,US,"New York City, New York, US",194550,21687,87.0,729.0,1042.857142857143,84.14285714285714
2020-05-21,New York,US,"New York City, New York, US",195675,21739,52.0,1125.0,1018.5714285714286,79.14285714285714
2020-05-22,New York,US,"New York City, New York, US",196484,21815,76.0,809.0,875.2857142857143,76.0
2020-05-23,New York,US,"New York City, New York, US",197266,21878,63.0,782.0,809.4285714285714,70.57142857142857
2020-05-24,New York,US,"New York City, New York, US",198123,21931,53.0,857.0,790.0,65.71428571428571
2020-05-25,New York,US,"New York City, New York, US",198731,21985,54.0,608.0,785.8571428571429,64.0
2020-05-26,New York,US,"New York City, New York, US",199301,22027,42.0,570.0,782.8571428571429,61.0
2020-05-27,New York,US,"New York City, New York, US",199968,22079,52.0,667.0,774.0,56.0
2020-05-28,New York,US,"New York City, New York, US",201051,22121,42.0,1083.0,768.0,54.57142857142857
2020-05-29,New York,US,"New York City, New York, US",201999,22173,52.0,948.0,787.8571428571429,51.142857142857146
2020-05-30,New York,US,"New York City, New York, US",202751,22231,58.0,752.0,783.5714285714286,50.42857142857143
2020-05-31,New York,US,"New York City, New York, US",203303,22274,43.0,552.0,740.0,49.0
2020-06-01,New York,US,"New York City, New York, US",203764,22313,39.0,461.0,719.0,46.857142857142854
2020-06-02,New York,US,"New York City, New York, US",204377,22357,44.0,613.0,725.1428571428571,47.142857142857146
2020-06-03,New York,US,"New York City, New York, US",204872,22403,46.0,495.0,700.5714285714286,46.285714285714285
2020-06-04,New York,US,"New York City, New York, US",205406,22441,38.0,534.0,622.1428571428571,45.714285714285715
2020-06-05,New York,US,"New York City, New York, US",205940,22471,30.0,534.0,563.0,42.57142857142857
2020-06-06,New York,US,"New York City, New York, US",206511,22509,38.0,571.0,537.1428571428571,39.714285714285715
2020-06-07,New York,US,"New York City, New York, US",206969,22538,29.0,458.0,523.7142857142857,37.714285714285715
2020-06-08,New York,US,"New York City, New York, US",207353,22583,45.0,384.0,512.7142857142857,38.57142857142857
2020-06-09,New York,US,"New York City, New York, US",207693,22618,35.0,340.0,473.7142857142857,37.285714285714285
2020-06-10,New York,US,"New York City, New York, US",208118,22656,38.0,425.0,463.7142857142857,36.142857142857146
2020-06-11,New York,US,"New York City, New York, US",208517,22682,26.0,399.0,444.42857142857144,34.42857142857143
2020-06-12,New York,US,"New York City, New York, US",208954,22708,26.0,437.0,430.57142857142856,33.857142857142854
2020-06-13,New York,US,"New York City, New York, US",209493,22722,14.0,539.0,426.0,30.428571428571427
2020-06-14,New York,US,"New York City, New York, US",209878,22746,24.0,385.0,415.57142857142856,29.714285714285715
2020-06-15,New York,US,"New York City, New York, US",210259,22766,20.0,381.0,415.14285714285717,26.142857142857142
2020-06-16,New York,US,"New York City, New York, US",210591,22789,23.0,332.0,414.0,24.428571428571427
2020-06-17,New York,US,"New York City, New York, US",210941,22811,22.0,350.0,403.2857142857143,22.142857142857142
2020-06-18,New York,US,"New York City, New York, US",211260,22828,17.0,319.0,391.85714285714283,20.857142857142858
2020-06-19,New York,US,"New York City, New York, US",211670,22845,17.0,410.0,388.0,19.571428571428573
2020-06-20,New York,US,"New York City, New York, US",212061,22864,19.0,391.0,366.85714285714283,20.285714285714285
2020-06-21,New York,US,"New York City, New York, US",212446,22892,28.0,385.0,366.85714285714283,20.857142857142858
2020-06-22,New York,US,"New York City, New York, US",212741,22918,26.0,295.0,354.57142857142856,21.714285714285715
2020-06-23,New York,US,"New York City, New York, US",213056,22946,28.0,315.0,352.14285714285717,22.428571428571427
2020-06-24,New York,US,"New York City, New York, US",213348,22970,24.0,292.0,343.85714285714283,22.714285714285715
2020-06-25,New York,US,"New York City, New York, US",213699,22986,16.0,351.0,348.42857142857144,22.571428571428573
2020-06-26,New York,US,"New York City, New York, US",214070,23000,14.0,371.0,342.85714285714283,22.142857142857142
2020-06-27,New York,US,"New York City, New York, US",214434,23011,11.0,364.0,339.0,21.0
2020-06-28,New York,US,"New York City, New York, US",214750,23016,5.0,316.0,329.14285714285717,17.714285714285715
2020-06-29,New York,US,"New York City, New York, US",214939,23028,12.0,189.0,314.0,15.714285714285714
2020-06-30,New York,US,"New York City, New York, US",215179,23096,68.0,240.0,303.2857142857143,21.428571428571427
2020-07-01,New York,US,"New York City, New York, US",215475,23104,8.0,296.0,303.85714285714283,19.142857142857142
2020-07-02,New York,US,"New York City, New York, US",215902,23123,19.0,427.0,314.7142857142857,19.571428571428573
2020-07-03,New York,US,"New York City, New York, US",216362,23140,17.0,460.0,327.42857142857144,20.0
2020-07-04,New York,US,"New York City, New York, US",216730,23159,19.0,368.0,328.0,21.142857142857142
2020-07-05,New York,US,"New York City, New York, US",216969,23190,31.0,239.0,317.0,24.857142857142858
2020-07-06,New York,US,"New York City, New York, US",217216,23201,11.0,247.0,325.2857142857143,24.714285714285715
2020-07-07,New York,US,"New York City, New York, US",217488,23218,17.0,272.0,329.85714285714283,17.428571428571427
2020-07-08,New York,US,"New York City, New York, US",217777,23224,6.0,289.0,328.85714285714283,17.142857142857142
2020-07-09,New York,US,"New York City, New York, US",218052,23247,23.0,275.0,307.14285714285717,17.714285714285715
2020-07-10,New York,US,"New York City, New York, US",218403,23267,20.0,351.0,291.57142857142856,18.142857142857142
2020-07-11,New York,US,"New York City, New York, US",218710,23278,11.0,307.0,282.85714285714283,17.0
2020-07-12,New York,US,"New York City, New York, US",219051,23283,5.0,341.0,297.42857142857144,13.285714285714286
2020-07-13,New York,US,"New York City, New York, US",219301,23323,40.0,250.0,297.85714285714283,17.428571428571427
2020-07-14,New York,US,"New York City, New York, US",219616,23336,13.0,315.0,304.0,16.857142857142858
2020-07-15,New York,US,"New York City, New York, US",219982,23353,17.0,366.0,315.0,18.428571428571427
2020-07-16,New York,US,"New York City, New York, US",220367,23371,18.0,385.0,330.7142857142857,17.714285714285715
2020-07-17,New York,US,"New York City, New York, US",220734,23377,6.0,367.0,333.0,15.714285714285714
2020-07-18,New York,US,"New York City, New York, US",221121,23388,11.0,387.0,344.42857142857144,15.714285714285714
2020-07-19,New York,US,"New York City, New York, US",221419,23400,12.0,298.0,338.2857142857143,16.714285714285715
2020-07-20,New York,US,"New York City, New York, US",221703,23411,11.0,284.0,343.14285714285717,12.571428571428571
2020-07-21,New York,US,"New York City, New York, US",222094,23424,13.0,391.0,354.0,12.571428571428571
2020-07-22,New York,US,"New York City, New York, US",222444,23428,4.0,350.0,351.7142857142857,10.714285714285714
2020-07-23,New York,US,"New York City, New York, US",222832,23463,35.0,388.0,352.14285714285717,13.142857142857142
2020-07-24,New York,US,"New York City, New York, US",223192,23465,2.0,360.0,351.14285714285717,12.571428571428571
2020-07-25,New York,US,"New York City, New York, US",223532,23476,11.0,340.0,344.42857142857144,12.571428571428571
2020-07-26,New York,US,"New York City, New York, US",223761,23485,9.0,229.0,334.57142857142856,12.142857142857142
2020-07-27,New York,US,"New York City, New York, US",224051,23500,15.0,290.0,335.42857142857144,12.714285714285714
2020-07-28,New York,US,"New York City, New York, US",224249,23507,7.0,198.0,307.85714285714283,11.857142857142858
2020-07-29,New York,US,"New York City, New York, US",224551,23512,5.0,302.0,301.0,12.0
2020-07-30,New York,US,"New York City, New York, US",224863,23525,13.0,312.0,290.14285714285717,8.857142857142858
2020-07-31,New York,US,"New York City, New York, US",225148,23531,6.0,285.0,279.42857142857144,9.428571428571429
2020-08-01,New York,US,"New York City, New York, US",225460,23536,5.0,312.0,275.42857142857144,8.571428571428571
2020-08-02,New York,US,"New York City, New York, US",225723,23541,5.0,263.0,280.2857142857143,8.0
2020-08-03,New York,US,"New York City, New York, US",225964,23550,9.0,241.0,273.2857142857143,7.142857142857143
2020-08-04,New York,US,"New York City, New York, US",226280,23556,6.0,316.0,290.14285714285717,7.0
2020-08-05,New York,US,"New York City, New York, US",226581,23563,7.0,301.0,290.0,7.285714285714286
2020-08-06,New York,US,"New York City, New York, US",226914,23563,0.0,333.0,293.0,5.428571428571429
2020-08-07,New York,US,"New York City, New York, US",227258,23567,4.0,344.0,301.42857142857144,5.142857142857143
2020-08-08,New York,US,"New York City, New York, US",227584,23575,8.0,326.0,303.42857142857144,5.571428571428571
2020-08-09,New York,US,"New York City, New York, US",227832,23580,5.0,248.0,301.2857142857143,5.571428571428571
