date,Province_State,Country_Region,Combined_Key,Confirmed,Deaths,daily_deaths,daily_confirmed,daily_confirmed_7day_ma,daily_deaths_7day_ma
2020-01-22,Quebec,Canada,"Quebec, Canada",0,0,,,0.0,0.0
2020-01-23,Quebec,Canada,"Quebec, Canada",0,0,0.0,0.0,0.0,0.0
2020-01-24,Quebec,Canada,"Quebec, Canada",0,0,0.0,0.0,0.0,0.0
2020-01-25,Quebec,Canada,"Quebec, Canada",0,0,0.0,0.0,0.0,0.0
2020-01-26,Quebec,Canada,"Quebec, Canada",0,0,0.0,0.0,0.0,0.0
2020-01-27,Quebec,Canada,"Quebec, Canada",0,0,0.0,0.0,0.0,0.0
2020-01-28,Quebec,Canada,"Quebec, Canada",0,0,0.0,0.0,0.0,0.0
2020-01-29,Quebec,Canada,"Quebec, Canada",0,0,0.0,0.0,0.0,0.0
2020-01-30,Quebec,Canada,"Quebec, Canada",0,0,0.0,0.0,0.0,0.0
2020-01-31,Quebec,Canada,"Quebec, Canada",0,0,0.0,0.0,0.0,0.0
2020-02-01,Quebec,Canada,"Quebec, Canada",0,0,0.0,0.0,0.0,0.0
2020-02-02,Quebec,Canada,"Quebec, Canada",0,0,0.0,0.0,0.0,0.0
2020-02-03,Quebec,Canada,"Quebec, Canada",0,0,0.0,0.0,0.0,0.0
2020-02-04,Quebec,Canada,"Quebec, Canada",0,0,0.0,0.0,0.0,0.0
2020-02-05,Quebec,Canada,"Quebec, Canada",0,0,0.0,0.0,0.0,0.0
2020-02-06,Quebec,Canada,"Quebec, Canada",0,0,0.0,0.0,0.0,0.0
2020-02-07,Quebec,Canada,"Quebec, Canada",0,0,0.0,0.0,0.0,0.0
2020-02-08,Quebec,Canada,"Quebec, Canada",0,0,0.0,0.0,0.0,0.0
2020-02-09,Quebec,Canada,"Quebec, Canada",0,0,0.0,0.0,0.0,0.0
2020-02-10,Quebec,Canada,"Quebec, Canada",0,0,0.0,0.0,0.0,0.0
2020-02-11,Quebec,Canada,"Quebec, Canada",0,0,0.0,0.0,0.0,0.0
2020-02-12,Quebec,Canada,"Quebec, Canada",0,0,0.0,0.0,0.0,0.0
2020-02-13,Quebec,Canada,"Quebec, Canada",0,0,0.0,0.0,0.0,0.0
2020-02-14,Quebec,Canada,"Quebec, Canada",0,0,0.0,0.0,0.0,0.0
2020-02-15,Quebec,Canada,"Quebec, Canada",0,0,0.0,0.0,0.0,0.0
2020-02-16,Quebec,Canada,"Quebec, Canada",0,0,0.0,0.0,0.0,0.0
2020-02-17,Quebec,Canada,"Quebec, Canada",0,0,0.0,0.0,0.0,0.0
2020-02-18,Quebec,Canada,"Quebec, Canada",0,0,0.0,0.0,0.0,0.0
2020-02-19,Quebec,Canada,"Quebec, Canada",0,0,0.0,0.0,0.0,0.0
2020-02-20,Quebec,Canada,"Quebec, Canada",0,0,0.0,0.0,0.0,0.0
2020-02-21,Quebec,Canada,"Quebec, Canada",0,0,0.0,0.0,0.0,0.0
2020-02-22,Quebec,Canada,"Quebec, Canada",0,0,0.0,0.0,0.0,0.0
2020-02-23,Quebec,Canada,"Quebec, Canada",0,0,0.0,0.0,0.0,0.0
2020-02-24,Quebec,Canada,"Quebec, Canada",0,0,0.0,0.0,0.0,0.0
2020-02-25,Quebec,Canada,"Quebec, Canada",0,0,0.0,0.0,0.0,0.0
2020-02-26,Quebec,Canada,"Quebec, Canada",0,0,0.0,0.0,0.0,0.0
2020-02-27,Quebec,Canada,"Quebec, Canada",0,0,0.0,0.0,0.0,0.0
2020-02-28,Quebec,Canada,"Quebec, Canada",1,0,0.0,1.0,0.14285714285714285,0.0
2020-02-29,Quebec,Canada,"Quebec, Canada",1,0,0.0,0.0,0.14285714285714285,0.0
2020-03-01,Quebec,Canada,"Quebec, Canada",1,0,0.0,0.0,0.14285714285714285,0.0
2020-03-02,Quebec,Canada,"Quebec, Canada",1,0,0.0,0.0,0.14285714285714285,0.0
2020-03-03,Quebec,Canada,"Quebec, Canada",1,0,0.0,0.0,0.14285714285714285,0.0
2020-03-04,Quebec,Canada,"Quebec, Canada",1,0,0.0,0.0,0.14285714285714285,0.0
2020-03-05,Quebec,Canada,"Quebec, Canada",2,0,0.0,1.0,0.2857142857142857,0.0
2020-03-06,Quebec,Canada,"Quebec, Canada",2,0,0.0,0.0,0.14285714285714285,0.0
2020-03-07,Quebec,Canada,"Quebec, Canada",3,0,0.0,1.0,0.2857142857142857,0.0
2020-03-08,Quebec,Canada,"Quebec, Canada",4,0,0.0,1.0,0.42857142857142855,0.0
2020-03-09,Quebec,Canada,"Quebec, Canada",4,0,0.0,0.0,0.42857142857142855,0.0
2020-03-10,Quebec,Canada,"Quebec, Canada",4,0,0.0,0.0,0.42857142857142855,0.0
2020-03-11,Quebec,Canada,"Quebec, Canada",8,0,0.0,4.0,1.0,0.0
2020-03-12,Quebec,Canada,"Quebec, Canada",9,0,0.0,1.0,1.0,0.0
2020-03-13,Quebec,Canada,"Quebec, Canada",17,0,0.0,8.0,2.142857142857143,0.0
2020-03-14,Quebec,Canada,"Quebec, Canada",17,0,0.0,0.0,2.0,0.0
2020-03-15,Quebec,Canada,"Quebec, Canada",24,0,0.0,7.0,2.857142857142857,0.0
2020-03-16,Quebec,Canada,"Quebec, Canada",50,0,0.0,26.0,6.571428571428571,0.0
2020-03-17,Quebec,Canada,"Quebec, Canada",74,0,0.0,24.0,10.0,0.0
2020-03-18,Quebec,Canada,"Quebec, Canada",94,0,0.0,20.0,12.285714285714286,0.0
2020-03-19,Quebec,Canada,"Quebec, Canada",121,1,1.0,27.0,16.0,0.14285714285714285
2020-03-20,Quebec,Canada,"Quebec, Canada",139,1,0.0,18.0,17.428571428571427,0.14285714285714285
2020-03-21,Quebec,Canada,"Quebec, Canada",181,5,4.0,42.0,23.428571428571427,0.7142857142857143
2020-03-22,Quebec,Canada,"Quebec, Canada",219,4,-1.0,38.0,27.857142857142858,0.5714285714285714
2020-03-23,Quebec,Canada,"Quebec, Canada",628,4,0.0,409.0,82.57142857142857,0.5714285714285714
2020-03-24,Quebec,Canada,"Quebec, Canada",1013,4,0.0,385.0,134.14285714285714,0.5714285714285714
2020-03-25,Quebec,Canada,"Quebec, Canada",1342,6,2.0,329.0,178.28571428571428,0.8571428571428571
2020-03-26,Quebec,Canada,"Quebec, Canada",1632,8,2.0,290.0,215.85714285714286,1.0
2020-03-27,Quebec,Canada,"Quebec, Canada",2024,18,10.0,392.0,269.2857142857143,2.4285714285714284
2020-03-28,Quebec,Canada,"Quebec, Canada",2498,22,4.0,474.0,331.0,2.4285714285714284
2020-03-29,Quebec,Canada,"Quebec, Canada",2840,22,0.0,342.0,374.42857142857144,2.5714285714285716
2020-03-30,Quebec,Canada,"Quebec, Canada",3430,22,0.0,590.0,400.2857142857143,2.5714285714285716
2020-03-31,Quebec,Canada,"Quebec, Canada",4162,31,9.0,732.0,449.85714285714283,3.857142857142857
2020-04-01,Quebec,Canada,"Quebec, Canada",4611,33,2.0,449.0,467.0,3.857142857142857
2020-04-02,Quebec,Canada,"Quebec, Canada",5518,36,3.0,907.0,555.1428571428571,4.0
2020-04-03,Quebec,Canada,"Quebec, Canada",6101,61,25.0,583.0,582.4285714285714,6.142857142857143
2020-04-04,Quebec,Canada,"Quebec, Canada",6101,61,0.0,0.0,514.7142857142857,5.571428571428571
2020-04-05,Quebec,Canada,"Quebec, Canada",7944,75,14.0,1843.0,729.1428571428571,7.571428571428571
2020-04-06,Quebec,Canada,"Quebec, Canada",8580,121,46.0,636.0,735.7142857142857,14.142857142857142
2020-04-07,Quebec,Canada,"Quebec, Canada",9340,150,29.0,760.0,739.7142857142857,17.0
2020-04-08,Quebec,Canada,"Quebec, Canada",10031,175,25.0,691.0,774.2857142857143,20.285714285714285
2020-04-09,Quebec,Canada,"Quebec, Canada",10912,216,41.0,881.0,770.5714285714286,25.714285714285715
2020-04-10,Quebec,Canada,"Quebec, Canada",11677,241,25.0,765.0,796.5714285714286,25.714285714285715
2020-04-11,Quebec,Canada,"Quebec, Canada",12292,289,48.0,615.0,884.4285714285714,32.57142857142857
2020-04-12,Quebec,Canada,"Quebec, Canada",12846,328,39.0,554.0,700.2857142857143,36.142857142857146
2020-04-13,Quebec,Canada,"Quebec, Canada",13557,360,32.0,711.0,711.0,34.142857142857146
2020-04-14,Quebec,Canada,"Quebec, Canada",14248,435,75.0,691.0,701.1428571428571,40.714285714285715
2020-04-15,Quebec,Canada,"Quebec, Canada",14860,487,52.0,612.0,689.8571428571429,44.57142857142857
2020-04-16,Quebec,Canada,"Quebec, Canada",15857,630,143.0,997.0,706.4285714285714,59.142857142857146
2020-04-17,Quebec,Canada,"Quebec, Canada",16798,688,58.0,941.0,731.5714285714286,63.857142857142854
2020-04-18,Quebec,Canada,"Quebec, Canada",17521,688,0.0,723.0,747.0,57.0
2020-04-19,Quebec,Canada,"Quebec, Canada",17950,820,132.0,429.0,729.1428571428571,70.28571428571429
2020-04-20,Quebec,Canada,"Quebec, Canada",19319,939,119.0,1369.0,823.1428571428571,82.71428571428571
2020-04-21,Quebec,Canada,"Quebec, Canada",20126,1044,105.0,807.0,839.7142857142857,87.0
2020-04-22,Quebec,Canada,"Quebec, Canada",20965,1134,90.0,839.0,872.1428571428571,92.42857142857143
2020-04-23,Quebec,Canada,"Quebec, Canada",21838,1243,109.0,873.0,854.4285714285714,87.57142857142857
2020-04-24,Quebec,Canada,"Quebec, Canada",22616,1340,97.0,778.0,831.1428571428571,93.14285714285714
2020-04-25,Quebec,Canada,"Quebec, Canada",23267,1446,106.0,651.0,820.8571428571429,108.28571428571429
2020-04-26,Quebec,Canada,"Quebec, Canada",24109,1516,70.0,842.0,879.8571428571429,99.42857142857143
2020-04-27,Quebec,Canada,"Quebec, Canada",24983,1600,84.0,874.0,809.1428571428571,94.42857142857143
2020-04-28,Quebec,Canada,"Quebec, Canada",25761,1683,83.0,778.0,805.0,91.28571428571429
2020-04-29,Quebec,Canada,"Quebec, Canada",26610,1762,79.0,849.0,806.4285714285714,89.71428571428571
2020-04-30,Quebec,Canada,"Quebec, Canada",27550,1859,97.0,940.0,816.0,88.0
2020-05-01,Quebec,Canada,"Quebec, Canada",28656,2022,163.0,1106.0,862.8571428571429,97.42857142857143
2020-05-02,Quebec,Canada,"Quebec, Canada",29664,2136,114.0,1008.0,913.8571428571429,98.57142857142857
2020-05-03,Quebec,Canada,"Quebec, Canada",31873,2206,70.0,2209.0,1109.142857142857,98.57142857142857
2020-05-04,Quebec,Canada,"Quebec, Canada",32631,2281,75.0,758.0,1092.5714285714287,97.28571428571429
2020-05-05,Quebec,Canada,"Quebec, Canada",33425,2399,118.0,794.0,1094.857142857143,102.28571428571429
2020-05-06,Quebec,Canada,"Quebec, Canada",34334,2511,112.0,909.0,1103.4285714285713,107.0
2020-05-07,Quebec,Canada,"Quebec, Canada",35249,2632,121.0,915.0,1099.857142857143,110.42857142857143
2020-05-08,Quebec,Canada,"Quebec, Canada",36161,2726,94.0,912.0,1072.142857142857,100.57142857142857
2020-05-09,Quebec,Canada,"Quebec, Canada",36997,2787,61.0,836.0,1047.5714285714287,93.0
2020-05-10,Quebec,Canada,"Quebec, Canada",37732,2929,142.0,735.0,837.0,103.28571428571429
2020-05-11,Quebec,Canada,"Quebec, Canada",38480,3014,85.0,748.0,835.5714285714286,104.71428571428571
2020-05-12,Quebec,Canada,"Quebec, Canada",39235,3132,118.0,755.0,830.0,104.71428571428571
2020-05-13,Quebec,Canada,"Quebec, Canada",39940,3221,89.0,705.0,800.8571428571429,101.42857142857143
2020-05-14,Quebec,Canada,"Quebec, Canada",40732,3352,131.0,792.0,783.2857142857143,102.85714285714286
2020-05-15,Quebec,Canada,"Quebec, Canada",41429,3402,50.0,697.0,752.5714285714286,96.57142857142857
2020-05-16,Quebec,Canada,"Quebec, Canada",42192,3484,82.0,763.0,742.1428571428571,99.57142857142857
2020-05-17,Quebec,Canada,"Quebec, Canada",42928,3563,79.0,736.0,742.2857142857143,90.57142857142857
2020-05-18,Quebec,Canada,"Quebec, Canada",43636,3597,34.0,708.0,736.5714285714286,83.28571428571429
2020-05-19,Quebec,Canada,"Quebec, Canada",44206,3648,51.0,570.0,710.1428571428571,73.71428571428571
2020-05-20,Quebec,Canada,"Quebec, Canada",44784,3719,71.0,578.0,692.0,71.14285714285714
2020-05-21,Quebec,Canada,"Quebec, Canada",45504,3801,82.0,720.0,681.7142857142857,64.14285714285714
2020-05-22,Quebec,Canada,"Quebec, Canada",46150,3866,65.0,646.0,674.4285714285714,66.28571428571429
2020-05-23,Quebec,Canada,"Quebec, Canada",46847,3941,75.0,697.0,665.0,65.28571428571429
2020-05-24,Quebec,Canada,"Quebec, Canada",47420,3985,44.0,573.0,641.7142857142857,60.285714285714285
2020-05-25,Quebec,Canada,"Quebec, Canada",47993,4070,85.0,573.0,622.4285714285714,67.57142857142857
2020-05-26,Quebec,Canada,"Quebec, Canada",48607,4140,70.0,614.0,628.7142857142857,70.28571428571429
2020-05-27,Quebec,Canada,"Quebec, Canada",49148,4229,89.0,541.0,623.4285714285714,72.85714285714286
2020-05-28,Quebec,Canada,"Quebec, Canada",49711,4303,74.0,563.0,601.0,71.71428571428571
2020-05-29,Quebec,Canada,"Quebec, Canada",50232,4363,60.0,521.0,583.1428571428571,71.0
2020-05-30,Quebec,Canada,"Quebec, Canada",50651,4439,76.0,419.0,543.4285714285714,71.14285714285714
2020-05-31,Quebec,Canada,"Quebec, Canada",51059,4641,202.0,408.0,519.8571428571429,93.71428571428571
2020-06-01,Quebec,Canada,"Quebec, Canada",51354,4661,20.0,295.0,480.14285714285717,84.42857142857143
2020-06-02,Quebec,Canada,"Quebec, Canada",51593,4713,52.0,239.0,426.57142857142856,81.85714285714286
2020-06-03,Quebec,Canada,"Quebec, Canada",51884,4794,81.0,291.0,390.85714285714283,80.71428571428571
2020-06-04,Quebec,Canada,"Quebec, Canada",52143,4885,91.0,259.0,347.42857142857144,83.14285714285714
2020-06-05,Quebec,Canada,"Quebec, Canada",52398,4935,50.0,255.0,309.42857142857144,81.71428571428571
2020-06-06,Quebec,Canada,"Quebec, Canada",52624,4970,35.0,226.0,281.85714285714283,75.85714285714286
2020-06-07,Quebec,Canada,"Quebec, Canada",52849,4978,8.0,225.0,255.71428571428572,48.142857142857146
2020-06-08,Quebec,Canada,"Quebec, Canada",53047,4984,6.0,198.0,241.85714285714286,46.142857142857146
2020-06-09,Quebec,Canada,"Quebec, Canada",53185,5029,45.0,138.0,227.42857142857142,45.142857142857146
2020-06-10,Quebec,Canada,"Quebec, Canada",53341,5081,52.0,156.0,208.14285714285714,41.0
2020-06-11,Quebec,Canada,"Quebec, Canada",53485,5105,24.0,144.0,191.71428571428572,31.428571428571427
2020-06-12,Quebec,Canada,"Quebec, Canada",53666,5148,43.0,181.0,181.14285714285714,30.428571428571427
2020-06-13,Quebec,Canada,"Quebec, Canada",53824,5195,47.0,158.0,171.42857142857142,32.142857142857146
2020-06-14,Quebec,Canada,"Quebec, Canada",53952,5222,27.0,128.0,157.57142857142858,34.857142857142854
2020-06-15,Quebec,Canada,"Quebec, Canada",54054,5242,20.0,102.0,143.85714285714286,36.857142857142854
2020-06-16,Quebec,Canada,"Quebec, Canada",54146,5269,27.0,92.0,137.28571428571428,34.285714285714285
2020-06-17,Quebec,Canada,"Quebec, Canada",54263,5298,29.0,117.0,131.71428571428572,31.0
2020-06-18,Quebec,Canada,"Quebec, Canada",54383,5340,42.0,120.0,128.28571428571428,33.57142857142857
2020-06-19,Quebec,Canada,"Quebec, Canada",54550,5375,35.0,167.0,126.28571428571429,32.42857142857143
2020-06-20,Quebec,Canada,"Quebec, Canada",54674,5408,33.0,124.0,121.42857142857143,30.428571428571427
2020-06-21,Quebec,Canada,"Quebec, Canada",54766,5417,9.0,92.0,116.28571428571429,27.857142857142858
2020-06-22,Quebec,Canada,"Quebec, Canada",54835,5417,0.0,69.0,111.57142857142857,25.0
2020-06-23,Quebec,Canada,"Quebec, Canada",54884,5424,7.0,49.0,105.42857142857143,22.142857142857142
2020-06-24,Quebec,Canada,"Quebec, Canada",54937,5441,17.0,53.0,96.28571428571429,20.428571428571427
2020-06-25,Quebec,Canada,"Quebec, Canada",55079,5448,7.0,142.0,99.42857142857143,15.428571428571429
2020-06-26,Quebec,Canada,"Quebec, Canada",55079,5448,0.0,0.0,75.57142857142857,10.428571428571429
2020-06-27,Quebec,Canada,"Quebec, Canada",55079,5448,0.0,0.0,57.857142857142854,5.714285714285714
2020-06-28,Quebec,Canada,"Quebec, Canada",55079,5448,0.0,0.0,44.714285714285715,4.428571428571429
2020-06-29,Quebec,Canada,"Quebec, Canada",55390,5485,37.0,311.0,79.28571428571429,9.714285714285714
2020-06-30,Quebec,Canada,"Quebec, Canada",55458,5503,18.0,68.0,82.0,11.285714285714286
2020-07-01,Quebec,Canada,"Quebec, Canada",55524,5527,24.0,66.0,83.85714285714286,12.285714285714286
2020-07-02,Quebec,Canada,"Quebec, Canada",55593,5541,14.0,69.0,73.42857142857143,13.285714285714286
2020-07-03,Quebec,Canada,"Quebec, Canada",55682,5560,19.0,89.0,86.14285714285714,16.0
2020-07-04,Quebec,Canada,"Quebec, Canada",55784,5566,6.0,102.0,100.71428571428571,16.857142857142858
2020-07-05,Quebec,Canada,"Quebec, Canada",55863,5574,8.0,79.0,112.0,18.0
2020-07-06,Quebec,Canada,"Quebec, Canada",55937,5577,3.0,74.0,78.14285714285714,13.142857142857142
2020-07-07,Quebec,Canada,"Quebec, Canada",55997,5590,13.0,60.0,77.0,12.428571428571429
2020-07-08,Quebec,Canada,"Quebec, Canada",56079,5603,13.0,82.0,79.28571428571429,10.857142857142858
2020-07-09,Quebec,Canada,"Quebec, Canada",56216,5609,6.0,137.0,89.0,9.714285714285714
2020-07-10,Quebec,Canada,"Quebec, Canada",56316,5612,3.0,100.0,90.57142857142857,7.428571428571429
2020-07-11,Quebec,Canada,"Quebec, Canada",56407,5620,8.0,91.0,89.0,7.714285714285714
2020-07-12,Quebec,Canada,"Quebec, Canada",56521,5627,7.0,114.0,94.0,7.571428571428571
2020-07-13,Quebec,Canada,"Quebec, Canada",56621,5628,1.0,100.0,97.71428571428571,7.285714285714286
2020-07-14,Quebec,Canada,"Quebec, Canada",56730,5633,5.0,109.0,104.71428571428571,6.142857142857143
2020-07-15,Quebec,Canada,"Quebec, Canada",56859,5636,3.0,129.0,111.42857142857143,4.714285714285714
2020-07-16,Quebec,Canada,"Quebec, Canada",57001,5646,10.0,142.0,112.14285714285714,5.285714285714286
2020-07-17,Quebec,Canada,"Quebec, Canada",57142,5647,1.0,141.0,118.0,5.0
2020-07-18,Quebec,Canada,"Quebec, Canada",57300,5654,7.0,158.0,127.57142857142857,4.857142857142857
2020-07-19,Quebec,Canada,"Quebec, Canada",57466,5655,1.0,166.0,135.0,4.0
2020-07-20,Quebec,Canada,"Quebec, Canada",57616,5657,2.0,150.0,142.14285714285714,4.142857142857143
2020-07-21,Quebec,Canada,"Quebec, Canada",57796,5658,1.0,180.0,152.28571428571428,3.5714285714285716
2020-07-22,Quebec,Canada,"Quebec, Canada",57938,5662,4.0,142.0,154.14285714285714,3.7142857142857144
2020-07-23,Quebec,Canada,"Quebec, Canada",58080,5662,0.0,142.0,154.14285714285714,2.2857142857142856
2020-07-24,Quebec,Canada,"Quebec, Canada",58243,5663,1.0,163.0,157.28571428571428,2.2857142857142856
2020-07-25,Quebec,Canada,"Quebec, Canada",58414,5666,3.0,171.0,159.14285714285714,1.7142857142857142
2020-07-26,Quebec,Canada,"Quebec, Canada",58583,5667,1.0,169.0,159.57142857142858,1.7142857142857142
2020-07-27,Quebec,Canada,"Quebec, Canada",58728,5667,0.0,145.0,158.85714285714286,1.4285714285714286
2020-07-28,Quebec,Canada,"Quebec, Canada",58897,5670,3.0,169.0,157.28571428571428,1.7142857142857142
2020-07-29,Quebec,Canada,"Quebec, Canada",59073,5670,0.0,176.0,162.14285714285714,1.1428571428571428
2020-07-30,Quebec,Canada,"Quebec, Canada",59131,5673,3.0,58.0,150.14285714285714,1.5714285714285714
2020-07-31,Quebec,Canada,"Quebec, Canada",59312,5674,1.0,181.0,152.71428571428572,1.5714285714285714
2020-08-01,Quebec,Canada,"Quebec, Canada",59458,5678,4.0,146.0,149.14285714285714,1.7142857142857142
2020-08-02,Quebec,Canada,"Quebec, Canada",59599,5681,3.0,141.0,145.14285714285714,2.0
2020-08-03,Quebec,Canada,"Quebec, Canada",59722,5683,2.0,123.0,142.0,2.2857142857142856
2020-08-04,Quebec,Canada,"Quebec, Canada",59845,5685,2.0,123.0,135.42857142857142,2.142857142857143
2020-08-05,Quebec,Canada,"Quebec, Canada",60000,5687,2.0,155.0,132.42857142857142,2.4285714285714284
2020-08-06,Quebec,Canada,"Quebec, Canada",60133,5687,0.0,133.0,143.14285714285714,2.0
2020-08-07,Quebec,Canada,"Quebec, Canada",60241,5687,0.0,108.0,132.71428571428572,1.8571428571428572
2020-08-08,Quebec,Canada,"Quebec, Canada",60367,5692,5.0,126.0,129.85714285714286,2.0
2020-08-09,Quebec,Canada,"Quebec, Canada",60471,5695,3.0,104.0,124.57142857142857,2.0
2020-08-10,Quebec,Canada,"Quebec, Canada",60627,5696,1.0,156.0,129.28571428571428,1.8571428571428572
2020-08-11,Quebec,Canada,"Quebec, Canada",60718,5697,1.0,91.0,124.71428571428571,1.7142857142857142
2020-08-12,Quebec,Canada,"Quebec, Canada",60813,5709,12.0,95.0,116.14285714285714,3.142857142857143
2020-08-13,Quebec,Canada,"Quebec, Canada",60917,5715,6.0,104.0,112.0,4.0
2020-08-14,Quebec,Canada,"Quebec, Canada",61004,5718,3.0,87.0,109.0,4.428571428571429
2020-08-15,Quebec,Canada,"Quebec, Canada",61084,5719,1.0,80.0,102.42857142857143,3.857142857142857
2020-08-16,Quebec,Canada,"Quebec, Canada",61151,5720,1.0,67.0,97.14285714285714,3.5714285714285716
2020-08-17,Quebec,Canada,"Quebec, Canada",61206,5721,1.0,55.0,82.71428571428571,3.5714285714285716
2020-08-18,Quebec,Canada,"Quebec, Canada",61252,5727,6.0,46.0,76.28571428571429,4.285714285714286
2020-08-19,Quebec,Canada,"Quebec, Canada",61316,5729,2.0,64.0,71.85714285714286,2.857142857142857
2020-08-20,Quebec,Canada,"Quebec, Canada",61402,5730,1.0,86.0,69.28571428571429,2.142857142857143
2020-08-21,Quebec,Canada,"Quebec, Canada",61495,5733,3.0,93.0,70.14285714285714,2.142857142857143
2020-08-22,Quebec,Canada,"Quebec, Canada",61599,5739,6.0,104.0,73.57142857142857,2.857142857142857
2020-08-23,Quebec,Canada,"Quebec, Canada",61673,5740,1.0,74.0,74.57142857142857,2.857142857142857
2020-08-24,Quebec,Canada,"Quebec, Canada",61741,5744,4.0,68.0,76.42857142857143,3.2857142857142856
2020-08-25,Quebec,Canada,"Quebec, Canada",61803,5746,2.0,62.0,78.71428571428571,2.7142857142857144
2020-08-26,Quebec,Canada,"Quebec, Canada",61945,5747,1.0,142.0,89.85714285714286,2.5714285714285716
2020-08-27,Quebec,Canada,"Quebec, Canada",62056,5750,3.0,111.0,93.42857142857143,2.857142857142857
2020-08-28,Quebec,Canada,"Quebec, Canada",62124,5750,0.0,68.0,89.85714285714286,2.4285714285714284
2020-08-29,Quebec,Canada,"Quebec, Canada",62232,5755,5.0,108.0,90.42857142857143,2.2857142857142856
2020-08-30,Quebec,Canada,"Quebec, Canada",62352,5758,3.0,120.0,97.0,2.5714285714285716
2020-08-31,Quebec,Canada,"Quebec, Canada",62492,5760,2.0,140.0,107.28571428571429,2.2857142857142856
2020-09-01,Quebec,Canada,"Quebec, Canada",62614,5762,2.0,122.0,115.85714285714286,2.2857142857142856
2020-09-02,Quebec,Canada,"Quebec, Canada",62746,5764,2.0,132.0,114.42857142857143,2.4285714285714284
