date,Province_State,Country_Region,Combined_Key,Confirmed,Deaths,daily_deaths,daily_confirmed,daily_confirmed_7day_ma,daily_deaths_7day_ma
2020-01-22,Florida,US,"Miami-Dade, Florida, US",0,0,,,0.0,0.0
2020-01-23,Florida,US,"Miami-Dade, Florida, US",0,0,0.0,0.0,0.0,0.0
2020-01-24,Florida,US,"Miami-Dade, Florida, US",0,0,0.0,0.0,0.0,0.0
2020-01-25,Florida,US,"Miami-Dade, Florida, US",0,0,0.0,0.0,0.0,0.0
2020-01-26,Florida,US,"Miami-Dade, Florida, US",0,0,0.0,0.0,0.0,0.0
2020-01-27,Florida,US,"Miami-Dade, Florida, US",0,0,0.0,0.0,0.0,0.0
2020-01-28,Florida,US,"Miami-Dade, Florida, US",0,0,0.0,0.0,0.0,0.0
2020-01-29,Florida,US,"Miami-Dade, Florida, US",0,0,0.0,0.0,0.0,0.0
2020-01-30,Florida,US,"Miami-Dade, Florida, US",0,0,0.0,0.0,0.0,0.0
2020-01-31,Florida,US,"Miami-Dade, Florida, US",0,0,0.0,0.0,0.0,0.0
2020-02-01,Florida,US,"Miami-Dade, Florida, US",0,0,0.0,0.0,0.0,0.0
2020-02-02,Florida,US,"Miami-Dade, Florida, US",0,0,0.0,0.0,0.0,0.0
2020-02-03,Florida,US,"Miami-Dade, Florida, US",0,0,0.0,0.0,0.0,0.0
2020-02-04,Florida,US,"Miami-Dade, Florida, US",0,0,0.0,0.0,0.0,0.0
2020-02-05,Florida,US,"Miami-Dade, Florida, US",0,0,0.0,0.0,0.0,0.0
2020-02-06,Florida,US,"Miami-Dade, Florida, US",0,0,0.0,0.0,0.0,0.0
2020-02-07,Florida,US,"Miami-Dade, Florida, US",0,0,0.0,0.0,0.0,0.0
2020-02-08,Florida,US,"Miami-Dade, Florida, US",0,0,0.0,0.0,0.0,0.0
2020-02-09,Florida,US,"Miami-Dade, Florida, US",0,0,0.0,0.0,0.0,0.0
2020-02-10,Florida,US,"Miami-Dade, Florida, US",0,0,0.0,0.0,0.0,0.0
2020-02-11,Florida,US,"Miami-Dade, Florida, US",0,0,0.0,0.0,0.0,0.0
2020-02-12,Florida,US,"Miami-Dade, Florida, US",0,0,0.0,0.0,0.0,0.0
2020-02-13,Florida,US,"Miami-Dade, Florida, US",0,0,0.0,0.0,0.0,0.0
2020-02-14,Florida,US,"Miami-Dade, Florida, US",0,0,0.0,0.0,0.0,0.0
2020-02-15,Florida,US,"Miami-Dade, Florida, US",0,0,0.0,0.0,0.0,0.0
2020-02-16,Florida,US,"Miami-Dade, Florida, US",0,0,0.0,0.0,0.0,0.0
2020-02-17,Florida,US,"Miami-Dade, Florida, US",0,0,0.0,0.0,0.0,0.0
2020-02-18,Florida,US,"Miami-Dade, Florida, US",0,0,0.0,0.0,0.0,0.0
2020-02-19,Florida,US,"Miami-Dade, Florida, US",0,0,0.0,0.0,0.0,0.0
2020-02-20,Florida,US,"Miami-Dade, Florida, US",0,0,0.0,0.0,0.0,0.0
2020-02-21,Florida,US,"Miami-Dade, Florida, US",0,0,0.0,0.0,0.0,0.0
2020-02-22,Florida,US,"Miami-Dade, Florida, US",0,0,0.0,0.0,0.0,0.0
2020-02-23,Florida,US,"Miami-Dade, Florida, US",0,0,0.0,0.0,0.0,0.0
2020-02-24,Florida,US,"Miami-Dade, Florida, US",0,0,0.0,0.0,0.0,0.0
2020-02-25,Florida,US,"Miami-Dade, Florida, US",0,0,0.0,0.0,0.0,0.0
2020-02-26,Florida,US,"Miami-Dade, Florida, US",0,0,0.0,0.0,0.0,0.0
2020-02-27,Florida,US,"Miami-Dade, Florida, US",0,0,0.0,0.0,0.0,0.0
2020-02-28,Florida,US,"Miami-Dade, Florida, US",0,0,0.0,0.0,0.0,0.0
2020-02-29,Florida,US,"Miami-Dade, Florida, US",0,0,0.0,0.0,0.0,0.0
2020-03-01,Florida,US,"Miami-Dade, Florida, US",0,0,0.0,0.0,0.0,0.0
2020-03-02,Florida,US,"Miami-Dade, Florida, US",0,0,0.0,0.0,0.0,0.0
2020-03-03,Florida,US,"Miami-Dade, Florida, US",0,0,0.0,0.0,0.0,0.0
2020-03-04,Florida,US,"Miami-Dade, Florida, US",0,0,0.0,0.0,0.0,0.0
2020-03-05,Florida,US,"Miami-Dade, Florida, US",0,0,0.0,0.0,0.0,0.0
2020-03-06,Florida,US,"Miami-Dade, Florida, US",0,0,0.0,0.0,0.0,0.0
2020-03-07,Florida,US,"Miami-Dade, Florida, US",0,0,0.0,0.0,0.0,0.0
2020-03-08,Florida,US,"Miami-Dade, Florida, US",0,0,0.0,0.0,0.0,0.0
2020-03-09,Florida,US,"Miami-Dade, Florida, US",0,0,0.0,0.0,0.0,0.0
2020-03-10,Florida,US,"Miami-Dade, Florida, US",0,0,0.0,0.0,0.0,0.0
2020-03-11,Florida,US,"Miami-Dade, Florida, US",0,0,0.0,0.0,0.0,0.0
2020-03-12,Florida,US,"Miami-Dade, Florida, US",1,0,0.0,1.0,0.14285714285714285,0.0
2020-03-13,Florida,US,"Miami-Dade, Florida, US",2,0,0.0,1.0,0.2857142857142857,0.0
2020-03-14,Florida,US,"Miami-Dade, Florida, US",8,0,0.0,6.0,1.1428571428571428,0.0
2020-03-15,Florida,US,"Miami-Dade, Florida, US",13,0,0.0,5.0,1.8571428571428572,0.0
2020-03-16,Florida,US,"Miami-Dade, Florida, US",13,0,0.0,0.0,1.8571428571428572,0.0
2020-03-17,Florida,US,"Miami-Dade, Florida, US",40,0,0.0,27.0,5.714285714285714,0.0
2020-03-18,Florida,US,"Miami-Dade, Florida, US",76,0,0.0,36.0,10.857142857142858,0.0
2020-03-19,Florida,US,"Miami-Dade, Florida, US",101,0,0.0,25.0,14.285714285714286,0.0
2020-03-20,Florida,US,"Miami-Dade, Florida, US",124,0,0.0,23.0,17.428571428571427,0.0
2020-03-21,Florida,US,"Miami-Dade, Florida, US",169,0,0.0,45.0,23.0,0.0
2020-03-22,Florida,US,"Miami-Dade, Florida, US",227,0,0.0,58.0,30.571428571428573,0.0
2020-03-23,Florida,US,"Miami-Dade, Florida, US",278,0,0.0,51.0,37.857142857142854,0.0
2020-03-24,Florida,US,"Miami-Dade, Florida, US",338,0,0.0,60.0,42.57142857142857,0.0
2020-03-25,Florida,US,"Miami-Dade, Florida, US",400,0,0.0,62.0,46.285714285714285,0.0
2020-03-26,Florida,US,"Miami-Dade, Florida, US",616,0,0.0,216.0,73.57142857142857,0.0
2020-03-27,Florida,US,"Miami-Dade, Florida, US",763,1,1.0,147.0,91.28571428571429,0.14285714285714285
2020-03-28,Florida,US,"Miami-Dade, Florida, US",1003,2,1.0,240.0,119.14285714285714,0.2857142857142857
2020-03-29,Florida,US,"Miami-Dade, Florida, US",1192,3,1.0,189.0,137.85714285714286,0.42857142857142855
2020-03-30,Florida,US,"Miami-Dade, Florida, US",1632,3,0.0,440.0,193.42857142857142,0.42857142857142855
2020-03-31,Florida,US,"Miami-Dade, Florida, US",2123,7,4.0,491.0,255.0,1.0
2020-04-01,Florida,US,"Miami-Dade, Florida, US",2202,7,0.0,79.0,257.42857142857144,1.0
2020-04-02,Florida,US,"Miami-Dade, Florida, US",2886,20,13.0,684.0,324.2857142857143,2.857142857142857
2020-04-03,Florida,US,"Miami-Dade, Florida, US",3364,25,5.0,478.0,371.57142857142856,3.4285714285714284
2020-04-04,Florida,US,"Miami-Dade, Florida, US",3890,31,6.0,526.0,412.42857142857144,4.142857142857143
2020-04-05,Florida,US,"Miami-Dade, Florida, US",4146,31,0.0,256.0,422.0,4.0
2020-04-06,Florida,US,"Miami-Dade, Florida, US",4481,37,6.0,335.0,407.0,4.857142857142857
2020-04-07,Florida,US,"Miami-Dade, Florida, US",4997,41,4.0,516.0,410.57142857142856,4.857142857142857
2020-04-08,Florida,US,"Miami-Dade, Florida, US",5354,49,8.0,357.0,450.2857142857143,6.0
2020-04-09,Florida,US,"Miami-Dade, Florida, US",5745,62,13.0,391.0,408.42857142857144,6.0
2020-04-10,Florida,US,"Miami-Dade, Florida, US",6119,74,12.0,374.0,393.57142857142856,7.0
2020-04-11,Florida,US,"Miami-Dade, Florida, US",6487,91,17.0,368.0,371.0,8.571428571428571
2020-04-12,Florida,US,"Miami-Dade, Florida, US",7058,97,6.0,571.0,416.0,9.428571428571429
2020-04-13,Florida,US,"Miami-Dade, Florida, US",7459,109,12.0,401.0,425.42857142857144,10.285714285714286
2020-04-14,Florida,US,"Miami-Dade, Florida, US",7712,125,16.0,253.0,387.85714285714283,12.0
2020-04-15,Florida,US,"Miami-Dade, Florida, US",8066,146,21.0,354.0,387.42857142857144,13.857142857142858
2020-04-16,Florida,US,"Miami-Dade, Florida, US",8326,183,37.0,260.0,368.7142857142857,17.285714285714285
2020-04-17,Florida,US,"Miami-Dade, Florida, US",8824,195,12.0,498.0,386.42857142857144,17.285714285714285
2020-04-18,Florida,US,"Miami-Dade, Florida, US",9045,198,3.0,221.0,365.42857142857144,15.285714285714286
2020-04-19,Florida,US,"Miami-Dade, Florida, US",9354,207,9.0,309.0,328.0,15.714285714285714
2020-04-20,Florida,US,"Miami-Dade, Florida, US",9657,223,16.0,303.0,314.0,16.285714285714285
2020-04-21,Florida,US,"Miami-Dade, Florida, US",10056,233,10.0,399.0,334.85714285714283,15.428571428571429
2020-04-22,Florida,US,"Miami-Dade, Florida, US",10153,240,7.0,97.0,298.14285714285717,13.428571428571429
2020-04-23,Florida,US,"Miami-Dade, Florida, US",10588,270,30.0,435.0,323.14285714285717,12.428571428571429
2020-04-24,Florida,US,"Miami-Dade, Florida, US",10926,287,17.0,338.0,300.2857142857143,13.142857142857142
2020-04-25,Florida,US,"Miami-Dade, Florida, US",11005,295,8.0,79.0,280.0,13.857142857142858
2020-04-26,Florida,US,"Miami-Dade, Florida, US",11351,301,6.0,346.0,285.2857142857143,13.428571428571429
2020-04-27,Florida,US,"Miami-Dade, Florida, US",11570,302,1.0,219.0,273.2857142857143,11.285714285714286
2020-04-28,Florida,US,"Miami-Dade, Florida, US",11831,324,22.0,261.0,253.57142857142858,13.0
2020-04-29,Florida,US,"Miami-Dade, Florida, US",11927,338,14.0,96.0,253.42857142857142,14.0
2020-04-30,Florida,US,"Miami-Dade, Florida, US",12063,352,14.0,136.0,210.71428571428572,11.714285714285714
2020-05-01,Florida,US,"Miami-Dade, Florida, US",12389,358,6.0,326.0,209.0,10.142857142857142
2020-05-02,Florida,US,"Miami-Dade, Florida, US",12632,367,9.0,243.0,232.42857142857142,10.285714285714286
2020-05-03,Florida,US,"Miami-Dade, Florida, US",12775,369,2.0,143.0,203.42857142857142,9.714285714285714
2020-05-04,Florida,US,"Miami-Dade, Florida, US",13092,378,9.0,317.0,217.42857142857142,10.857142857142858
2020-05-05,Florida,US,"Miami-Dade, Florida, US",13224,407,29.0,132.0,199.0,11.857142857142858
2020-05-06,Florida,US,"Miami-Dade, Florida, US",13371,432,25.0,147.0,206.28571428571428,13.428571428571429
2020-05-07,Florida,US,"Miami-Dade, Florida, US",13585,454,22.0,214.0,217.42857142857142,14.571428571428571
2020-05-08,Florida,US,"Miami-Dade, Florida, US",13664,468,14.0,79.0,182.14285714285714,15.714285714285714
2020-05-09,Florida,US,"Miami-Dade, Florida, US",13841,482,14.0,177.0,172.71428571428572,16.428571428571427
2020-05-10,Florida,US,"Miami-Dade, Florida, US",14007,487,5.0,166.0,176.0,16.857142857142858
2020-05-11,Florida,US,"Miami-Dade, Florida, US",14167,490,3.0,160.0,153.57142857142858,16.0
2020-05-12,Florida,US,"Miami-Dade, Florida, US",14385,505,15.0,218.0,165.85714285714286,14.0
2020-05-13,Florida,US,"Miami-Dade, Florida, US",14468,518,13.0,83.0,156.71428571428572,12.285714285714286
2020-05-14,Florida,US,"Miami-Dade, Florida, US",14742,535,17.0,274.0,165.28571428571428,11.571428571428571
2020-05-15,Florida,US,"Miami-Dade, Florida, US",15011,548,13.0,269.0,192.42857142857142,11.428571428571429
2020-05-16,Florida,US,"Miami-Dade, Florida, US",15366,559,11.0,355.0,217.85714285714286,11.0
2020-05-17,Florida,US,"Miami-Dade, Florida, US",15658,561,2.0,292.0,235.85714285714286,10.571428571428571
2020-05-18,Florida,US,"Miami-Dade, Florida, US",15864,566,5.0,206.0,242.42857142857142,10.857142857142858
2020-05-19,Florida,US,"Miami-Dade, Florida, US",15942,578,12.0,78.0,222.42857142857142,10.428571428571429
2020-05-20,Florida,US,"Miami-Dade, Florida, US",16034,589,11.0,92.0,223.71428571428572,10.142857142857142
2020-05-21,Florida,US,"Miami-Dade, Florida, US",16367,602,13.0,333.0,232.14285714285714,9.571428571428571
2020-05-22,Florida,US,"Miami-Dade, Florida, US",16522,614,12.0,155.0,215.85714285714286,9.428571428571429
2020-05-23,Florida,US,"Miami-Dade, Florida, US",16694,629,15.0,172.0,189.71428571428572,10.0
2020-05-24,Florida,US,"Miami-Dade, Florida, US",16845,631,2.0,151.0,169.57142857142858,10.0
2020-05-25,Florida,US,"Miami-Dade, Florida, US",17041,633,2.0,196.0,168.14285714285714,9.571428571428571
2020-05-26,Florida,US,"Miami-Dade, Florida, US",17168,633,0.0,127.0,175.14285714285714,7.857142857142857
2020-05-27,Florida,US,"Miami-Dade, Florida, US",17225,655,22.0,57.0,170.14285714285714,9.428571428571429
2020-05-28,Florida,US,"Miami-Dade, Florida, US",17396,669,14.0,171.0,147.0,9.571428571428571
2020-05-29,Florida,US,"Miami-Dade, Florida, US",17641,685,16.0,245.0,159.85714285714286,10.142857142857142
2020-05-30,Florida,US,"Miami-Dade, Florida, US",17826,700,15.0,185.0,161.71428571428572,10.142857142857142
2020-05-31,Florida,US,"Miami-Dade, Florida, US",18000,700,0.0,174.0,165.0,9.857142857142858
2020-06-01,Florida,US,"Miami-Dade, Florida, US",18139,702,2.0,139.0,156.85714285714286,9.857142857142858
2020-06-02,Florida,US,"Miami-Dade, Florida, US",18224,722,20.0,85.0,150.85714285714286,12.714285714285714
2020-06-03,Florida,US,"Miami-Dade, Florida, US",18456,731,9.0,232.0,175.85714285714286,10.857142857142858
2020-06-04,Florida,US,"Miami-Dade, Florida, US",18779,746,15.0,323.0,197.57142857142858,11.0
2020-06-05,Florida,US,"Miami-Dade, Florida, US",19056,760,14.0,277.0,202.14285714285714,10.714285714285714
2020-06-06,Florida,US,"Miami-Dade, Florida, US",19299,765,5.0,243.0,210.42857142857142,9.285714285714286
2020-06-07,Florida,US,"Miami-Dade, Florida, US",19547,765,0.0,248.0,221.0,9.285714285714286
2020-06-08,Florida,US,"Miami-Dade, Florida, US",19756,767,2.0,209.0,231.0,9.285714285714286
2020-06-09,Florida,US,"Miami-Dade, Florida, US",19980,774,7.0,224.0,250.85714285714286,7.428571428571429
2020-06-10,Florida,US,"Miami-Dade, Florida, US",20277,784,10.0,297.0,260.14285714285717,7.571428571428571
2020-06-11,Florida,US,"Miami-Dade, Florida, US",20548,798,14.0,271.0,252.71428571428572,7.428571428571429
2020-06-12,Florida,US,"Miami-Dade, Florida, US",20872,809,11.0,324.0,259.42857142857144,7.0
2020-06-13,Florida,US,"Miami-Dade, Florida, US",21633,822,13.0,761.0,333.42857142857144,8.142857142857142
2020-06-14,Florida,US,"Miami-Dade, Florida, US",21917,825,3.0,284.0,338.57142857142856,8.571428571428571
2020-06-15,Florida,US,"Miami-Dade, Florida, US",22197,826,1.0,280.0,348.7142857142857,8.428571428571429
2020-06-16,Florida,US,"Miami-Dade, Florida, US",22741,847,21.0,544.0,394.42857142857144,10.428571428571429
2020-06-17,Florida,US,"Miami-Dade, Florida, US",23273,850,3.0,532.0,428.0,9.428571428571429
2020-06-18,Florida,US,"Miami-Dade, Florida, US",23854,859,9.0,581.0,472.2857142857143,8.714285714285714
2020-06-19,Florida,US,"Miami-Dade, Florida, US",24376,864,5.0,522.0,500.57142857142856,7.857142857142857
2020-06-20,Florida,US,"Miami-Dade, Florida, US",25080,874,10.0,704.0,492.42857142857144,7.428571428571429
2020-06-21,Florida,US,"Miami-Dade, Florida, US",25790,884,10.0,710.0,553.2857142857143,8.428571428571429
2020-06-22,Florida,US,"Miami-Dade, Florida, US",26239,884,0.0,449.0,577.4285714285714,8.285714285714286
2020-06-23,Florida,US,"Miami-Dade, Florida, US",26822,902,18.0,583.0,583.0,7.857142857142857
2020-06-24,Florida,US,"Miami-Dade, Florida, US",27779,926,24.0,957.0,643.7142857142857,10.857142857142858
2020-06-25,Florida,US,"Miami-Dade, Florida, US",28664,935,9.0,885.0,687.1428571428571,10.857142857142858
2020-06-26,Florida,US,"Miami-Dade, Florida, US",30196,946,11.0,1532.0,831.4285714285714,11.714285714285714
2020-06-27,Florida,US,"Miami-Dade, Florida, US",31562,947,1.0,1366.0,926.0,10.428571428571429
2020-06-28,Florida,US,"Miami-Dade, Florida, US",33714,953,6.0,2152.0,1132.0,9.857142857142858
2020-06-29,Florida,US,"Miami-Dade, Florida, US",35222,975,22.0,1508.0,1283.2857142857142,13.0
2020-06-30,Florida,US,"Miami-Dade, Florida, US",36820,991,16.0,1598.0,1428.2857142857142,12.714285714285714
2020-07-01,Florida,US,"Miami-Dade, Florida, US",37961,1000,9.0,1141.0,1454.5714285714287,10.571428571428571
2020-07-02,Florida,US,"Miami-Dade, Florida, US",40265,1018,18.0,2304.0,1657.2857142857142,11.857142857142858
2020-07-03,Florida,US,"Miami-Dade, Florida, US",42311,1034,16.0,2046.0,1730.7142857142858,12.571428571428571
2020-07-04,Florida,US,"Miami-Dade, Florida, US",44729,1038,4.0,2418.0,1881.0,13.0
2020-07-05,Florida,US,"Miami-Dade, Florida, US",47011,1043,5.0,2282.0,1899.5714285714287,12.857142857142858
2020-07-06,Florida,US,"Miami-Dade, Florida, US",48992,1051,8.0,1981.0,1967.142857142857,10.857142857142858
2020-07-07,Florida,US,"Miami-Dade, Florida, US",51058,1057,6.0,2066.0,2034.0,9.428571428571429
2020-07-08,Florida,US,"Miami-Dade, Florida, US",53974,1068,11.0,2916.0,2287.5714285714284,9.714285714285714
2020-07-09,Florida,US,"Miami-Dade, Florida, US",55961,1092,24.0,1987.0,2242.285714285714,10.571428571428571
2020-07-10,Florida,US,"Miami-Dade, Florida, US",58341,1118,26.0,2380.0,2290.0,12.0
2020-07-11,Florida,US,"Miami-Dade, Florida, US",60868,1132,14.0,2527.0,2305.5714285714284,13.428571428571429
2020-07-12,Florida,US,"Miami-Dade, Florida, US",64444,1139,7.0,3576.0,2490.4285714285716,13.714285714285714
2020-07-13,Florida,US,"Miami-Dade, Florida, US",67713,1143,4.0,3269.0,2674.4285714285716,13.142857142857142
2020-07-14,Florida,US,"Miami-Dade, Florida, US",69803,1175,32.0,2090.0,2677.8571428571427,16.857142857142858
2020-07-15,Florida,US,"Miami-Dade, Florida, US",72317,1202,27.0,2514.0,2620.4285714285716,19.142857142857142
2020-07-16,Florida,US,"Miami-Dade, Florida, US",75425,1246,44.0,3108.0,2780.5714285714284,22.0
2020-07-17,Florida,US,"Miami-Dade, Florida, US",77867,1270,24.0,2442.0,2789.4285714285716,21.714285714285715
2020-07-18,Florida,US,"Miami-Dade, Florida, US",81026,1274,4.0,3159.0,2879.714285714286,20.285714285714285
2020-07-19,Florida,US,"Miami-Dade, Florida, US",84238,1302,28.0,3212.0,2827.714285714286,23.285714285714285
2020-07-20,Florida,US,"Miami-Dade, Florida, US",87035,1309,7.0,2797.0,2760.285714285714,23.714285714285715
2020-07-21,Florida,US,"Miami-Dade, Florida, US",89557,1325,16.0,2522.0,2822.0,21.428571428571427
2020-07-22,Florida,US,"Miami-Dade, Florida, US",92345,1342,17.0,2788.0,2861.1428571428573,20.0
2020-07-23,Florida,US,"Miami-Dade, Florida, US",95068,1354,12.0,2723.0,2806.1428571428573,15.428571428571429
2020-07-24,Florida,US,"Miami-Dade, Florida, US",98430,1370,16.0,3362.0,2937.5714285714284,14.285714285714286
2020-07-25,Florida,US,"Miami-Dade, Florida, US",101854,1379,9.0,3424.0,2975.4285714285716,15.0
2020-07-26,Florida,US,"Miami-Dade, Florida, US",104755,1388,9.0,2901.0,2931.0,12.285714285714286
2020-07-27,Florida,US,"Miami-Dade, Florida, US",107315,1404,16.0,2560.0,2897.1428571428573,13.571428571428571
2020-07-28,Florida,US,"Miami-Dade, Florida, US",110352,1425,21.0,3037.0,2970.714285714286,14.285714285714286
2020-07-29,Florida,US,"Miami-Dade, Florida, US",113143,1455,30.0,2791.0,2971.1428571428573,16.142857142857142
2020-07-30,Florida,US,"Miami-Dade, Florida, US",115916,1515,60.0,2773.0,2978.285714285714,23.0
2020-07-31,Florida,US,"Miami-Dade, Florida, US",118462,1611,96.0,2546.0,2861.714285714286,34.42857142857143
2020-08-01,Florida,US,"Miami-Dade, Florida, US",121207,1647,36.0,2745.0,2764.714285714286,38.285714285714285
2020-08-02,Florida,US,"Miami-Dade, Florida, US",122690,1669,22.0,1483.0,2562.1428571428573,40.142857142857146
2020-08-03,Florida,US,"Miami-Dade, Florida, US",123644,1694,25.0,954.0,2332.714285714286,41.42857142857143
2020-08-04,Florida,US,"Miami-Dade, Florida, US",124759,1724,30.0,1115.0,2058.1428571428573,42.714285714285715
2020-08-05,Florida,US,"Miami-Dade, Florida, US",125949,1775,51.0,1190.0,1829.4285714285713,45.714285714285715
2020-08-06,Florida,US,"Miami-Dade, Florida, US",127677,1784,9.0,1728.0,1680.142857142857,38.42857142857143
2020-08-07,Florida,US,"Miami-Dade, Florida, US",129409,1809,25.0,1732.0,1563.857142857143,28.285714285714285
