date,actual_deaths,total_deaths,predicted_deaths_mean,predicted_deaths_lower,predicted_deaths_upper,predicted_total_deaths_mean,predicted_total_deaths_lower,predicted_total_deaths_upper
2020-02-22,,,,,,,,
2020-02-23,,,,,,,,
2020-02-24,,,,,,,,
2020-02-25,,,,,,,,
2020-02-26,,,,,,,,
2020-02-27,,,,,,,,
2020-02-28,,,,,,,,
2020-02-29,,,,,,,,
2020-03-01,,,,,,,,
2020-03-02,,,,,,,,
2020-03-03,,,,,,,,
2020-03-04,,,,,,,,
2020-03-05,,,,,,,,
2020-03-06,,,,,,,,
2020-03-07,,,,,,,,
2020-03-08,,,,,,,,
2020-03-09,,,,,,,,
2020-03-10,,,,,,,,
2020-03-11,,,,,,,,
2020-03-12,,,,,,,,
2020-03-13,,,,,,,,
2020-03-14,,,,,,,,
2020-03-15,,,,,,,,
2020-03-16,,,,,,,,
2020-03-17,1,1,,,,,,
2020-03-18,2,3,,,,,,
2020-03-19,3,6,,,,,,
2020-03-20,5,11,,,,,,
2020-03-21,4,15,,,,,,
2020-03-22,10,25,,,,,,
2020-03-23,9,34,,,,,,
2020-03-24,12,46,,,,,,
2020-03-25,13,59,,,,,,
2020-03-26,18,77,,,,,,
2020-03-27,15,92,,,,,,
2020-03-28,19,111,,,,,,
2020-03-29,25,136,,,,,,
2020-03-30,23,159,,,,,,
2020-03-31,42,201,,,,,,
2020-04-01,39,240,,,,,,
2020-04-02,84,324,,,,,,
2020-04-03,35,359,,,,,,
2020-04-04,86,445,,,,,,
2020-04-05,41,486,,,,,,
2020-04-06,78,564,,,,,,
2020-04-07,122,686,,,,,,
2020-04-08,133,819,,,,,,
2020-04-09,,,153,141,157,972,960,976
2020-04-10,,,178,160,184,1149,1121,1160
2020-04-11,,,206,180,221,1355,1301,1381
2020-04-12,,,238,202,265,1593,1504,1646
2020-04-13,,,274,225,317,1867,1729,1963
2020-04-14,,,314,248,380,2182,1977,2343
2020-04-15,,,358,269,454,2540,2246,2797
2020-04-16,,,405,291,542,2944,2538,3339
2020-04-17,,,454,312,645,3399,2850,3984
2020-04-18,,,505,325,764,3903,3175,4748
2020-04-19,,,555,333,901,4458,3508,5648
2020-04-20,,,603,336,1054,5060,3845,6702
2020-04-21,,,647,327,1217,5707,4172,7919
2020-04-22,,,685,313,1386,6393,4485,9305
2020-04-23,,,716,297,1542,7109,4782,10847
2020-04-24,,,738,281,1676,7848,5062,12523
2020-04-25,,,751,261,1784,8598,5324,14307
2020-04-26,,,753,236,1860,9352,5560,16167
2020-04-27,,,746,213,1917,10098,5774,18085
2020-04-28,,,730,189,1942,10828,5962,20026
2020-04-29,,,707,170,1932,11535,6133,21958
2020-04-30,,,678,152,1896,12213,6285,23854
2020-05-01,,,645,135,1839,12859,6420,25693
2020-05-02,,,610,119,1707,13468,6540,27400
2020-05-03,,,573,105,1571,14042,6645,28971
2020-05-04,,,537,93,1463,14578,6738,30434
2020-05-05,,,501,82,1316,15080,6819,31750
2020-05-06,,,467,71,1236,15547,6891,32986
2020-05-07,,,435,63,1212,15982,6954,34198
2020-05-08,,,405,56,1151,16388,7010,35350
2020-05-09,,,377,49,1096,16765,7059,36446
2020-05-10,,,351,44,1024,17115,7103,37470
2020-05-11,,,326,38,960,17442,7142,38429
2020-05-12,,,304,34,920,17745,7176,39350
2020-05-13,,,283,30,883,18028,7206,40233
2020-05-14,,,264,26,841,18292,7232,41075
2020-05-15,,,246,23,801,18538,7255,41875
2020-05-16,,,229,20,769,18767,7276,42644
2020-05-17,,,214,18,738,18982,7294,43382
2020-05-18,,,200,16,708,19182,7310,44090
2020-05-19,,,187,15,678,19369,7325,44768
2020-05-20,,,175,13,649,19544,7338,45418
2020-05-21,,,164,12,622,19708,7351,46039
2020-05-22,,,154,11,595,19862,7362,46634
2020-05-23,,,144,10,569,20006,7372,47203
2020-05-24,,,135,9,536,20141,7381,47739
2020-05-25,,,127,8,505,20269,7389,48244
2020-05-26,,,119,7,481,20388,7396,48726
2020-05-27,,,112,7,459,20500,7403,49185
2020-05-28,,,106,6,439,20606,7409,49624
2020-05-29,,,100,6,421,20706,7415,50045
2020-05-30,,,94,5,403,20799,7420,50448
2020-05-31,,,88,5,386,20888,7425,50833
2020-06-01,,,83,4,369,20971,7429,51202
2020-06-02,,,79,4,353,21050,7433,51555
2020-06-03,,,74,4,338,21124,7437,51893
2020-06-04,,,70,3,324,21194,7440,52218
2020-06-05,,,66,3,310,21261,7443,52528
2020-06-06,,,63,3,297,21323,7446,52825
2020-06-07,,,59,3,284,21383,7449,53109
2020-06-08,,,56,2,272,21439,7451,53381
2020-06-09,,,53,2,260,21492,7453,53641
2020-06-10,,,50,2,249,21542,7455,53890
2020-06-11,,,48,2,238,21590,7457,54128
2020-06-12,,,45,1,228,21635,7458,54357
2020-06-13,,,43,1,218,21677,7459,54575
2020-06-14,,,40,1,209,21718,7460,54784
2020-06-15,,,38,1,201,21756,7461,54985
2020-06-16,,,36,1,192,21792,7462,55176
2020-06-17,,,34,1,184,21827,7463,55360
2020-06-18,,,33,1,176,21860,7464,55536
2020-06-19,,,31,1,168,21890,7465,55704
2020-06-20,,,29,0,161,21920,7466,55864
2020-06-21,,,28,0,154,21948,7466,56018
2020-06-22,,,26,0,147,21974,7466,56166
2020-06-23,,,25,0,141,21999,7466,56307
2020-06-24,,,24,0,134,22023,7466,56441
2020-06-25,,,22,0,128,22045,7466,56570
2020-06-26,,,21,0,123,22066,7466,56693
2020-06-27,,,20,0,118,22086,7466,56811
2020-06-28,,,19,0,113,22106,7466,56923
2020-06-29,,,18,0,108,22124,7466,57031
2020-06-30,,,17,0,104,22141,7466,57135
