date,actual_deaths,total_deaths,predicted_deaths_mean,predicted_deaths_lower,predicted_deaths_upper,predicted_total_deaths_mean,predicted_total_deaths_lower,predicted_total_deaths_upper
2020-02-14,,,,,,,,
2020-02-15,,,,,,,,
2020-02-16,,,,,,,,
2020-02-17,,,,,,,,
2020-02-18,,,,,,,,
2020-02-19,,,,,,,,
2020-02-20,,,,,,,,
2020-02-21,,,,,,,,
2020-02-22,,,,,,,,
2020-02-23,,,,,,,,
2020-02-24,,,,,,,,
2020-02-25,,,,,,,,
2020-02-26,,,,,,,,
2020-02-27,,,,,,,,
2020-02-28,,,,,,,,
2020-02-29,,,,,,,,
2020-03-01,,,,,,,,
2020-03-02,,,,,,,,
2020-03-03,,,,,,,,
2020-03-04,,,,,,,,
2020-03-05,,,,,,,,
2020-03-06,,,,,,,,
2020-03-07,,,,,,,,
2020-03-08,,,,,,,,
2020-03-09,1,1,,,,,,
2020-03-10,0,1,,,,,,
2020-03-11,0,1,,,,,,
2020-03-12,0,1,,,,,,
2020-03-13,0,1,,,,,,
2020-03-14,0,1,,,,,,
2020-03-15,0,1,,,,,,
2020-03-16,3,4,,,,,,
2020-03-17,1,5,,,,,,
2020-03-18,3,8,,,,,,
2020-03-19,1,9,,,,,,
2020-03-20,3,12,,,,,,
2020-03-21,7,19,,,,,,
2020-03-22,2,21,,,,,,
2020-03-23,4,25,,,,,,
2020-03-24,1,26,,,,,,
2020-03-25,4,30,,,,,,
2020-03-26,8,38,,,,,,
2020-03-27,16,54,,,,,,
2020-03-28,7,61,,,,,,
2020-03-29,3,64,,,,,,
2020-03-30,16,80,,,,,,
2020-03-31,21,101,,,,,,
2020-04-01,8,109,,,,,,
2020-04-02,30,139,,,,,,
2020-04-03,40,179,,,,,,
2020-04-04,39,218,,,,,,
2020-04-05,41,259,,,,,,
2020-04-06,80,339,,,,,,
2020-04-07,36,375,,,,,,
2020-04-08,32,407,,,,,,
2020-04-09,,,57,46,80,464,454,487
2020-04-10,,,60,48,86,524,502,574
2020-04-11,,,61,46,92,585,547,666
2020-04-12,,,63,42,95,648,589,761
2020-04-13,,,63,38,99,711,626,860
2020-04-14,,,63,35,102,774,661,962
2020-04-15,,,62,31,102,836,692,1064
2020-04-16,,,61,28,102,897,720,1166
2020-04-17,,,59,26,103,956,746,1269
2020-04-18,,,57,23,102,1013,769,1370
2020-04-19,,,55,21,98,1068,790,1469
2020-04-20,,,52,19,95,1120,808,1564
2020-04-21,,,50,17,92,1170,825,1656
2020-04-22,,,47,15,89,1217,840,1744
2020-04-23,,,44,13,86,1261,853,1830
2020-04-24,,,42,12,83,1303,865,1914
2020-04-25,,,39,10,80,1342,875,1994
2020-04-26,,,37,9,78,1380,884,2072
2020-04-27,,,35,9,74,1415,892,2146
2020-04-28,,,33,8,71,1447,900,2217
2020-04-29,,,31,7,67,1478,907,2284
2020-04-30,,,29,6,64,1507,913,2348
2020-05-01,,,27,5,60,1535,918,2408
2020-05-02,,,26,5,58,1561,923,2466
2020-05-03,,,24,4,56,1585,927,2522
2020-05-04,,,23,4,52,1608,931,2574
2020-05-05,,,22,3,50,1630,934,2624
2020-05-06,,,20,3,48,1650,937,2673
2020-05-07,,,19,3,46,1669,940,2719
2020-05-08,,,18,2,44,1687,942,2763
2020-05-09,,,17,2,42,1705,944,2806
2020-05-10,,,16,2,41,1721,946,2846
2020-05-11,,,15,2,39,1736,948,2886
2020-05-12,,,15,2,37,1751,950,2923
2020-05-13,,,14,1,36,1765,951,2959
2020-05-14,,,13,1,35,1778,952,2994
2020-05-15,,,12,1,33,1790,953,3027
2020-05-16,,,12,1,32,1802,954,3059
2020-05-17,,,11,1,30,1813,955,3089
2020-05-18,,,11,1,29,1824,956,3118
2020-05-19,,,10,1,28,1834,957,3146
2020-05-20,,,10,1,27,1843,958,3174
2020-05-21,,,9,1,26,1852,959,3200
2020-05-22,,,9,1,25,1861,960,3225
2020-05-23,,,8,0,24,1869,960,3249
2020-05-24,,,8,0,23,1877,960,3272
2020-05-25,,,7,0,22,1884,960,3294
2020-05-26,,,7,0,21,1891,960,3315
2020-05-27,,,7,0,20,1898,960,3335
2020-05-28,,,6,0,19,1905,960,3354
2020-05-29,,,6,0,18,1911,960,3372
2020-05-30,,,6,0,18,1916,960,3390
2020-05-31,,,5,0,17,1922,960,3408
2020-06-01,,,5,0,16,1927,960,3424
2020-06-02,,,5,0,16,1932,960,3440
2020-06-03,,,5,0,15,1937,960,3455
2020-06-04,,,5,0,14,1941,960,3469
2020-06-05,,,4,0,14,1946,960,3483
2020-06-06,,,4,0,13,1950,960,3496
2020-06-07,,,4,0,13,1954,960,3509
2020-06-08,,,4,0,12,1957,960,3521
2020-06-09,,,3,0,12,1961,960,3533
2020-06-10,,,3,0,11,1964,960,3544
2020-06-11,,,3,0,11,1967,960,3555
2020-06-12,,,3,0,10,1970,960,3566
2020-06-13,,,3,0,10,1973,960,3576
2020-06-14,,,3,0,10,1976,960,3586
2020-06-15,,,3,0,9,1978,960,3594
2020-06-16,,,2,0,9,1981,960,3604
2020-06-17,,,2,0,9,1983,960,3612
2020-06-18,,,2,0,8,1985,960,3620
2020-06-19,,,2,0,8,1987,960,3628
2020-06-20,,,2,0,7,1989,960,3636
2020-06-21,,,2,0,7,1991,960,3643
2020-06-22,,,2,0,7,1993,960,3650
2020-06-23,,,2,0,7,1995,960,3657
2020-06-24,,,2,0,6,1996,960,3663
2020-06-25,,,1,0,6,1998,960,3669
2020-06-26,,,1,0,6,1999,960,3675
2020-06-27,,,1,0,5,2000,960,3680
2020-06-28,,,1,0,5,2002,960,3685
2020-06-29,,,1,0,5,2003,960,3690
2020-06-30,,,1,0,5,2004,960,3695
