date,actual_deaths,total_deaths,predicted_deaths_mean,predicted_deaths_lower,predicted_deaths_upper,predicted_total_deaths_mean,predicted_total_deaths_lower,predicted_total_deaths_upper
2020-02-16,,,,,,,,
2020-02-17,,,,,,,,
2020-02-18,,,,,,,,
2020-02-19,,,,,,,,
2020-02-20,,,,,,,,
2020-02-21,,,,,,,,
2020-02-22,,,,,,,,
2020-02-23,,,,,,,,
2020-02-24,,,,,,,,
2020-02-25,,,,,,,,
2020-02-26,,,,,,,,
2020-02-27,,,,,,,,
2020-02-28,,,,,,,,
2020-02-29,,,,,,,,
2020-03-01,,,,,,,,
2020-03-02,,,,,,,,
2020-03-03,,,,,,,,
2020-03-04,,,,,,,,
2020-03-05,,,,,,,,
2020-03-06,,,,,,,,
2020-03-07,,,,,,,,
2020-03-08,,,,,,,,
2020-03-09,,,,,,,,
2020-03-10,,,,,,,,
2020-03-11,1,1,,,,,,
2020-03-12,0,1,,,,,,
2020-03-13,1,2,,,,,,
2020-03-14,0,2,,,,,,
2020-03-15,0,2,,,,,,
2020-03-16,0,2,,,,,,
2020-03-17,1,3,,,,,,
2020-03-18,0,3,,,,,,
2020-03-19,1,4,,,,,,
2020-03-20,0,4,,,,,,
2020-03-21,0,4,,,,,,
2020-03-22,3,7,,,,,,
2020-03-23,3,10,,,,,,
2020-03-24,0,10,,,,,,
2020-03-25,2,12,,,,,,
2020-03-26,8,20,,,,,,
2020-03-27,0,20,,,,,,
2020-03-28,4,24,,,,,,
2020-03-29,3,27,,,,,,
2020-03-30,5,32,,,,,,
2020-03-31,3,35,,,,,,
2020-04-01,23,58,,,,,,
2020-04-02,14,72,,,,,,
2020-04-03,0,72,,,,,,
2020-04-04,14,86,,,,,,
2020-04-05,13,99,,,,,,
2020-04-06,37,136,,,,,,
2020-04-07,14,150,,,,,,
2020-04-08,28,178,,,,,,
2020-04-09,,,30,24,45,208,202,223
2020-04-10,,,34,26,50,242,228,273
2020-04-11,,,37,28,56,279,256,329
2020-04-12,,,41,30,63,319,286,392
2020-04-13,,,44,32,71,364,318,463
2020-04-14,,,48,34,79,412,352,542
2020-04-15,,,53,35,87,465,387,629
2020-04-16,,,57,37,97,521,424,725
2020-04-17,,,61,38,107,582,462,832
2020-04-18,,,64,38,117,647,500,949
2020-04-19,,,68,38,127,715,539,1076
2020-04-20,,,71,38,138,786,577,1213
2020-04-21,,,74,36,149,860,613,1362
2020-04-22,,,76,34,159,936,647,1521
2020-04-23,,,77,32,167,1013,679,1688
2020-04-24,,,78,31,176,1091,710,1864
2020-04-25,,,78,29,184,1169,739,2048
2020-04-26,,,77,27,190,1246,766,2237
2020-04-27,,,76,24,191,1321,790,2428
2020-04-28,,,74,21,193,1395,812,2621
2020-04-29,,,71,19,195,1466,831,2815
2020-04-30,,,68,17,195,1534,848,3010
2020-05-01,,,65,15,193,1599,863,3203
2020-05-02,,,62,13,188,1661,877,3391
2020-05-03,,,59,12,180,1720,889,3571
2020-05-04,,,55,10,174,1775,899,3745
2020-05-05,,,52,9,167,1827,908,3912
2020-05-06,,,49,8,159,1876,916,4071
2020-05-07,,,46,7,152,1922,923,4223
2020-05-08,,,43,6,145,1964,929,4368
2020-05-09,,,40,6,140,2004,935,4508
2020-05-10,,,37,5,133,2042,940,4641
2020-05-11,,,35,4,126,2077,945,4768
2020-05-12,,,33,4,120,2109,949,4887
2020-05-13,,,31,4,113,2140,953,5000
2020-05-14,,,29,3,106,2169,956,5107
2020-05-15,,,27,3,101,2195,959,5207
2020-05-16,,,25,2,95,2220,961,5302
2020-05-17,,,23,2,89,2244,963,5391
2020-05-18,,,22,2,85,2266,965,5476
2020-05-19,,,21,2,81,2287,967,5557
2020-05-20,,,19,2,77,2306,969,5634
2020-05-21,,,18,1,73,2324,970,5707
2020-05-22,,,17,1,70,2341,971,5777
2020-05-23,,,16,1,67,2357,972,5844
2020-05-24,,,15,1,64,2372,973,5908
2020-05-25,,,14,1,61,2386,974,5969
2020-05-26,,,13,1,56,2400,975,6025
2020-05-27,,,13,1,53,2412,976,6078
2020-05-28,,,12,1,50,2424,977,6128
2020-05-29,,,11,1,47,2435,978,6175
2020-05-30,,,11,0,44,2446,978,6219
2020-05-31,,,10,0,41,2455,978,6260
2020-06-01,,,9,0,40,2465,978,6300
2020-06-02,,,9,0,38,2474,978,6337
2020-06-03,,,8,0,35,2482,978,6372
2020-06-04,,,8,0,34,2490,978,6407
2020-06-05,,,7,0,32,2497,978,6439
2020-06-06,,,7,0,31,2504,978,6470
2020-06-07,,,7,0,30,2511,978,6500
2020-06-08,,,6,0,28,2517,978,6528
2020-06-09,,,6,0,27,2523,978,6555
2020-06-10,,,6,0,26,2529,978,6581
2020-06-11,,,5,0,25,2534,978,6606
2020-06-12,,,5,0,24,2539,978,6630
2020-06-13,,,5,0,22,2544,978,6653
2020-06-14,,,4,0,22,2548,978,6674
2020-06-15,,,4,0,21,2552,978,6695
2020-06-16,,,4,0,20,2556,978,6715
2020-06-17,,,4,0,19,2560,978,6734
2020-06-18,,,4,0,18,2564,978,6753
2020-06-19,,,3,0,18,2567,978,6770
2020-06-20,,,3,0,17,2570,978,6787
2020-06-21,,,3,0,16,2573,978,6802
2020-06-22,,,3,0,16,2576,978,6818
2020-06-23,,,3,0,15,2579,978,6832
2020-06-24,,,3,0,14,2581,978,6846
2020-06-25,,,2,0,14,2584,978,6860
2020-06-26,,,2,0,13,2586,978,6872
2020-06-27,,,2,0,12,2588,978,6884
2020-06-28,,,2,0,12,2590,978,6895
2020-06-29,,,2,0,11,2592,978,6906
2020-06-30,,,2,0,11,2594,978,6917
