date,actual_deaths,total_deaths,predicted_deaths_mean,predicted_deaths_lower,predicted_deaths_upper,predicted_total_deaths_mean,predicted_total_deaths_lower,predicted_total_deaths_upper
2020-02-16,,,,,,,,
2020-02-17,,,,,,,,
2020-02-18,,,,,,,,
2020-02-19,,,,,,,,
2020-02-20,,,,,,,,
2020-02-21,,,,,,,,
2020-02-22,,,,,,,,
2020-02-23,,,,,,,,
2020-02-24,,,,,,,,
2020-02-25,,,,,,,,
2020-02-26,,,,,,,,
2020-02-27,,,,,,,,
2020-02-28,,,,,,,,
2020-02-29,,,,,,,,
2020-03-01,,,,,,,,
2020-03-02,,,,,,,,
2020-03-03,,,,,,,,
2020-03-04,,,,,,,,
2020-03-05,,,,,,,,
2020-03-06,,,,,,,,
2020-03-07,,,,,,,,
2020-03-08,,,,,,,,
2020-03-09,,,,,,,,
2020-03-10,,,,,,,,
2020-03-11,1,1,,,,,,
2020-03-12,0,1,,,,,,
2020-03-13,0,1,,,,,,
2020-03-14,1,2,,,,,,
2020-03-15,1,3,,,,,,
2020-03-16,3,6,,,,,,
2020-03-17,1,7,,,,,,
2020-03-18,3,10,,,,,,
2020-03-19,1,11,,,,,,
2020-03-20,5,16,,,,,,
2020-03-21,4,20,,,,,,
2020-03-22,1,21,,,,,,
2020-03-23,4,25,,,,,,
2020-03-24,11,36,,,,,,
2020-03-25,26,62,,,,,,
2020-03-26,15,77,,,,,,
2020-03-27,28,105,,,,,,
2020-03-28,0,105,,,,,,
2020-03-29,5,110,,,,,,
2020-03-30,36,146,,,,,,
2020-03-31,34,180,,,,,,
2020-04-01,59,239,,,,,,
2020-04-02,69,308,,,,,,
2020-04-03,50,358,,,,,,
2020-04-04,15,373,,,,,,
2020-04-05,28,401,,,,,,
2020-04-06,76,477,,,,,,
2020-04-07,114,591,,,,,,
2020-04-08,96,687,,,,,,
2020-04-09,,,111,82,136,798,769,823
2020-04-10,,,123,91,154,921,860,977
2020-04-11,,,134,99,173,1055,959,1150
2020-04-12,,,146,104,192,1201,1062,1342
2020-04-13,,,156,100,213,1357,1162,1556
2020-04-14,,,165,98,240,1523,1260,1796
2020-04-15,,,173,93,263,1696,1353,2059
2020-04-16,,,179,88,293,1875,1441,2352
2020-04-17,,,185,82,332,2060,1522,2683
2020-04-18,,,188,74,368,2248,1596,3051
2020-04-19,,,190,66,399,2438,1663,3450
2020-04-20,,,188,58,410,2626,1721,3859
2020-04-21,,,184,52,413,2810,1773,4272
2020-04-22,,,178,46,404,2988,1819,4677
2020-04-23,,,169,42,391,3157,1860,5068
2020-04-24,,,159,38,373,3317,1899,5441
2020-04-25,,,149,35,346,3465,1934,5786
2020-04-26,,,138,32,313,3604,1966,6100
2020-04-27,,,128,28,286,3731,1994,6386
2020-04-28,,,118,26,256,3849,2019,6642
2020-04-29,,,108,22,224,3957,2042,6867
2020-04-30,,,100,20,207,4057,2061,7074
2020-05-01,,,93,18,195,4150,2079,7269
2020-05-02,,,86,16,186,4236,2095,7455
2020-05-03,,,80,14,174,4315,2108,7629
2020-05-04,,,74,12,168,4389,2121,7797
2020-05-05,,,68,11,156,4457,2132,7954
2020-05-06,,,63,10,150,4520,2142,8104
2020-05-07,,,58,9,143,4578,2150,8247
2020-05-08,,,54,8,135,4633,2158,8382
2020-05-09,,,50,7,127,4683,2165,8509
2020-05-10,,,47,6,119,4730,2171,8628
2020-05-11,,,43,5,114,4773,2176,8742
2020-05-12,,,40,5,110,4813,2181,8852
2020-05-13,,,37,4,105,4851,2185,8958
2020-05-14,,,35,4,100,4886,2189,9057
2020-05-15,,,33,3,94,4918,2192,9151
2020-05-16,,,30,3,88,4949,2195,9240
2020-05-17,,,28,3,84,4977,2198,9323
2020-05-18,,,27,2,80,5003,2200,9403
2020-05-19,,,25,2,76,5028,2202,9479
2020-05-20,,,23,2,74,5051,2204,9553
2020-05-21,,,22,2,70,5073,2206,9623
2020-05-22,,,20,1,67,5094,2207,9690
2020-05-23,,,19,1,64,5113,2208,9754
2020-05-24,,,18,1,61,5131,2209,9816
2020-05-25,,,17,1,59,5148,2210,9875
2020-05-26,,,16,1,56,5163,2211,9931
2020-05-27,,,15,1,54,5178,2212,9985
2020-05-28,,,14,1,52,5192,2213,10037
2020-05-29,,,13,1,49,5206,2214,10086
2020-05-30,,,12,1,47,5218,2214,10133
2020-05-31,,,12,0,45,5230,2214,10178
2020-06-01,,,11,0,44,5241,2214,10222
2020-06-02,,,10,0,42,5251,2214,10264
2020-06-03,,,10,0,40,5261,2214,10303
2020-06-04,,,9,0,38,5270,2214,10341
2020-06-05,,,9,0,37,5279,2214,10378
2020-06-06,,,8,0,35,5287,2214,10412
2020-06-07,,,8,0,34,5295,2214,10446
2020-06-08,,,7,0,32,5302,2214,10478
2020-06-09,,,7,0,30,5309,2214,10508
2020-06-10,,,7,0,30,5316,2214,10538
2020-06-11,,,6,0,28,5322,2214,10566
2020-06-12,,,6,0,26,5328,2214,10592
2020-06-13,,,6,0,26,5334,2214,10618
2020-06-14,,,5,0,24,5339,2214,10642
2020-06-15,,,5,0,24,5344,2214,10666
2020-06-16,,,5,0,22,5348,2214,10688
2020-06-17,,,4,0,22,5353,2214,10710
2020-06-18,,,4,0,20,5357,2214,10730
2020-06-19,,,4,0,20,5361,2214,10750
2020-06-20,,,4,0,19,5364,2214,10769
2020-06-21,,,3,0,18,5368,2214,10787
2020-06-22,,,3,0,17,5371,2214,10804
2020-06-23,,,3,0,16,5374,2214,10820
2020-06-24,,,3,0,16,5377,2214,10837
2020-06-25,,,3,0,15,5380,2214,10852
2020-06-26,,,3,0,14,5382,2214,10866
2020-06-27,,,2,0,14,5385,2214,10880
2020-06-28,,,2,0,13,5387,2214,10894
2020-06-29,,,2,0,12,5389,2214,10906
2020-06-30,,,2,0,12,5391,2214,10918
