date,actual_deaths,total_deaths,predicted_deaths_mean,predicted_deaths_lower,predicted_deaths_upper,predicted_total_deaths_mean,predicted_total_deaths_lower,predicted_total_deaths_upper
2020-02-16,,,,,,,,
2020-02-17,,,,,,,,
2020-02-18,,,,,,,,
2020-02-19,,,,,,,,
2020-02-20,,,,,,,,
2020-02-21,,,,,,,,
2020-02-22,,,,,,,,
2020-02-23,,,,,,,,
2020-02-24,,,,,,,,
2020-02-25,,,,,,,,
2020-02-26,,,,,,,,
2020-02-27,,,,,,,,
2020-02-28,,,,,,,,
2020-02-29,,,,,,,,
2020-03-01,,,,,,,,
2020-03-02,,,,,,,,
2020-03-03,,,,,,,,
2020-03-04,,,,,,,,
2020-03-05,,,,,,,,
2020-03-06,,,,,,,,
2020-03-07,,,,,,,,
2020-03-08,,,,,,,,
2020-03-09,,,,,,,,
2020-03-10,,,,,,,,
2020-03-11,1,1,,,,,,
2020-03-12,0,1,,,,,,
2020-03-13,0,1,,,,,,
2020-03-14,1,2,,,,,,
2020-03-15,0,2,,,,,,
2020-03-16,0,2,,,,,,
2020-03-17,0,2,,,,,,
2020-03-18,0,2,,,,,,
2020-03-19,1,3,,,,,,
2020-03-20,0,3,,,,,,
2020-03-21,0,3,,,,,,
2020-03-22,0,3,,,,,,
2020-03-23,0,3,,,,,,
2020-03-24,0,3,,,,,,
2020-03-25,0,3,,,,,,
2020-03-26,0,3,,,,,,
2020-03-27,0,3,,,,,,
2020-03-28,4,7,,,,,,
2020-03-29,1,8,,,,,,
2020-03-30,0,8,,,,,,
2020-03-31,0,8,,,,,,
2020-04-01,2,10,,,,,,
2020-04-02,0,10,,,,,,
2020-04-03,4,14,,,,,,
2020-04-04,3,17,,,,,,
2020-04-05,3,20,,,,,,
2020-04-06,2,22,,,,,,
2020-04-07,1,23,,,,,,
2020-04-08,1,24,,,,,,
2020-04-09,0,24,,,,,,
2020-04-10,1,25,,,,,,
2020-04-11,3,28,,,,,,
2020-04-12,1,29,,,,,,
2020-04-13,3,32,,,,,,
2020-04-14,3,35,,,,,,
2020-04-15,1,36,,,,,,
2020-04-16,,,5,3,11,41,39,47
2020-04-17,,,5,3,11,47,42,58
2020-04-18,,,5,3,11,52,45,69
2020-04-19,,,5,3,11,58,48,81
2020-04-20,,,5,3,11,63,50,92
2020-04-21,,,5,2,11,69,53,103
2020-04-22,,,5,2,11,74,55,114
2020-04-23,,,5,2,11,79,57,125
2020-04-24,,,5,2,11,85,59,136
2020-04-25,,,5,2,11,90,61,147
2020-04-26,,,5,2,10,95,63,157
2020-04-27,,,5,2,10,99,65,167
2020-04-28,,,5,2,10,104,67,177
2020-04-29,,,5,2,10,109,68,186
2020-04-30,,,4,2,9,113,70,196
2020-05-01,,,4,1,9,118,71,205
2020-05-02,,,4,1,9,122,72,214
2020-05-03,,,4,1,9,126,74,223
2020-05-04,,,4,1,9,130,75,232
2020-05-05,,,4,1,9,134,76,241
2020-05-06,,,4,1,9,138,77,250
2020-05-07,,,4,1,9,142,79,259
2020-05-08,,,4,1,9,145,80,267
2020-05-09,,,4,1,9,149,81,276
2020-05-10,,,3,1,9,152,82,285
2020-05-11,,,3,1,9,156,83,293
2020-05-12,,,3,1,8,159,84,302
2020-05-13,,,3,1,8,162,85,310
2020-05-14,,,3,1,8,165,85,318
2020-05-15,,,3,1,8,168,86,326
2020-05-16,,,3,1,8,172,87,335
2020-05-17,,,3,1,8,175,88,343
2020-05-18,,,3,1,8,177,89,351
2020-05-19,,,3,1,8,180,90,359
2020-05-20,,,3,1,8,183,90,367
2020-05-21,,,3,1,8,186,91,375
2020-05-22,,,3,1,8,189,92,382
2020-05-23,,,3,1,8,191,93,390
2020-05-24,,,3,1,8,194,93,398
2020-05-25,,,3,1,8,196,94,406
2020-05-26,,,3,1,8,199,95,413
2020-05-27,,,2,1,8,202,95,421
2020-05-28,,,2,1,8,204,96,429
2020-05-29,,,2,1,8,206,96,436
2020-05-30,,,2,1,8,209,97,444
2020-05-31,,,2,1,7,211,98,451
2020-06-01,,,2,1,7,213,98,459
2020-06-02,,,2,1,7,216,99,466
2020-06-03,,,2,1,7,218,99,473
2020-06-04,,,2,1,7,220,100,481
2020-06-05,,,2,1,7,222,100,488
2020-06-06,,,2,1,7,224,101,495
2020-06-07,,,2,0,7,226,101,502
2020-06-08,,,2,0,7,228,102,509
2020-06-09,,,2,0,7,230,102,516
2020-06-10,,,2,0,7,232,103,523
2020-06-11,,,2,0,7,234,103,530
2020-06-12,,,2,0,7,236,104,537
2020-06-13,,,2,0,7,238,104,544
2020-06-14,,,2,0,7,240,105,551
2020-06-15,,,2,0,7,242,105,558
2020-06-16,,,2,0,7,243,105,564
2020-06-17,,,2,0,7,245,106,571
2020-06-18,,,2,0,7,247,106,578
2020-06-19,,,2,0,7,249,106,584
2020-06-20,,,2,0,7,250,107,591
2020-06-21,,,2,0,7,252,107,597
2020-06-22,,,2,0,7,254,108,604
2020-06-23,,,2,0,7,256,108,611
2020-06-24,,,2,0,7,257,108,617
2020-06-25,,,2,0,7,259,109,624
2020-06-26,,,2,0,7,261,109,631
2020-06-27,,,2,0,7,263,109,638
2020-06-28,,,2,0,7,264,110,646
2020-06-29,,,2,0,8,266,110,653
2020-06-30,,,2,0,8,268,111,661
2020-07-01,,,2,0,8,270,111,669
2020-07-02,,,2,0,8,272,111,678
2020-07-03,,,2,0,9,274,112,686
2020-07-04,,,2,0,9,276,112,695
2020-07-05,,,2,0,9,278,112,705
2020-07-06,,,2,0,10,280,113,714
2020-07-07,,,2,0,10,282,113,724
2020-07-08,,,2,0,10,284,113,735
2020-07-09,,,2,0,11,287,114,745
2020-07-10,,,2,0,11,289,114,756
2020-07-11,,,2,0,12,291,114,768
2020-07-12,,,2,0,12,293,114,780
2020-07-13,,,2,0,12,296,115,792
2020-07-14,,,2,0,13,298,115,805
2020-07-15,,,2,0,13,300,115,818
2020-07-16,,,2,0,14,303,115,832
2020-07-17,,,3,0,14,305,116,847
2020-07-18,,,3,0,15,308,116,862
2020-07-19,,,3,0,15,311,116,877
2020-07-20,,,3,0,16,313,116,893
2020-07-21,,,3,0,17,316,116,910
2020-07-22,,,3,0,17,319,117,927
2020-07-23,,,3,0,18,322,117,945
2020-07-24,,,3,0,19,325,117,963
2020-07-25,,,3,0,19,328,117,982
2020-07-26,,,3,0,20,331,117,1002
2020-07-27,,,3,0,21,334,117,1023
2020-07-28,,,3,0,21,337,118,1044
2020-07-29,,,3,0,22,340,118,1067
2020-07-30,,,3,0,23,344,118,1090
2020-07-31,,,4,0,24,347,118,1114
2020-08-01,,,4,0,25,351,118,1139
2020-08-02,,,4,0,26,355,118,1164
2020-08-03,,,4,0,27,359,118,1191
2020-08-04,,,4,0,28,363,118,1219
