date,actual_deaths,total_deaths,predicted_deaths_mean,predicted_deaths_lower,predicted_deaths_upper,predicted_total_deaths_mean,predicted_total_deaths_lower,predicted_total_deaths_upper
2020-02-14,,,,,,,,
2020-02-15,,,,,,,,
2020-02-16,,,,,,,,
2020-02-17,,,,,,,,
2020-02-18,,,,,,,,
2020-02-19,,,,,,,,
2020-02-20,,,,,,,,
2020-02-21,,,,,,,,
2020-02-22,,,,,,,,
2020-02-23,,,,,,,,
2020-02-24,,,,,,,,
2020-02-25,,,,,,,,
2020-02-26,,,,,,,,
2020-02-27,,,,,,,,
2020-02-28,,,,,,,,
2020-02-29,,,,,,,,
2020-03-01,,,,,,,,
2020-03-02,,,,,,,,
2020-03-03,,,,,,,,
2020-03-04,,,,,,,,
2020-03-05,,,,,,,,
2020-03-06,,,,,,,,
2020-03-07,,,,,,,,
2020-03-08,,,,,,,,
2020-03-09,1,1,,,,,,
2020-03-10,0,1,,,,,,
2020-03-11,0,1,,,,,,
2020-03-12,0,1,,,,,,
2020-03-13,0,1,,,,,,
2020-03-14,0,1,,,,,,
2020-03-15,0,1,,,,,,
2020-03-16,3,4,,,,,,
2020-03-17,1,5,,,,,,
2020-03-18,3,8,,,,,,
2020-03-19,1,9,,,,,,
2020-03-20,3,12,,,,,,
2020-03-21,7,19,,,,,,
2020-03-22,2,21,,,,,,
2020-03-23,4,25,,,,,,
2020-03-24,1,26,,,,,,
2020-03-25,4,30,,,,,,
2020-03-26,8,38,,,,,,
2020-03-27,16,54,,,,,,
2020-03-28,7,61,,,,,,
2020-03-29,3,64,,,,,,
2020-03-30,16,80,,,,,,
2020-03-31,21,101,,,,,,
2020-04-01,8,109,,,,,,
2020-04-02,30,139,,,,,,
2020-04-03,40,179,,,,,,
2020-04-04,39,218,,,,,,
2020-04-05,41,259,,,,,,
2020-04-06,80,339,,,,,,
2020-04-07,36,375,,,,,,
2020-04-08,32,407,,,,,,
2020-04-09,96,503,,,,,,
2020-04-10,54,557,,,,,,
2020-04-11,97,654,,,,,,
2020-04-12,59,713,,,,,,
2020-04-13,67,780,,,,,,
2020-04-14,120,900,,,,,,
2020-04-15,107,1007,,,,,,
2020-04-16,,,95,73,125,1102,1080,1132
2020-04-17,,,96,69,127,1198,1149,1259
2020-04-18,,,95,66,129,1293,1215,1388
2020-04-19,,,95,62,132,1388,1277,1520
2020-04-20,,,94,59,135,1482,1336,1655
2020-04-21,,,92,55,138,1574,1391,1793
2020-04-22,,,90,51,140,1664,1442,1933
2020-04-23,,,88,48,138,1752,1489,2071
2020-04-24,,,86,44,139,1839,1533,2209
2020-04-25,,,84,40,138,1923,1573,2347
2020-04-26,,,82,36,136,2005,1609,2483
2020-04-27,,,80,34,136,2085,1643,2619
2020-04-28,,,78,31,135,2163,1674,2755
2020-04-29,,,76,29,134,2239,1702,2888
2020-04-30,,,73,27,132,2312,1729,3020
2020-05-01,,,71,25,129,2383,1754,3150
2020-05-02,,,69,23,127,2453,1777,3277
2020-05-03,,,67,21,125,2520,1797,3402
2020-05-04,,,65,19,124,2585,1817,3526
2020-05-05,,,64,17,123,2649,1834,3648
2020-05-06,,,62,16,122,2711,1850,3770
2020-05-07,,,60,15,120,2771,1865,3890
2020-05-08,,,59,14,119,2830,1879,4010
2020-05-09,,,57,13,118,2887,1892,4128
2020-05-10,,,56,12,117,2942,1903,4245
2020-05-11,,,54,11,116,2996,1914,4361
2020-05-12,,,53,10,115,3049,1924,4476
2020-05-13,,,51,9,114,3100,1933,4589
2020-05-14,,,50,8,112,3151,1941,4702
2020-05-15,,,49,8,111,3199,1949,4813
2020-05-16,,,48,7,110,3247,1956,4923
2020-05-17,,,47,7,109,3294,1963,5032
2020-05-18,,,45,6,108,3339,1969,5140
2020-05-19,,,44,6,107,3384,1975,5247
2020-05-20,,,43,5,106,3427,1980,5352
2020-05-21,,,42,5,105,3469,1985,5457
2020-05-22,,,41,5,104,3511,1990,5561
2020-05-23,,,41,4,103,3551,1994,5664
2020-05-24,,,40,4,102,3591,1998,5766
2020-05-25,,,39,4,101,3630,2002,5867
2020-05-26,,,38,4,100,3668,2005,5968
2020-05-27,,,37,3,99,3705,2009,6067
2020-05-28,,,37,3,98,3742,2012,6166
2020-05-29,,,36,3,97,3778,2015,6263
2020-05-30,,,35,3,97,3813,2018,6360
2020-05-31,,,34,3,96,3847,2020,6455
2020-06-01,,,34,2,95,3881,2023,6550
2020-06-02,,,33,2,94,3914,2025,6644
2020-06-03,,,32,2,93,3946,2027,6737
2020-06-04,,,32,2,92,3978,2029,6829
2020-06-05,,,31,2,91,4009,2031,6920
2020-06-06,,,31,2,90,4040,2033,7010
2020-06-07,,,30,2,89,4070,2034,7099
2020-06-08,,,29,2,89,4099,2036,7188
2020-06-09,,,29,2,88,4128,2037,7275
2020-06-10,,,28,1,87,4157,2039,7362
2020-06-11,,,28,1,86,4184,2040,7449
2020-06-12,,,27,1,85,4212,2041,7534
2020-06-13,,,27,1,84,4239,2043,7618
2020-06-14,,,26,1,84,4265,2044,7702
2020-06-15,,,26,1,83,4291,2045,7785
2020-06-16,,,26,1,82,4317,2046,7867
2020-06-17,,,25,1,81,4342,2047,7948
2020-06-18,,,25,1,80,4367,2048,8029
2020-06-19,,,24,1,80,4391,2049,8108
2020-06-20,,,24,1,79,4415,2050,8187
2020-06-21,,,23,1,78,4438,2051,8266
2020-06-22,,,23,1,77,4461,2051,8343
2020-06-23,,,23,1,77,4484,2052,8420
2020-06-24,,,22,1,76,4506,2053,8496
2020-06-25,,,22,1,75,4528,2054,8570
2020-06-26,,,22,1,74,4550,2054,8645
2020-06-27,,,21,1,74,4571,2055,8718
2020-06-28,,,21,1,73,4592,2055,8791
2020-06-29,,,21,1,72,4612,2056,8863
2020-06-30,,,20,1,71,4633,2057,8935
2020-07-01,,,20,1,71,4653,2057,9006
2020-07-02,,,20,0,70,4672,2058,9076
2020-07-03,,,19,0,69,4691,2058,9145
2020-07-04,,,19,0,69,4710,2058,9214
2020-07-05,,,19,0,68,4729,2059,9282
2020-07-06,,,18,0,67,4747,2059,9349
2020-07-07,,,18,0,67,4765,2060,9416
2020-07-08,,,18,0,66,4783,2060,9482
2020-07-09,,,17,0,65,4800,2060,9548
2020-07-10,,,17,0,65,4817,2061,9612
2020-07-11,,,17,0,64,4834,2061,9676
2020-07-12,,,17,0,63,4851,2061,9740
2020-07-13,,,16,0,63,4867,2061,9802
2020-07-14,,,16,0,62,4883,2061,9865
2020-07-15,,,16,0,62,4899,2062,9926
2020-07-16,,,16,0,61,4915,2062,9987
2020-07-17,,,15,0,60,4930,2062,10047
2020-07-18,,,15,0,60,4945,2062,10107
2020-07-19,,,15,0,59,4960,2062,10166
2020-07-20,,,15,0,58,4974,2062,10224
2020-07-21,,,14,0,58,4989,2062,10282
2020-07-22,,,14,0,57,5003,2062,10339
2020-07-23,,,14,0,57,5017,2063,10396
2020-07-24,,,14,0,56,5031,2063,10452
2020-07-25,,,14,0,56,5044,2063,10508
2020-07-26,,,13,0,55,5057,2063,10563
2020-07-27,,,13,0,54,5071,2063,10617
2020-07-28,,,13,0,54,5083,2063,10671
2020-07-29,,,13,0,53,5096,2063,10724
2020-07-30,,,13,0,53,5109,2063,10777
2020-07-31,,,12,0,52,5121,2063,10829
2020-08-01,,,12,0,52,5133,2063,10881
2020-08-02,,,12,0,51,5145,2063,10932
2020-08-03,,,12,0,51,5157,2063,10983
2020-08-04,,,12,0,50,5169,2063,11033
