date,actual_deaths,total_deaths,predicted_deaths_mean,predicted_deaths_lower,predicted_deaths_upper,predicted_total_deaths_mean,predicted_total_deaths_lower,predicted_total_deaths_upper
2020-02-24,,,,,,,,
2020-02-25,,,,,,,,
2020-02-26,,,,,,,,
2020-02-27,,,,,,,,
2020-02-28,,,,,,,,
2020-02-29,,,,,,,,
2020-03-01,,,,,,,,
2020-03-02,,,,,,,,
2020-03-03,,,,,,,,
2020-03-04,,,,,,,,
2020-03-05,,,,,,,,
2020-03-06,,,,,,,,
2020-03-07,,,,,,,,
2020-03-08,,,,,,,,
2020-03-09,,,,,,,,
2020-03-10,,,,,,,,
2020-03-11,,,,,,,,
2020-03-12,,,,,,,,
2020-03-13,,,,,,,,
2020-03-14,,,,,,,,
2020-03-15,,,,,,,,
2020-03-16,,,,,,,,
2020-03-17,,,,,,,,
2020-03-18,,,,,,,,
2020-03-19,1,1,,,,,,
2020-03-20,0,1,,,,,,
2020-03-21,0,1,,,,,,
2020-03-22,0,1,,,,,,
2020-03-23,0,1,,,,,,
2020-03-24,0,1,,,,,,
2020-03-25,0,1,,,,,,
2020-03-26,2,3,,,,,,
2020-03-27,0,3,,,,,,
2020-03-28,2,5,,,,,,
2020-03-29,1,6,,,,,,
2020-03-30,0,6,,,,,,
2020-03-31,0,6,,,,,,
2020-04-01,0,6,,,,,,
2020-04-02,1,7,,,,,,
2020-04-03,1,8,,,,,,
2020-04-04,4,12,,,,,,
2020-04-05,3,15,,,,,,
2020-04-06,1,16,,,,,,
2020-04-07,2,18,,,,,,
2020-04-08,1,19,,,,,,
2020-04-09,1,20,,,,,,
2020-04-10,1,21,,,,,,
2020-04-11,0,21,,,,,,
2020-04-12,2,23,,,,,,
2020-04-13,2,25,,,,,,
2020-04-14,6,31,,,,,,
2020-04-15,2,33,,,,,,
2020-04-16,,,4,2,7,37,35,40
2020-04-17,,,4,2,7,41,38,47
2020-04-18,,,4,2,7,44,40,54
2020-04-19,,,4,2,7,48,42,61
2020-04-20,,,4,2,7,52,44,68
2020-04-21,,,4,2,8,56,46,76
2020-04-22,,,4,2,7,60,48,83
2020-04-23,,,4,2,8,64,50,91
2020-04-24,,,4,2,7,68,51,98
2020-04-25,,,4,2,7,71,53,106
2020-04-26,,,4,2,7,75,55,113
2020-04-27,,,4,2,7,79,56,120
2020-04-28,,,4,1,7,82,58,127
2020-04-29,,,4,1,7,86,59,134
2020-04-30,,,3,1,7,89,60,141
2020-05-01,,,3,1,7,93,62,147
2020-05-02,,,3,1,7,96,63,154
2020-05-03,,,3,1,7,99,64,160
2020-05-04,,,3,1,7,102,65,167
2020-05-05,,,3,1,6,105,67,173
2020-05-06,,,3,1,6,108,68,180
2020-05-07,,,3,1,6,111,69,186
2020-05-08,,,3,1,6,114,70,193
2020-05-09,,,3,1,6,117,71,199
2020-05-10,,,3,1,6,120,72,205
2020-05-11,,,3,1,6,123,73,212
2020-05-12,,,3,1,6,126,74,218
2020-05-13,,,3,1,6,128,75,224
2020-05-14,,,3,1,6,131,76,230
2020-05-15,,,3,1,6,134,77,237
2020-05-16,,,3,1,6,136,77,243
2020-05-17,,,3,1,6,139,78,249
2020-05-18,,,2,1,6,141,79,255
2020-05-19,,,2,1,6,144,80,261
2020-05-20,,,2,1,6,146,81,267
2020-05-21,,,2,1,6,148,81,273
2020-05-22,,,2,1,6,151,82,279
2020-05-23,,,2,1,6,153,83,285
2020-05-24,,,2,1,6,155,84,291
2020-05-25,,,2,1,6,158,84,297
2020-05-26,,,2,1,6,160,85,303
2020-05-27,,,2,1,6,162,86,309
2020-05-28,,,2,1,6,164,86,315
2020-05-29,,,2,1,6,166,87,321
2020-05-30,,,2,1,6,168,88,327
2020-05-31,,,2,1,6,170,88,332
2020-06-01,,,2,1,6,172,89,338
2020-06-02,,,2,1,6,174,90,344
2020-06-03,,,2,1,6,176,90,350
2020-06-04,,,2,1,6,178,91,356
2020-06-05,,,2,1,6,180,91,361
2020-06-06,,,2,1,6,182,92,367
2020-06-07,,,2,1,6,184,92,373
2020-06-08,,,2,1,6,186,93,378
2020-06-09,,,2,1,6,188,93,384
2020-06-10,,,2,1,6,190,94,390
2020-06-11,,,2,0,6,191,94,395
2020-06-12,,,2,0,6,193,95,401
2020-06-13,,,2,0,6,195,95,406
2020-06-14,,,2,0,5,196,96,412
2020-06-15,,,2,0,5,198,96,417
2020-06-16,,,2,0,5,200,97,423
2020-06-17,,,2,0,5,201,97,428
2020-06-18,,,2,0,5,203,98,433
2020-06-19,,,2,0,5,205,98,439
2020-06-20,,,2,0,5,206,98,444
2020-06-21,,,2,0,5,208,99,449
2020-06-22,,,2,0,5,209,99,455
2020-06-23,,,2,0,5,211,100,460
2020-06-24,,,2,0,6,213,100,466
2020-06-25,,,2,0,6,214,101,472
2020-06-26,,,2,0,6,216,101,477
2020-06-27,,,2,0,6,218,101,483
2020-06-28,,,2,0,6,220,102,490
2020-06-29,,,2,0,7,221,102,496
2020-06-30,,,2,0,7,223,103,503
2020-07-01,,,2,0,7,225,103,510
2020-07-02,,,2,0,7,227,103,517
2020-07-03,,,2,0,7,229,104,525
2020-07-04,,,2,0,8,231,104,532
2020-07-05,,,2,0,8,233,105,540
2020-07-06,,,2,0,8,234,105,549
2020-07-07,,,2,0,9,236,105,558
2020-07-08,,,2,0,9,239,106,567
2020-07-09,,,2,0,9,241,106,576
2020-07-10,,,2,0,10,243,106,586
2020-07-11,,,2,0,10,245,107,596
2020-07-12,,,2,0,10,247,107,606
2020-07-13,,,2,0,11,249,107,617
2020-07-14,,,2,0,11,252,108,628
2020-07-15,,,2,0,12,254,108,640
2020-07-16,,,2,0,12,256,108,652
2020-07-17,,,2,0,13,259,108,665
2020-07-18,,,2,0,13,261,109,678
2020-07-19,,,3,0,14,264,109,691
2020-07-20,,,3,0,14,266,109,705
2020-07-21,,,3,0,15,269,109,720
2020-07-22,,,3,0,15,272,110,735
2020-07-23,,,3,0,16,274,110,751
2020-07-24,,,3,0,16,277,110,767
2020-07-25,,,3,0,17,280,110,784
2020-07-26,,,3,0,17,283,110,801
2020-07-27,,,3,0,18,286,111,819
2020-07-28,,,3,0,19,289,111,838
2020-07-29,,,3,0,20,292,111,858
2020-07-30,,,3,0,20,296,111,878
2020-07-31,,,3,0,21,299,111,899
2020-08-01,,,3,0,22,303,111,921
2020-08-02,,,4,0,23,306,111,943
2020-08-03,,,4,0,23,310,112,967
2020-08-04,,,4,0,24,314,112,991
