date,actual_deaths,total_deaths,predicted_deaths_mean,predicted_deaths_lower,predicted_deaths_upper,predicted_total_deaths_mean,predicted_total_deaths_lower,predicted_total_deaths_upper
2020-02-26,,,,,,,,
2020-02-27,,,,,,,,
2020-02-28,,,,,,,,
2020-02-29,,,,,,,,
2020-03-01,,,,,,,,
2020-03-02,,,,,,,,
2020-03-03,,,,,,,,
2020-03-04,,,,,,,,
2020-03-05,,,,,,,,
2020-03-06,,,,,,,,
2020-03-07,,,,,,,,
2020-03-08,,,,,,,,
2020-03-09,,,,,,,,
2020-03-10,,,,,,,,
2020-03-11,,,,,,,,
2020-03-12,,,,,,,,
2020-03-13,,,,,,,,
2020-03-14,,,,,,,,
2020-03-15,,,,,,,,
2020-03-16,,,,,,,,
2020-03-17,,,,,,,,
2020-03-18,,,,,,,,
2020-03-19,,,,,,,,
2020-03-20,,,,,,,,
2020-03-21,1,1,,,,,,
2020-03-22,0,1,,,,,,
2020-03-23,0,1,,,,,,
2020-03-24,0,1,,,,,,
2020-03-25,2,3,,,,,,
2020-03-26,2,5,,,,,,
2020-03-27,2,7,,,,,,
2020-03-28,2,9,,,,,,
2020-03-29,2,11,,,,,,
2020-03-30,2,13,,,,,,
2020-03-31,4,17,,,,,,
2020-04-01,0,17,,,,,,
2020-04-02,2,19,,,,,,
2020-04-03,1,20,,,,,,
2020-04-04,5,25,,,,,,
2020-04-05,2,27,,,,,,
2020-04-06,0,27,,,,,,
2020-04-07,7,34,,,,,,
2020-04-08,6,40,,,,,,
2020-04-09,2,42,,,,,,
2020-04-10,6,48,,,,,,
2020-04-11,1,49,,,,,,
2020-04-12,7,56,,,,,,
2020-04-13,3,59,,,,,,
2020-04-14,5,64,,,,,,
2020-04-15,8,72,,,,,,
2020-04-16,,,7,5,10,79,77,82
2020-04-17,,,8,4,11,87,81,93
2020-04-18,,,8,4,12,95,85,105
2020-04-19,,,8,4,13,103,89,118
2020-04-20,,,8,4,14,111,93,132
2020-04-21,,,8,4,15,119,97,147
2020-04-22,,,8,4,16,127,101,163
2020-04-23,,,8,3,16,136,104,179
2020-04-24,,,8,3,17,144,107,196
2020-04-25,,,8,3,17,152,110,213
2020-04-26,,,8,3,17,160,113,231
2020-04-27,,,8,3,17,168,116,248
2020-04-28,,,8,3,18,176,118,266
2020-04-29,,,8,2,18,183,121,284
2020-04-30,,,7,2,17,191,123,301
2020-05-01,,,7,2,17,198,125,319
2020-05-02,,,7,2,17,205,127,336
2020-05-03,,,7,2,17,212,129,353
2020-05-04,,,7,2,17,218,131,371
2020-05-05,,,6,2,17,225,133,387
2020-05-06,,,6,2,17,231,134,404
2020-05-07,,,6,2,17,237,136,421
2020-05-08,,,6,2,16,243,138,437
2020-05-09,,,6,1,16,249,139,453
2020-05-10,,,6,1,16,254,141,469
2020-05-11,,,5,1,16,260,142,485
2020-05-12,,,5,1,16,265,143,500
2020-05-13,,,5,1,16,270,144,516
2020-05-14,,,5,1,15,276,146,531
2020-05-15,,,5,1,15,281,147,546
2020-05-16,,,5,1,15,285,148,561
2020-05-17,,,5,1,15,290,149,576
2020-05-18,,,5,1,15,295,150,591
2020-05-19,,,5,1,14,299,151,605
2020-05-20,,,4,1,14,304,152,619
2020-05-21,,,4,1,14,308,153,633
2020-05-22,,,4,1,14,312,154,647
2020-05-23,,,4,1,14,316,155,660
2020-05-24,,,4,1,13,320,155,674
2020-05-25,,,4,1,13,324,156,687
2020-05-26,,,4,1,13,328,157,700
2020-05-27,,,4,1,13,332,158,713
2020-05-28,,,4,1,13,336,159,727
2020-05-29,,,4,1,13,340,159,740
2020-05-30,,,4,1,13,343,160,752
2020-05-31,,,4,1,13,347,161,765
2020-06-01,,,3,1,12,350,161,777
2020-06-02,,,3,1,12,354,162,790
2020-06-03,,,3,1,12,357,163,802
2020-06-04,,,3,1,12,360,163,813
2020-06-05,,,3,1,12,363,164,825
2020-06-06,,,3,1,12,367,164,837
2020-06-07,,,3,1,12,370,165,849
2020-06-08,,,3,1,11,373,166,860
2020-06-09,,,3,1,11,376,166,871
2020-06-10,,,3,1,11,379,167,883
2020-06-11,,,3,1,11,382,167,894
2020-06-12,,,3,1,11,385,168,905
2020-06-13,,,3,0,11,387,168,916
2020-06-14,,,3,0,11,390,169,927
2020-06-15,,,3,0,11,393,169,938
2020-06-16,,,3,0,11,395,170,949
2020-06-17,,,3,0,11,398,170,959
2020-06-18,,,3,0,11,401,170,970
2020-06-19,,,3,0,11,403,171,980
2020-06-20,,,3,0,11,406,171,991
2020-06-21,,,3,0,10,408,172,1001
2020-06-22,,,3,0,10,411,172,1012
2020-06-23,,,3,0,11,413,173,1022
2020-06-24,,,3,0,11,416,173,1033
2020-06-25,,,3,0,11,419,174,1044
2020-06-26,,,3,0,11,421,174,1055
2020-06-27,,,3,0,11,424,174,1066
2020-06-28,,,3,0,11,427,175,1077
2020-06-29,,,3,0,12,429,175,1089
2020-06-30,,,3,0,12,432,176,1100
2020-07-01,,,3,0,12,435,176,1113
2020-07-02,,,3,0,12,438,177,1125
2020-07-03,,,3,0,13,441,177,1138
2020-07-04,,,3,0,13,444,177,1151
2020-07-05,,,3,0,14,447,178,1164
2020-07-06,,,3,0,14,450,178,1178
2020-07-07,,,3,0,15,453,179,1193
2020-07-08,,,3,0,15,456,179,1208
2020-07-09,,,3,0,15,459,179,1223
2020-07-10,,,3,0,16,462,180,1239
2020-07-11,,,3,0,16,465,180,1255
2020-07-12,,,3,0,17,469,180,1272
2020-07-13,,,3,0,17,472,181,1289
2020-07-14,,,3,0,18,476,181,1307
2020-07-15,,,4,0,19,479,181,1326
2020-07-16,,,4,0,19,483,182,1345
2020-07-17,,,4,0,20,486,182,1365
2020-07-18,,,4,0,21,490,182,1386
2020-07-19,,,4,0,22,494,182,1407
2020-07-20,,,4,0,22,498,183,1430
2020-07-21,,,4,0,23,502,183,1453
2020-07-22,,,4,0,24,506,183,1477
2020-07-23,,,4,0,25,510,183,1502
2020-07-24,,,4,0,26,515,183,1528
2020-07-25,,,4,0,27,519,184,1555
2020-07-26,,,5,0,28,524,184,1583
2020-07-27,,,5,0,29,528,184,1611
2020-07-28,,,5,0,30,533,184,1641
2020-07-29,,,5,0,31,538,184,1672
2020-07-30,,,5,0,32,543,184,1705
2020-07-31,,,5,0,33,548,185,1738
2020-08-01,,,5,0,35,554,185,1773
2020-08-02,,,5,0,36,559,185,1809
2020-08-03,,,6,0,37,565,185,1846
2020-08-04,,,6,0,39,571,185,1885
