date,actual_deaths,total_deaths,predicted_deaths_mean,predicted_deaths_lower,predicted_deaths_upper,predicted_total_deaths_mean,predicted_total_deaths_lower,predicted_total_deaths_upper
2020-02-13,,,,,,,,
2020-02-14,,,,,,,,
2020-02-15,,,,,,,,
2020-02-16,,,,,,,,
2020-02-17,,,,,,,,
2020-02-18,,,,,,,,
2020-02-19,,,,,,,,
2020-02-20,,,,,,,,
2020-02-21,,,,,,,,
2020-02-22,,,,,,,,
2020-02-23,,,,,,,,
2020-02-24,,,,,,,,
2020-02-25,,,,,,,,
2020-02-26,,,,,,,,
2020-02-27,,,,,,,,
2020-02-28,,,,,,,,
2020-02-29,,,,,,,,
2020-03-01,,,,,,,,
2020-03-02,,,,,,,,
2020-03-03,,,,,,,,
2020-03-04,,,,,,,,
2020-03-05,,,,,,,,
2020-03-06,,,,,,,,
2020-03-07,,,,,,,,
2020-03-08,,,,,,,,
2020-03-09,2,2,,,,,,
2020-03-10,0,2,,,,,,
2020-03-11,1,3,,,,,,
2020-03-12,0,3,,,,,,
2020-03-13,4,7,,,,,,
2020-03-14,2,9,,,,,,
2020-03-15,2,11,,,,,,
2020-03-16,6,17,,,,,,
2020-03-17,7,24,,,,,,
2020-03-18,4,28,,,,,,
2020-03-19,16,44,,,,,,
2020-03-20,23,67,,,,,,
2020-03-21,17,84,,,,,,
2020-03-22,10,94,,,,,,
2020-03-23,29,123,,,,,,
2020-03-24,34,157,,,,,,
2020-03-25,49,206,,,,,,
2020-03-26,61,267,,,,,,
2020-03-27,75,342,,,,,,
2020-03-28,91,433,,,,,,
2020-03-29,100,533,,,,,,
2020-03-30,112,645,,,,,,
2020-03-31,130,775,,,,,,
2020-04-01,145,920,,,,,,
2020-04-02,187,1107,,,,,,
2020-04-03,168,1275,,,,,,
2020-04-04,169,1444,,,,,,
2020-04-05,140,1584,,,,,,
2020-04-06,226,1810,,,,,,
2020-04-07,206,2016,,,,,,
2020-04-08,333,2349,,,,,,
2020-04-09,258,2607,,,,,,
2020-04-10,129,2736,,,,,,
2020-04-11,0,2736,,,,,,
2020-04-12,286,3022,,,,,,
2020-04-13,172,3194,,,,,,
2020-04-14,100,3294,,,,,,
2020-04-15,510,3804,,,,,,
2020-04-16,,,257,189,344,4061,3993,4148
2020-04-17,,,253,184,347,4314,4177,4494
2020-04-18,,,249,176,344,4563,4353,4838
2020-04-19,,,245,166,342,4807,4519,5180
2020-04-20,,,240,155,339,5047,4674,5519
2020-04-21,,,235,144,339,5282,4818,5858
2020-04-22,,,230,134,333,5512,4952,6192
2020-04-23,,,225,124,333,5736,5076,6524
2020-04-24,,,220,115,329,5956,5191,6853
2020-04-25,,,215,106,327,6171,5297,7180
2020-04-26,,,210,98,323,6380,5396,7503
2020-04-27,,,205,91,318,6585,5486,7822
2020-04-28,,,200,85,316,6786,5571,8138
2020-04-29,,,196,79,314,6981,5650,8452
2020-04-30,,,191,73,312,7173,5723,8763
2020-05-01,,,187,68,309,7360,5791,9072
2020-05-02,,,183,62,306,7543,5853,9378
2020-05-03,,,179,57,303,7722,5911,9681
2020-05-04,,,175,53,300,7897,5964,9981
2020-05-05,,,172,49,297,8069,6013,10277
2020-05-06,,,168,44,294,8237,6057,10572
2020-05-07,,,165,41,292,8401,6098,10864
2020-05-08,,,161,37,290,8562,6135,11154
2020-05-09,,,158,35,288,8720,6170,11441
2020-05-10,,,155,32,285,8875,6202,11727
2020-05-11,,,152,30,283,9027,6232,12010
2020-05-12,,,149,28,281,9176,6260,12290
2020-05-13,,,146,26,278,9322,6286,12568
2020-05-14,,,143,24,276,9466,6310,12844
2020-05-15,,,141,22,273,9606,6332,13117
2020-05-16,,,138,20,271,9745,6352,13388
2020-05-17,,,136,19,268,9880,6370,13656
2020-05-18,,,133,17,266,10014,6388,13922
2020-05-19,,,131,16,263,10145,6404,14185
2020-05-20,,,129,16,261,10274,6420,14446
2020-05-21,,,127,15,258,10400,6435,14704
2020-05-22,,,124,14,256,10525,6449,14960
2020-05-23,,,122,13,253,10647,6462,15213
2020-05-24,,,120,12,251,10767,6474,15464
2020-05-25,,,118,11,249,10886,6485,15714
2020-05-26,,,116,10,247,11002,6495,15961
2020-05-27,,,115,10,245,11117,6505,16206
2020-05-28,,,113,9,243,11229,6514,16449
2020-05-29,,,111,9,241,11340,6523,16690
2020-05-30,,,109,8,239,11450,6531,16929
2020-05-31,,,108,8,237,11557,6539,17166
2020-06-01,,,106,7,235,11663,6546,17401
2020-06-02,,,104,7,233,11767,6552,17633
2020-06-03,,,103,6,231,11870,6559,17864
2020-06-04,,,101,6,229,11971,6565,18093
2020-06-05,,,100,6,226,12071,6570,18319
2020-06-06,,,98,5,224,12169,6575,18543
2020-06-07,,,97,5,222,12265,6580,18765
2020-06-08,,,95,5,220,12360,6585,18985
2020-06-09,,,94,5,218,12454,6590,19203
2020-06-10,,,92,4,216,12547,6594,19419
2020-06-11,,,91,4,214,12638,6598,19633
2020-06-12,,,90,4,212,12728,6602,19845
2020-06-13,,,88,4,210,12816,6606,20056
2020-06-14,,,87,4,208,12903,6610,20264
2020-06-15,,,86,3,206,12989,6613,20470
2020-06-16,,,85,3,205,13074,6616,20675
2020-06-17,,,84,3,203,13157,6619,20878
2020-06-18,,,83,3,201,13240,6622,21079
2020-06-19,,,82,3,200,13322,6625,21279
2020-06-20,,,82,3,200,13404,6628,21479
2020-06-21,,,82,3,199,13487,6631,21678
2020-06-22,,,83,3,200,13569,6634,21879
2020-06-23,,,84,3,204,13653,6637,22082
2020-06-24,,,85,3,210,13737,6640,22292
2020-06-25,,,86,3,217,13823,6643,22509
2020-06-26,,,87,3,224,13910,6646,22733
2020-06-27,,,89,3,233,13999,6649,22967
2020-06-28,,,90,3,242,14089,6653,23209
2020-06-29,,,92,4,250,14181,6656,23459
2020-06-30,,,93,4,259,14275,6660,23718
2020-07-01,,,95,3,269,14370,6663,23987
2020-07-02,,,97,3,280,14467,6666,24267
2020-07-03,,,99,3,290,14566,6670,24557
2020-07-04,,,101,3,301,14668,6673,24858
2020-07-05,,,104,3,312,14771,6676,25171
2020-07-06,,,106,3,324,14877,6679,25495
2020-07-07,,,108,3,336,14986,6682,25831
2020-07-08,,,111,3,349,15097,6685,26181
2020-07-09,,,114,3,362,15211,6689,26543
2020-07-10,,,117,3,376,15327,6692,26919
2020-07-11,,,120,3,390,15447,6694,27309
2020-07-12,,,123,3,404,15570,6697,27713
2020-07-13,,,126,3,420,15696,6700,28133
2020-07-14,,,129,3,435,15825,6702,28568
2020-07-15,,,133,2,452,15958,6705,29020
2020-07-16,,,137,2,469,16094,6707,29488
2020-07-17,,,140,2,486,16235,6709,29974
2020-07-18,,,144,2,504,16379,6711,30479
2020-07-19,,,149,2,523,16528,6714,31002
2020-07-20,,,153,2,543,16681,6715,31545
2020-07-21,,,158,2,563,16838,6717,32108
2020-07-22,,,162,2,584,17000,6719,32692
2020-07-23,,,167,2,606,17168,6721,33298
2020-07-24,,,172,2,629,17340,6722,33927
2020-07-25,,,178,2,652,17518,6724,34579
2020-07-26,,,183,1,677,17701,6726,35256
2020-07-27,,,189,1,702,17890,6727,35958
2020-07-28,,,195,1,728,18085,6728,36686
2020-07-29,,,201,1,756,18286,6730,37441
2020-07-30,,,208,1,784,18494,6731,38225
2020-07-31,,,215,1,813,18708,6732,39038
2020-08-01,,,222,1,844,18930,6733,39882
2020-08-02,,,229,1,875,19159,6734,40757
2020-08-03,,,236,1,908,19395,6735,41665
2020-08-04,,,244,1,942,19639,6736,42607
