date,actual_deaths,total_deaths,predicted_deaths_mean,predicted_deaths_lower,predicted_deaths_upper,predicted_total_deaths_mean,predicted_total_deaths_lower,predicted_total_deaths_upper
2020-02-16,,,,,,,,
2020-02-17,,,,,,,,
2020-02-18,,,,,,,,
2020-02-19,,,,,,,,
2020-02-20,,,,,,,,
2020-02-21,,,,,,,,
2020-02-22,,,,,,,,
2020-02-23,,,,,,,,
2020-02-24,,,,,,,,
2020-02-25,,,,,,,,
2020-02-26,,,,,,,,
2020-02-27,,,,,,,,
2020-02-28,,,,,,,,
2020-02-29,,,,,,,,
2020-03-01,,,,,,,,
2020-03-02,,,,,,,,
2020-03-03,,,,,,,,
2020-03-04,,,,,,,,
2020-03-05,,,,,,,,
2020-03-06,,,,,,,,
2020-03-07,,,,,,,,
2020-03-08,,,,,,,,
2020-03-09,,,,,,,,
2020-03-10,,,,,,,,
2020-03-11,1,1,,,,,,
2020-03-12,0,1,,,,,,
2020-03-13,0,1,,,,,,
2020-03-14,2,3,,,,,,
2020-03-15,1,4,,,,,,
2020-03-16,0,4,,,,,,
2020-03-17,1,5,,,,,,
2020-03-18,0,5,,,,,,
2020-03-19,1,6,,,,,,
2020-03-20,0,6,,,,,,
2020-03-21,7,13,,,,,,
2020-03-22,2,15,,,,,,
2020-03-23,2,17,,,,,,
2020-03-24,3,20,,,,,,
2020-03-25,2,22,,,,,,
2020-03-26,4,26,,,,,,
2020-03-27,2,28,,,,,,
2020-03-28,4,32,,,,,,
2020-03-29,6,38,,,,,,
2020-03-30,5,43,,,,,,
2020-03-31,6,49,,,,,,
2020-04-01,1,50,,,,,,
2020-04-02,3,53,,,,,,
2020-04-03,10,63,,,,,,
2020-04-04,5,68,,,,,,
2020-04-05,5,73,,,,,,
2020-04-06,6,79,,,,,,
2020-04-07,2,81,,,,,,
2020-04-08,2,83,,,,,,
2020-04-09,4,87,,,,,,
2020-04-10,5,92,,,,,,
2020-04-11,1,93,,,,,,
2020-04-12,5,98,,,,,,
2020-04-13,1,99,,,,,,
2020-04-14,2,101,,,,,,
2020-04-15,1,102,,,,,,
2020-04-16,,,6,3,11,108,105,113
2020-04-17,,,6,3,11,113,108,125
2020-04-18,,,6,3,12,119,111,136
2020-04-19,,,6,3,12,124,114,148
2020-04-20,,,6,3,12,130,116,159
2020-04-21,,,5,2,12,135,119,171
2020-04-22,,,5,2,12,141,121,182
2020-04-23,,,5,2,11,146,123,194
2020-04-24,,,5,2,11,151,125,205
2020-04-25,,,5,2,11,156,128,216
2020-04-26,,,5,2,11,161,129,226
2020-04-27,,,5,2,10,166,131,237
2020-04-28,,,5,2,10,171,133,247
2020-04-29,,,5,2,10,176,135,256
2020-04-30,,,4,2,10,180,136,266
2020-05-01,,,4,1,9,185,138,275
2020-05-02,,,4,1,9,189,139,284
2020-05-03,,,4,1,9,193,140,294
2020-05-04,,,4,1,9,197,142,303
2020-05-05,,,4,1,9,201,143,312
2020-05-06,,,4,1,9,205,144,320
2020-05-07,,,4,1,9,208,145,329
2020-05-08,,,4,1,9,212,146,338
2020-05-09,,,4,1,9,216,147,346
2020-05-10,,,3,1,9,219,148,355
2020-05-11,,,3,1,9,223,149,364
2020-05-12,,,3,1,8,226,150,372
2020-05-13,,,3,1,8,229,151,380
2020-05-14,,,3,1,8,232,152,389
2020-05-15,,,3,1,8,235,153,397
2020-05-16,,,3,1,8,238,154,405
2020-05-17,,,3,1,8,241,155,413
2020-05-18,,,3,1,8,244,155,421
2020-05-19,,,3,1,8,247,156,429
2020-05-20,,,3,1,8,250,157,437
2020-05-21,,,3,1,8,253,158,445
2020-05-22,,,3,1,8,255,158,453
2020-05-23,,,3,1,8,258,159,460
2020-05-24,,,3,1,8,261,160,468
2020-05-25,,,3,1,8,263,160,476
2020-05-26,,,2,1,8,266,161,484
2020-05-27,,,2,1,8,268,162,491
2020-05-28,,,2,1,8,270,162,499
2020-05-29,,,2,1,7,273,163,506
2020-05-30,,,2,1,7,275,164,514
2020-05-31,,,2,1,7,277,164,521
2020-06-01,,,2,1,7,280,165,529
2020-06-02,,,2,1,7,282,165,536
2020-06-03,,,2,1,7,284,166,543
2020-06-04,,,2,1,7,286,166,550
2020-06-05,,,2,1,7,288,167,558
2020-06-06,,,2,1,7,290,167,565
2020-06-07,,,2,1,7,292,168,572
2020-06-08,,,2,0,7,294,168,579
2020-06-09,,,2,0,7,296,169,586
2020-06-10,,,2,0,7,298,169,593
2020-06-11,,,2,0,7,300,170,600
2020-06-12,,,2,0,7,302,170,606
2020-06-13,,,2,0,7,304,171,613
2020-06-14,,,2,0,7,306,171,620
2020-06-15,,,2,0,7,308,172,627
2020-06-16,,,2,0,7,309,172,633
2020-06-17,,,2,0,7,311,172,640
2020-06-18,,,2,0,7,313,173,646
2020-06-19,,,2,0,7,314,173,653
2020-06-20,,,2,0,6,316,173,659
2020-06-21,,,2,0,6,318,174,666
2020-06-22,,,2,0,6,319,174,672
2020-06-23,,,2,0,7,321,175,679
2020-06-24,,,2,0,7,323,175,686
2020-06-25,,,2,0,7,325,175,692
2020-06-26,,,2,0,7,326,176,699
2020-06-27,,,2,0,7,328,176,706
2020-06-28,,,2,0,7,330,176,714
2020-06-29,,,2,0,7,332,177,721
2020-06-30,,,2,0,8,334,177,729
2020-07-01,,,2,0,8,336,178,737
2020-07-02,,,2,0,8,337,178,745
2020-07-03,,,2,0,9,339,178,754
2020-07-04,,,2,0,9,341,179,763
2020-07-05,,,2,0,9,343,179,772
2020-07-06,,,2,0,10,345,179,781
2020-07-07,,,2,0,10,347,180,791
2020-07-08,,,2,0,10,350,180,801
2020-07-09,,,2,0,11,352,180,812
2020-07-10,,,2,0,11,354,180,823
2020-07-11,,,2,0,11,356,181,835
2020-07-12,,,2,0,12,358,181,846
2020-07-13,,,2,0,12,361,181,859
2020-07-14,,,2,0,13,363,182,871
2020-07-15,,,2,0,13,365,182,884
2020-07-16,,,2,0,14,368,182,898
2020-07-17,,,2,0,14,370,182,912
2020-07-18,,,3,0,15,373,182,927
2020-07-19,,,3,0,15,375,183,942
2020-07-20,,,3,0,16,378,183,958
2020-07-21,,,3,0,16,381,183,974
2020-07-22,,,3,0,17,383,183,991
2020-07-23,,,3,0,18,386,183,1008
2020-07-24,,,3,0,18,389,184,1026
2020-07-25,,,3,0,19,392,184,1045
2020-07-26,,,3,0,20,395,184,1065
2020-07-27,,,3,0,20,398,184,1085
2020-07-28,,,3,0,21,401,184,1106
2020-07-29,,,3,0,22,405,184,1128
2020-07-30,,,3,0,23,408,184,1151
2020-07-31,,,3,0,24,411,185,1174
2020-08-01,,,4,0,24,415,185,1199
2020-08-02,,,4,0,25,419,185,1224
2020-08-03,,,4,0,26,422,185,1250
2020-08-04,,,4,0,27,426,185,1278
