date,actual_deaths,total_deaths,predicted_deaths_mean,predicted_deaths_lower,predicted_deaths_upper,predicted_total_deaths_mean,predicted_total_deaths_lower,predicted_total_deaths_upper
2020-01-25,,,,,,,,
2020-01-26,,,,,,,,
2020-01-27,,,,,,,,
2020-01-28,,,,,,,,
2020-01-29,,,,,,,,
2020-01-30,,,,,,,,
2020-01-31,,,,,,,,
2020-02-01,,,,,,,,
2020-02-02,,,,,,,,
2020-02-03,,,,,,,,
2020-02-04,,,,,,,,
2020-02-05,,,,,,,,
2020-02-06,,,,,,,,
2020-02-07,,,,,,,,
2020-02-08,,,,,,,,
2020-02-09,,,,,,,,
2020-02-10,,,,,,,,
2020-02-11,,,,,,,,
2020-02-12,,,,,,,,
2020-02-13,,,,,,,,
2020-02-14,,,,,,,,
2020-02-15,,,,,,,,
2020-02-16,,,,,,,,
2020-02-17,,,,,,,,
2020-02-18,,,,,,,,
2020-02-19,2,2,,,,,,
2020-02-20,0,2,,,,,,
2020-02-21,2,4,,,,,,
2020-02-22,1,5,,,,,,
2020-02-23,3,8,,,,,,
2020-02-24,4,12,,,,,,
2020-02-25,4,16,,,,,,
2020-02-26,3,19,,,,,,
2020-02-27,7,26,,,,,,
2020-02-28,8,34,,,,,,
2020-02-29,9,43,,,,,,
2020-03-01,11,54,,,,,,
2020-03-02,12,66,,,,,,
2020-03-03,11,77,,,,,,
2020-03-04,15,92,,,,,,
2020-03-05,15,107,,,,,,
2020-03-06,17,124,,,,,,
2020-03-07,21,145,,,,,,
2020-03-08,49,194,,,,,,
2020-03-09,43,237,,,,,,
2020-03-10,54,291,,,,,,
2020-03-11,63,354,,,,,,
2020-03-12,75,429,,,,,,
2020-03-13,85,514,,,,,,
2020-03-14,97,611,,,,,,
2020-03-15,113,724,,,,,,
2020-03-16,129,853,,,,,,
2020-03-17,135,988,,,,,,
2020-03-18,147,1135,,,,,,
2020-03-19,149,1284,,,,,,
2020-03-20,149,1433,,,,,,
2020-03-21,123,1556,,,,,,
2020-03-22,129,1685,,,,,,
2020-03-23,127,1812,,,,,,
2020-03-24,122,1934,,,,,,
2020-03-25,143,2077,,,,,,
2020-03-26,157,2234,,,,,,
2020-03-27,144,2378,,,,,,
2020-03-28,139,2517,,,,,,
2020-03-29,123,2640,,,,,,
2020-03-30,117,2757,,,,,,
2020-03-31,141,2898,,,,,,
2020-04-01,138,3036,,,,,,
2020-04-02,124,3160,,,,,,
2020-04-03,134,3294,,,,,,
2020-04-04,158,3452,,,,,,
2020-04-05,151,3603,,,,,,
2020-04-06,136,3739,,,,,,
2020-04-07,133,3872,,,,,,
2020-04-08,121,3993,,,,,,
2020-04-09,117,4110,,,,,,
2020-04-10,122,4232,,,,,,
2020-04-11,125,4357,,,,,,
2020-04-12,117,4474,,,,,,
2020-04-13,111,4585,,,,,,
2020-04-14,98,4683,,,,,,
2020-04-15,94,4777,,,,,,
2020-04-16,,,102,66,133,4879,4843,4910
2020-04-17,,,100,63,132,4978,4905,5042
2020-04-18,,,98,60,131,5077,4965,5173
2020-04-19,,,96,57,129,5173,5022,5302
2020-04-20,,,95,55,128,5268,5077,5431
2020-04-21,,,93,52,127,5361,5129,5558
2020-04-22,,,91,50,126,5452,5180,5684
2020-04-23,,,90,48,125,5542,5227,5809
2020-04-24,,,88,45,124,5630,5272,5933
2020-04-25,,,87,43,123,5717,5316,6056
2020-04-26,,,85,41,122,5803,5357,6177
2020-04-27,,,84,39,121,5887,5396,6298
2020-04-28,,,83,38,120,5969,5434,6418
2020-04-29,,,81,36,119,6050,5470,6537
2020-04-30,,,80,34,118,6130,5505,6655
2020-05-01,,,79,33,117,6209,5537,6772
2020-05-02,,,77,31,116,6286,5569,6887
2020-05-03,,,76,30,115,6362,5598,7002
2020-05-04,,,75,28,114,6437,5627,7116
2020-05-05,,,74,27,113,6510,5654,7229
2020-05-06,,,72,26,112,6583,5680,7341
2020-05-07,,,71,25,111,6654,5705,7452
2020-05-08,,,70,24,110,6724,5728,7562
2020-05-09,,,69,23,109,6793,5751,7672
2020-05-10,,,68,22,109,6861,5773,7780
2020-05-11,,,67,21,108,6928,5793,7888
2020-05-12,,,66,20,107,6994,5813,7995
2020-05-13,,,65,19,106,7059,5832,8101
2020-05-14,,,64,18,105,7123,5850,8206
2020-05-15,,,63,17,104,7186,5868,8310
2020-05-16,,,62,17,104,7248,5884,8414
2020-05-17,,,61,16,103,7309,5900,8517
2020-05-18,,,60,15,102,7369,5916,8619
2020-05-19,,,59,15,101,7428,5930,8720
2020-05-20,,,58,14,100,7486,5945,8820
2020-05-21,,,57,14,99,7543,5958,8920
2020-05-22,,,57,13,99,7600,5971,9018
2020-05-23,,,56,13,98,7656,5984,9116
2020-05-24,,,55,12,97,7711,5996,9213
2020-05-25,,,54,12,96,7765,6008,9309
2020-05-26,,,53,11,95,7818,6019,9405
2020-05-27,,,52,11,95,7870,6029,9499
2020-05-28,,,52,10,94,7922,6040,9593
2020-05-29,,,51,10,93,7973,6050,9686
2020-05-30,,,50,10,92,8023,6059,9779
2020-05-31,,,50,9,91,8073,6068,9870
2020-06-01,,,49,9,91,8122,6077,9961
2020-06-02,,,48,9,90,8170,6086,10051
2020-06-03,,,47,8,89,8217,6094,10140
2020-06-04,,,47,8,88,8264,6102,10228
2020-06-05,,,46,8,87,8310,6110,10315
2020-06-06,,,45,7,87,8355,6117,10402
2020-06-07,,,45,7,86,8400,6125,10488
2020-06-08,,,44,7,85,8444,6131,10573
2020-06-09,,,43,7,84,8487,6138,10657
2020-06-10,,,43,6,83,8530,6144,10741
2020-06-11,,,42,6,83,8572,6150,10823
2020-06-12,,,42,6,82,8614,6156,10905
2020-06-13,,,41,6,81,8655,6162,10987
2020-06-14,,,40,5,80,8695,6167,11067
2020-06-15,,,40,5,80,8735,6173,11147
2020-06-16,,,39,5,79,8775,6178,11225
2020-06-17,,,39,5,78,8813,6183,11303
2020-06-18,,,38,5,77,8851,6187,11381
2020-06-19,,,38,5,77,8889,6192,11457
2020-06-20,,,37,4,76,8926,6196,11533
2020-06-21,,,37,4,75,8963,6201,11609
2020-06-22,,,36,4,74,8999,6205,11683
2020-06-23,,,36,4,74,9034,6209,11757
2020-06-24,,,35,4,73,9069,6213,11830
2020-06-25,,,34,4,72,9104,6216,11902
2020-06-26,,,34,4,72,9138,6220,11974
2020-06-27,,,34,3,71,9171,6223,12045
2020-06-28,,,33,3,70,9204,6226,12115
2020-06-29,,,33,3,70,9237,6229,12184
2020-06-30,,,32,3,69,9269,6232,12253
2020-07-01,,,32,3,68,9300,6235,12321
2020-07-02,,,31,3,68,9332,6238,12389
2020-07-03,,,31,3,67,9362,6241,12456
2020-07-04,,,30,2,66,9392,6243,12522
2020-07-05,,,30,2,65,9422,6245,12587
2020-07-06,,,29,2,65,9452,6248,12652
2020-07-07,,,29,2,64,9481,6250,12716
2020-07-08,,,28,2,64,9509,6252,12780
2020-07-09,,,28,2,63,9537,6254,12843
2020-07-10,,,28,2,62,9565,6255,12905
2020-07-11,,,27,2,62,9592,6257,12967
2020-07-12,,,27,2,61,9619,6259,13028
2020-07-13,,,26,2,60,9645,6260,13088
2020-07-14,,,26,1,60,9671,6262,13148
2020-07-15,,,26,1,59,9697,6263,13207
2020-07-16,,,25,1,59,9722,6264,13266
2020-07-17,,,25,1,58,9747,6266,13323
2020-07-18,,,25,1,57,9772,6267,13381
2020-07-19,,,24,1,57,9796,6268,13438
2020-07-20,,,24,1,56,9820,6269,13494
2020-07-21,,,24,1,56,9844,6270,13549
2020-07-22,,,23,1,55,9867,6271,13604
2020-07-23,,,23,1,54,9890,6271,13659
2020-07-24,,,23,1,54,9912,6272,13713
2020-07-25,,,22,1,53,9935,6273,13766
2020-07-26,,,22,1,53,9957,6274,13819
2020-07-27,,,22,1,52,9978,6274,13871
2020-07-28,,,21,1,52,10000,6275,13923
2020-07-29,,,21,1,51,10021,6276,13974
2020-07-30,,,21,1,51,10041,6276,14025
2020-07-31,,,20,1,50,10062,6277,14075
2020-08-01,,,20,1,50,10082,6277,14125
2020-08-02,,,20,0,49,10102,6278,14174
2020-08-03,,,20,0,49,10121,6278,14223
2020-08-04,,,19,0,48,10141,6279,14271
