date,actual_deaths,total_deaths,predicted_deaths_mean,predicted_deaths_lower,predicted_deaths_upper,predicted_total_deaths_mean,predicted_total_deaths_lower,predicted_total_deaths_upper
2020-02-26,,,,,,,,
2020-02-27,,,,,,,,
2020-02-28,,,,,,,,
2020-02-29,,,,,,,,
2020-03-01,,,,,,,,
2020-03-02,,,,,,,,
2020-03-03,,,,,,,,
2020-03-04,,,,,,,,
2020-03-05,,,,,,,,
2020-03-06,,,,,,,,
2020-03-07,,,,,,,,
2020-03-08,,,,,,,,
2020-03-09,,,,,,,,
2020-03-10,,,,,,,,
2020-03-11,,,,,,,,
2020-03-12,,,,,,,,
2020-03-13,,,,,,,,
2020-03-14,,,,,,,,
2020-03-15,,,,,,,,
2020-03-16,,,,,,,,
2020-03-17,,,,,,,,
2020-03-18,,,,,,,,
2020-03-19,,,,,,,,
2020-03-20,,,,,,,,
2020-03-21,1,1,,,,,,
2020-03-22,0,1,,,,,,
2020-03-23,0,1,,,,,,
2020-03-24,1,2,,,,,,
2020-03-25,2,4,,,,,,
2020-03-26,0,4,,,,,,
2020-03-27,1,5,,,,,,
2020-03-28,2,7,,,,,,
2020-03-29,0,7,,,,,,
2020-03-30,0,7,,,,,,
2020-03-31,1,8,,,,,,
2020-04-01,0,8,,,,,,
2020-04-02,1,9,,,,,,
2020-04-03,0,9,,,,,,
2020-04-04,2,11,,,,,,
2020-04-05,2,13,,,,,,
2020-04-06,2,15,,,,,,
2020-04-07,0,15,,,,,,
2020-04-08,0,15,,,,,,
2020-04-09,1,16,,,,,,
2020-04-10,6,22,,,,,,
2020-04-11,1,23,,,,,,
2020-04-12,0,23,,,,,,
2020-04-13,1,24,,,,,,
2020-04-14,5,29,,,,,,
2020-04-15,1,30,,,,,,
2020-04-16,,,4,2,6,34,32,36
2020-04-17,,,4,2,7,37,34,43
2020-04-18,,,4,2,7,41,36,50
2020-04-19,,,4,2,7,45,38,57
2020-04-20,,,4,2,8,49,40,65
2020-04-21,,,4,2,8,53,42,73
2020-04-22,,,4,2,8,57,44,81
2020-04-23,,,4,2,8,60,46,89
2020-04-24,,,4,2,8,64,47,97
2020-04-25,,,4,2,8,68,49,106
2020-04-26,,,4,2,8,72,50,114
2020-04-27,,,4,1,8,75,52,122
2020-04-28,,,4,1,8,79,53,131
2020-04-29,,,4,1,8,82,55,139
2020-04-30,,,3,1,8,86,56,146
2020-05-01,,,3,1,8,89,57,154
2020-05-02,,,3,1,8,93,59,162
2020-05-03,,,3,1,8,96,60,169
2020-05-04,,,3,1,7,99,61,177
2020-05-05,,,3,1,7,102,62,184
2020-05-06,,,3,1,7,105,63,191
2020-05-07,,,3,1,7,108,65,198
2020-05-08,,,3,1,7,111,66,205
2020-05-09,,,3,1,7,114,67,212
2020-05-10,,,3,1,7,117,68,219
2020-05-11,,,3,1,7,120,69,225
2020-05-12,,,3,1,7,123,70,232
2020-05-13,,,3,1,6,125,70,238
2020-05-14,,,3,1,6,128,71,244
2020-05-15,,,3,1,6,131,72,251
2020-05-16,,,3,1,6,133,73,257
2020-05-17,,,3,1,6,136,74,263
2020-05-18,,,3,1,6,138,75,269
2020-05-19,,,2,1,6,141,76,275
2020-05-20,,,2,1,6,143,76,281
2020-05-21,,,2,1,6,146,77,287
2020-05-22,,,2,1,6,148,78,293
2020-05-23,,,2,1,6,150,79,299
2020-05-24,,,2,1,6,153,80,305
2020-05-25,,,2,1,6,155,80,311
2020-05-26,,,2,1,6,157,81,317
2020-05-27,,,2,1,6,159,82,323
2020-05-28,,,2,1,6,162,82,329
2020-05-29,,,2,1,6,164,83,335
2020-05-30,,,2,1,6,166,84,341
2020-05-31,,,2,1,6,168,84,347
2020-06-01,,,2,1,6,170,85,353
2020-06-02,,,2,1,6,172,85,358
2020-06-03,,,2,1,6,174,86,364
2020-06-04,,,2,1,6,176,87,370
2020-06-05,,,2,1,6,178,87,376
2020-06-06,,,2,1,6,180,88,381
2020-06-07,,,2,1,6,182,88,387
2020-06-08,,,2,1,6,184,89,392
2020-06-09,,,2,1,6,185,89,398
2020-06-10,,,2,1,6,187,90,403
2020-06-11,,,2,1,5,189,90,409
2020-06-12,,,2,0,5,191,91,414
2020-06-13,,,2,0,5,193,91,420
2020-06-14,,,2,0,5,194,92,425
2020-06-15,,,2,0,5,196,92,431
2020-06-16,,,2,0,5,198,93,436
2020-06-17,,,2,0,5,199,93,441
2020-06-18,,,2,0,5,201,94,447
2020-06-19,,,2,0,5,203,94,452
2020-06-20,,,2,0,5,204,95,457
2020-06-21,,,2,0,5,206,95,462
2020-06-22,,,2,0,5,207,95,468
2020-06-23,,,2,0,5,209,96,473
2020-06-24,,,2,0,6,211,96,479
2020-06-25,,,2,0,6,212,97,485
2020-06-26,,,2,0,6,214,97,491
2020-06-27,,,2,0,6,216,97,497
2020-06-28,,,2,0,6,218,98,503
2020-06-29,,,2,0,7,220,98,510
2020-06-30,,,2,0,7,221,99,516
2020-07-01,,,2,0,7,223,99,523
2020-07-02,,,2,0,7,225,100,531
2020-07-03,,,2,0,8,227,100,538
2020-07-04,,,2,0,8,229,100,546
2020-07-05,,,2,0,8,231,101,554
2020-07-06,,,2,0,8,233,101,563
2020-07-07,,,2,0,9,235,101,571
2020-07-08,,,2,0,9,237,102,581
2020-07-09,,,2,0,9,239,102,590
2020-07-10,,,2,0,10,241,103,600
2020-07-11,,,2,0,10,243,103,610
2020-07-12,,,2,0,10,246,103,620
2020-07-13,,,2,0,11,248,104,631
2020-07-14,,,2,0,11,250,104,642
2020-07-15,,,2,0,12,253,104,654
2020-07-16,,,2,0,12,255,104,666
2020-07-17,,,2,0,13,257,105,679
2020-07-18,,,2,0,13,260,105,692
2020-07-19,,,3,0,14,262,105,705
2020-07-20,,,3,0,14,265,105,719
2020-07-21,,,3,0,15,268,106,734
2020-07-22,,,3,0,15,270,106,749
2020-07-23,,,3,0,16,273,106,765
2020-07-24,,,3,0,16,276,106,781
2020-07-25,,,3,0,17,279,106,798
2020-07-26,,,3,0,18,282,107,816
2020-07-27,,,3,0,18,285,107,834
2020-07-28,,,3,0,19,288,107,853
2020-07-29,,,3,0,20,292,107,872
2020-07-30,,,3,0,20,295,107,893
2020-07-31,,,3,0,21,298,107,914
2020-08-01,,,4,0,22,302,108,936
2020-08-02,,,4,0,23,306,108,958
2020-08-03,,,4,0,24,309,108,982
2020-08-04,,,4,0,24,313,108,1006
