date,actual_deaths,total_deaths,predicted_deaths_mean,predicted_deaths_lower,predicted_deaths_upper,predicted_total_deaths_mean,predicted_total_deaths_lower,predicted_total_deaths_upper
2020-01-31,,,,,,,,
2020-02-01,,,,,,,,
2020-02-02,,,,,,,,
2020-02-03,,,,,,,,
2020-02-04,,,,,,,,
2020-02-05,,,,,,,,
2020-02-06,,,,,,,,
2020-02-07,,,,,,,,
2020-02-08,,,,,,,,
2020-02-09,,,,,,,,
2020-02-10,,,,,,,,
2020-02-11,,,,,,,,
2020-02-12,,,,,,,,
2020-02-13,,,,,,,,
2020-02-14,,,,,,,,
2020-02-15,,,,,,,,
2020-02-16,,,,,,,,
2020-02-17,,,,,,,,
2020-02-18,,,,,,,,
2020-02-19,,,,,,,,
2020-02-20,,,,,,,,
2020-02-21,,,,,,,,
2020-02-22,,,,,,,,
2020-02-23,,,,,,,,
2020-02-24,,,,,,,,
2020-02-25,,,,,,,,
2020-02-26,,,,,,,,
2020-02-27,,,,,,,,
2020-02-28,,,,,,,,
2020-02-29,,,,,,,,
2020-03-01,,,,,,,,
2020-03-02,,,,,,,,
2020-03-03,,,,,,,,
2020-03-04,,,,,,,,
2020-03-05,,,,,,,,
2020-03-06,,,,,,,,
2020-03-07,,,,,,,,
2020-03-08,,,,,,,,
2020-03-09,,,,,,,,
2020-03-10,,,,,,,,
2020-03-11,17,17,,,,,,
2020-03-12,0,17,,,,,,
2020-03-13,0,17,,,,,,
2020-03-14,0,17,,,,,,
2020-03-15,0,17,,,,,,
2020-03-16,0,17,,,,,,
2020-03-17,0,17,,,,,,
2020-03-18,0,17,,,,,,
2020-03-19,0,17,,,,,,
2020-03-20,1,18,,,,,,
2020-03-21,1,19,,,,,,
2020-03-22,6,25,,,,,,
2020-03-23,8,33,,,,,,
2020-03-24,2,35,,,,,,
2020-03-25,3,38,,,,,,
2020-03-26,7,45,,,,,,
2020-03-27,9,54,,,,,,
2020-03-28,14,68,,,,,,
2020-03-29,3,71,,,,,,
2020-03-30,7,78,,,,,,
2020-03-31,10,88,,,,,,
2020-04-01,8,96,,,,,,
2020-04-02,11,107,,,,,,
2020-04-03,29,136,,,,,,
2020-04-04,8,144,,,,,,
2020-04-05,8,152,,,,,,
2020-04-06,11,163,,,,,,
2020-04-07,14,177,,,,,,
2020-04-08,5,182,,,,,,
2020-04-09,21,203,,,,,,
2020-04-10,18,221,,,,,,
2020-04-11,26,247,,,,,,
2020-04-12,50,297,,,,,,
2020-04-13,18,315,,,,,,
2020-04-14,20,335,,,,,,
2020-04-15,14,349,,,,,,
2020-04-16,,,28,15,42,377,364,391
2020-04-17,,,27,14,42,405,378,433
2020-04-18,,,26,13,42,431,390,475
2020-04-19,,,26,12,42,457,402,516
2020-04-20,,,25,11,41,482,414,558
2020-04-21,,,24,10,41,506,424,599
2020-04-22,,,23,10,41,529,434,640
2020-04-23,,,23,9,40,552,443,680
2020-04-24,,,22,9,40,574,452,720
2020-04-25,,,21,8,40,595,460,760
2020-04-26,,,21,7,39,616,467,799
2020-04-27,,,20,7,39,636,474,838
2020-04-28,,,20,6,39,656,481,877
2020-04-29,,,19,6,38,675,487,915
2020-04-30,,,19,6,38,693,492,953
2020-05-01,,,18,5,38,711,498,991
2020-05-02,,,18,5,38,729,502,1029
2020-05-03,,,17,5,37,746,507,1066
2020-05-04,,,17,4,37,763,512,1103
2020-05-05,,,16,4,37,779,516,1140
2020-05-06,,,16,4,37,795,520,1177
2020-05-07,,,16,4,36,811,523,1213
2020-05-08,,,15,3,36,826,527,1249
2020-05-09,,,15,3,36,841,530,1285
2020-05-10,,,15,3,36,856,533,1321
2020-05-11,,,14,3,35,870,536,1356
2020-05-12,,,14,3,35,884,539,1392
2020-05-13,,,14,3,35,898,541,1427
2020-05-14,,,13,2,35,912,544,1461
2020-05-15,,,13,2,35,925,546,1496
2020-05-16,,,13,2,34,938,548,1530
2020-05-17,,,13,2,34,951,550,1564
2020-05-18,,,12,2,34,963,552,1598
2020-05-19,,,12,2,34,975,554,1632
2020-05-20,,,12,2,34,987,556,1666
2020-05-21,,,12,2,33,999,557,1699
2020-05-22,,,12,2,33,1011,559,1732
2020-05-23,,,11,2,33,1022,561,1765
2020-05-24,,,11,1,33,1033,562,1798
2020-05-25,,,11,1,33,1044,563,1831
2020-05-26,,,11,1,32,1055,565,1863
2020-05-27,,,11,1,32,1066,566,1896
2020-05-28,,,10,1,32,1076,567,1928
2020-05-29,,,10,1,32,1086,569,1959
2020-05-30,,,10,1,32,1096,570,1991
2020-05-31,,,10,1,31,1106,571,2022
2020-06-01,,,10,1,31,1116,572,2053
2020-06-02,,,10,1,31,1126,573,2084
2020-06-03,,,9,1,31,1135,574,2115
2020-06-04,,,9,1,30,1144,575,2145
2020-06-05,,,9,1,30,1154,576,2176
2020-06-06,,,9,1,30,1163,577,2206
2020-06-07,,,9,1,30,1171,578,2236
2020-06-08,,,9,1,30,1180,579,2265
2020-06-09,,,9,1,29,1189,580,2295
2020-06-10,,,8,1,29,1197,581,2324
2020-06-11,,,8,1,29,1206,581,2353
2020-06-12,,,8,1,29,1214,582,2382
2020-06-13,,,8,1,29,1222,583,2410
2020-06-14,,,8,1,28,1230,584,2439
2020-06-15,,,8,1,28,1237,584,2467
2020-06-16,,,8,1,28,1245,585,2495
2020-06-17,,,8,1,28,1253,586,2522
2020-06-18,,,7,1,27,1260,586,2550
2020-06-19,,,7,1,27,1267,587,2577
2020-06-20,,,7,1,27,1274,588,2604
2020-06-21,,,7,1,27,1282,588,2631
2020-06-22,,,7,1,26,1288,589,2657
2020-06-23,,,7,1,26,1295,589,2684
2020-06-24,,,7,1,26,1302,590,2710
2020-06-25,,,7,0,26,1309,590,2735
2020-06-26,,,6,0,26,1315,591,2761
2020-06-27,,,6,0,25,1321,591,2786
2020-06-28,,,6,0,25,1328,592,2811
2020-06-29,,,6,0,25,1334,592,2836
2020-06-30,,,6,0,25,1340,592,2861
2020-07-01,,,6,0,24,1346,593,2885
2020-07-02,,,6,0,24,1352,593,2910
2020-07-03,,,6,0,24,1357,593,2934
2020-07-04,,,6,0,24,1363,594,2957
2020-07-05,,,6,0,24,1368,594,2981
2020-07-06,,,5,0,23,1374,594,3004
2020-07-07,,,5,0,23,1379,594,3027
2020-07-08,,,5,0,23,1384,595,3050
2020-07-09,,,5,0,23,1389,595,3073
2020-07-10,,,5,0,22,1394,595,3095
2020-07-11,,,5,0,22,1399,595,3117
2020-07-12,,,5,0,22,1404,595,3139
2020-07-13,,,5,0,22,1409,595,3161
2020-07-14,,,5,0,21,1413,596,3182
2020-07-15,,,5,0,21,1418,596,3204
2020-07-16,,,4,0,21,1422,596,3225
2020-07-17,,,4,0,21,1427,596,3246
2020-07-18,,,4,0,21,1431,596,3266
2020-07-19,,,4,0,20,1435,596,3287
2020-07-20,,,4,0,20,1439,596,3307
2020-07-21,,,4,0,20,1443,596,3327
2020-07-22,,,4,0,20,1447,596,3347
2020-07-23,,,4,0,20,1451,596,3366
2020-07-24,,,4,0,19,1455,596,3386
2020-07-25,,,4,0,19,1459,596,3405
2020-07-26,,,4,0,19,1463,596,3424
2020-07-27,,,4,0,19,1466,596,3443
2020-07-28,,,4,0,19,1470,597,3461
2020-07-29,,,4,0,18,1474,597,3480
2020-07-30,,,3,0,18,1477,597,3498
2020-07-31,,,3,0,18,1481,597,3516
2020-08-01,,,3,0,18,1484,597,3534
2020-08-02,,,3,0,18,1487,597,3552
2020-08-03,,,3,0,18,1491,597,3569
2020-08-04,,,3,0,17,1494,597,3587
