date,actual_deaths,total_deaths,predicted_deaths_mean,predicted_deaths_lower,predicted_deaths_upper,predicted_total_deaths_mean,predicted_total_deaths_lower,predicted_total_deaths_upper
2020-02-22,,,,,,,,
2020-02-23,,,,,,,,
2020-02-24,,,,,,,,
2020-02-25,,,,,,,,
2020-02-26,,,,,,,,
2020-02-27,,,,,,,,
2020-02-28,,,,,,,,
2020-02-29,,,,,,,,
2020-03-01,,,,,,,,
2020-03-02,,,,,,,,
2020-03-03,,,,,,,,
2020-03-04,,,,,,,,
2020-03-05,,,,,,,,
2020-03-06,,,,,,,,
2020-03-07,,,,,,,,
2020-03-08,,,,,,,,
2020-03-09,,,,,,,,
2020-03-10,,,,,,,,
2020-03-11,,,,,,,,
2020-03-12,,,,,,,,
2020-03-13,,,,,,,,
2020-03-14,,,,,,,,
2020-03-15,,,,,,,,
2020-03-16,,,,,,,,
2020-03-17,1,1,,,,,,
2020-03-18,1,2,,,,,,
2020-03-19,1,3,,,,,,
2020-03-20,3,6,,,,,,
2020-03-21,6,12,,,,,,
2020-03-22,2,14,,,,,,
2020-03-23,9,23,,,,,,
2020-03-24,10,33,,,,,,
2020-03-25,10,43,,,,,,
2020-03-26,17,60,,,,,,
2020-03-27,16,76,,,,,,
2020-03-28,24,100,,,,,,
2020-03-29,19,119,,,,,,
2020-03-30,21,140,,,,,,
2020-03-31,20,160,,,,,,
2020-04-01,27,187,,,,,,
2020-04-02,22,209,,,,,,
2020-04-03,37,246,,,,,,
2020-04-04,20,266,,,,,,
2020-04-05,29,295,,,,,,
2020-04-06,16,311,,,,,,
2020-04-07,34,345,,,,,,
2020-04-08,35,380,,,,,,
2020-04-09,29,409,,,,,,
2020-04-10,26,435,,,,,,
2020-04-11,35,470,,,,,,
2020-04-12,34,504,,,,,,
2020-04-13,31,535,,,,,,
2020-04-14,32,567,,,,,,
2020-04-15,32,599,,,,,,
2020-04-16,,,30,23,38,629,622,637
2020-04-17,,,30,22,38,659,644,675
2020-04-18,,,30,21,38,689,665,713
2020-04-19,,,30,20,39,719,685,752
2020-04-20,,,29,19,39,748,704,791
2020-04-21,,,29,18,39,777,722,830
2020-04-22,,,29,17,39,806,740,869
2020-04-23,,,28,17,40,834,757,909
2020-04-24,,,28,16,40,863,773,949
2020-04-25,,,28,15,40,891,788,989
2020-04-26,,,28,15,40,918,803,1029
2020-04-27,,,28,14,40,946,817,1069
2020-04-28,,,27,14,41,973,831,1110
2020-04-29,,,27,13,41,1000,844,1151
2020-04-30,,,27,12,41,1027,856,1192
2020-05-01,,,27,12,42,1054,868,1234
2020-05-02,,,26,11,42,1080,879,1276
2020-05-03,,,26,11,42,1106,890,1318
2020-05-04,,,26,11,42,1132,901,1360
2020-05-05,,,26,10,42,1158,911,1402
2020-05-06,,,26,10,43,1183,921,1445
2020-05-07,,,25,10,43,1209,931,1488
2020-05-08,,,25,9,43,1234,940,1530
2020-05-09,,,25,9,43,1259,949,1574
2020-05-10,,,25,9,43,1284,958,1617
2020-05-11,,,25,8,43,1308,967,1660
2020-05-12,,,24,8,43,1333,975,1704
2020-05-13,,,24,8,44,1357,983,1747
2020-05-14,,,24,8,44,1381,990,1791
2020-05-15,,,24,7,44,1405,998,1835
2020-05-16,,,24,7,44,1429,1005,1879
2020-05-17,,,23,7,44,1452,1012,1923
2020-05-18,,,23,7,44,1475,1018,1967
2020-05-19,,,23,6,44,1498,1025,2011
2020-05-20,,,23,6,44,1521,1031,2055
2020-05-21,,,23,6,44,1544,1037,2099
2020-05-22,,,23,6,44,1567,1043,2143
2020-05-23,,,22,6,44,1589,1049,2187
2020-05-24,,,22,6,44,1611,1055,2232
2020-05-25,,,22,5,44,1633,1060,2276
2020-05-26,,,22,5,44,1655,1065,2320
2020-05-27,,,22,5,44,1677,1071,2364
2020-05-28,,,21,5,44,1698,1076,2408
2020-05-29,,,21,5,44,1720,1081,2452
2020-05-30,,,21,5,44,1741,1085,2497
2020-05-31,,,21,5,44,1762,1090,2541
2020-06-01,,,21,5,44,1782,1095,2585
2020-06-02,,,21,4,44,1803,1099,2628
2020-06-03,,,20,4,44,1823,1104,2672
2020-06-04,,,20,4,44,1843,1108,2716
2020-06-05,,,20,4,44,1863,1112,2760
2020-06-06,,,20,4,44,1883,1116,2803
2020-06-07,,,20,4,43,1903,1120,2847
2020-06-08,,,19,4,43,1922,1124,2890
2020-06-09,,,19,4,43,1941,1128,2933
2020-06-10,,,19,4,43,1960,1131,2976
2020-06-11,,,19,4,43,1979,1135,3019
2020-06-12,,,19,3,43,1998,1138,3062
2020-06-13,,,18,3,43,2016,1142,3105
2020-06-14,,,18,3,42,2034,1145,3147
2020-06-15,,,18,3,42,2052,1148,3189
2020-06-16,,,18,3,42,2070,1151,3232
2020-06-17,,,18,3,42,2088,1154,3274
2020-06-18,,,17,3,42,2105,1157,3315
2020-06-19,,,17,3,42,2122,1160,3357
2020-06-20,,,17,3,42,2140,1163,3400
2020-06-21,,,17,3,43,2157,1166,3443
2020-06-22,,,17,3,44,2175,1170,3487
2020-06-23,,,18,3,46,2192,1173,3533
2020-06-24,,,18,3,48,2210,1176,3580
2020-06-25,,,18,3,49,2228,1179,3629
2020-06-26,,,18,3,51,2246,1183,3681
2020-06-27,,,18,3,54,2264,1186,3735
2020-06-28,,,19,3,56,2283,1190,3791
2020-06-29,,,19,3,58,2302,1193,3849
2020-06-30,,,19,3,60,2321,1196,3909
2020-07-01,,,19,3,63,2340,1200,3971
2020-07-02,,,20,3,65,2359,1203,4036
2020-07-03,,,20,4,68,2379,1207,4104
2020-07-04,,,20,4,70,2400,1210,4174
2020-07-05,,,20,3,73,2420,1214,4247
2020-07-06,,,21,3,76,2441,1217,4323
2020-07-07,,,21,3,79,2462,1220,4401
2020-07-08,,,21,3,82,2483,1223,4483
2020-07-09,,,22,3,85,2505,1226,4568
2020-07-10,,,22,3,88,2527,1229,4656
2020-07-11,,,23,3,91,2550,1232,4747
2020-07-12,,,23,3,95,2573,1235,4842
2020-07-13,,,23,3,98,2597,1238,4940
2020-07-14,,,24,3,102,2620,1240,5042
2020-07-15,,,24,2,106,2645,1243,5148
2020-07-16,,,25,2,110,2670,1245,5258
2020-07-17,,,25,2,114,2695,1247,5371
2020-07-18,,,26,2,118,2721,1249,5489
2020-07-19,,,26,2,123,2747,1251,5612
2020-07-20,,,27,2,127,2774,1253,5739
2020-07-21,,,28,2,132,2802,1255,5871
2020-07-22,,,28,2,137,2831,1257,6008
2020-07-23,,,29,2,142,2860,1259,6150
2020-07-24,,,30,2,147,2889,1260,6297
2020-07-25,,,31,2,153,2920,1262,6450
2020-07-26,,,31,1,158,2951,1263,6608
2020-07-27,,,32,1,164,2983,1265,6773
2020-07-28,,,33,1,171,3016,1266,6943
2020-07-29,,,34,1,177,3050,1267,7120
2020-07-30,,,35,1,184,3085,1269,7304
2020-07-31,,,36,1,190,3121,1270,7494
2020-08-01,,,37,1,198,3157,1271,7692
2020-08-02,,,38,1,205,3195,1272,7897
2020-08-03,,,39,1,213,3234,1273,8109
2020-08-04,,,40,1,221,3274,1274,8330
