date,actual_deaths,total_deaths,predicted_deaths_mean,predicted_deaths_lower,predicted_deaths_upper,predicted_total_deaths_mean,predicted_total_deaths_lower,predicted_total_deaths_upper
2020-03-08,,,,,,,,
2020-03-09,,,,,,,,
2020-03-10,,,,,,,,
2020-03-11,,,,,,,,
2020-03-12,,,,,,,,
2020-03-13,,,,,,,,
2020-03-14,,,,,,,,
2020-03-15,,,,,,,,
2020-03-16,,,,,,,,
2020-03-17,,,,,,,,
2020-03-18,,,,,,,,
2020-03-19,,,,,,,,
2020-03-20,,,,,,,,
2020-03-21,,,,,,,,
2020-03-22,,,,,,,,
2020-03-23,,,,,,,,
2020-03-24,,,,,,,,
2020-03-25,,,,,,,,
2020-03-26,,,,,,,,
2020-03-27,,,,,,,,
2020-03-28,,,,,,,,
2020-03-29,,,,,,,,
2020-03-30,,,,,,,,
2020-03-31,,,,,,,,
2020-04-01,1,1,,,,,,
2020-04-02,0,1,,,,,,
2020-04-03,0,1,,,,,,
2020-04-04,0,1,,,,,,
2020-04-05,0,1,,,,,,
2020-04-06,1,2,,,,,,
2020-04-07,0,2,,,,,,
2020-04-08,0,2,,,,,,
2020-04-09,0,2,,,,,,
2020-04-10,0,2,,,,,,
2020-04-11,0,2,,,,,,
2020-04-12,0,2,,,,,,
2020-04-13,0,2,,,,,,
2020-04-14,0,2,,,,,,
2020-04-15,4,6,,,,,,
2020-04-16,,,2,1,2,8,7,8
2020-04-17,,,2,1,3,9,8,11
2020-04-18,,,2,1,3,11,9,14
2020-04-19,,,2,1,3,13,10,17
2020-04-20,,,2,1,4,15,11,21
2020-04-21,,,2,1,4,17,12,25
2020-04-22,,,2,1,4,20,13,29
2020-04-23,,,2,1,4,22,15,33
2020-04-24,,,2,1,4,24,16,37
2020-04-25,,,2,1,4,26,17,41
2020-04-26,,,2,1,4,28,18,46
2020-04-27,,,2,1,4,31,19,50
2020-04-28,,,2,1,5,33,20,55
2020-04-29,,,2,1,5,35,21,59
2020-04-30,,,2,1,5,37,22,64
2020-05-01,,,2,1,5,39,23,68
2020-05-02,,,2,1,5,41,24,73
2020-05-03,,,2,1,5,44,25,77
2020-05-04,,,2,1,5,46,26,82
2020-05-05,,,2,1,5,48,27,86
2020-05-06,,,2,1,5,50,27,91
2020-05-07,,,2,1,4,52,28,95
2020-05-08,,,2,1,4,54,29,100
2020-05-09,,,2,1,4,56,30,104
2020-05-10,,,2,1,4,57,31,109
2020-05-11,,,2,1,4,59,31,113
2020-05-12,,,2,1,4,61,32,117
2020-05-13,,,2,1,4,63,33,122
2020-05-14,,,2,1,4,65,33,126
2020-05-15,,,2,1,4,67,34,130
2020-05-16,,,2,1,4,68,35,134
2020-05-17,,,2,1,4,70,35,138
2020-05-18,,,2,1,4,72,36,143
2020-05-19,,,2,1,4,74,36,147
2020-05-20,,,2,1,4,75,37,151
2020-05-21,,,2,1,4,77,37,155
2020-05-22,,,2,1,4,79,38,159
2020-05-23,,,2,0,4,80,38,163
2020-05-24,,,2,0,4,82,39,166
2020-05-25,,,2,0,4,84,39,170
2020-05-26,,,2,0,4,85,40,174
2020-05-27,,,2,0,4,87,40,178
2020-05-28,,,2,0,4,88,41,182
2020-05-29,,,2,0,4,90,41,186
2020-05-30,,,2,0,4,91,41,190
2020-05-31,,,2,0,4,93,42,193
2020-06-01,,,1,0,4,94,42,197
2020-06-02,,,1,0,4,96,43,201
2020-06-03,,,1,0,4,97,43,205
2020-06-04,,,1,0,4,99,43,208
2020-06-05,,,1,0,4,100,44,212
2020-06-06,,,1,0,4,102,44,216
2020-06-07,,,1,0,4,103,44,219
2020-06-08,,,1,0,4,104,45,223
2020-06-09,,,1,0,4,106,45,227
2020-06-10,,,1,0,4,107,45,230
2020-06-11,,,1,0,4,108,46,234
2020-06-12,,,1,0,4,110,46,237
2020-06-13,,,1,0,4,111,46,241
2020-06-14,,,1,0,4,112,46,244
2020-06-15,,,1,0,3,114,47,248
2020-06-16,,,1,0,3,115,47,251
2020-06-17,,,1,0,3,116,47,255
2020-06-18,,,1,0,3,117,47,258
2020-06-19,,,1,0,3,119,48,262
2020-06-20,,,1,0,3,120,48,265
2020-06-21,,,1,0,3,121,48,268
2020-06-22,,,1,0,3,122,48,272
2020-06-23,,,1,0,3,124,49,275
2020-06-24,,,1,0,4,125,49,279
2020-06-25,,,1,0,4,126,49,282
2020-06-26,,,1,0,4,127,50,286
2020-06-27,,,1,0,4,129,50,290
2020-06-28,,,1,0,4,130,50,294
2020-06-29,,,1,0,4,131,50,298
2020-06-30,,,1,0,4,133,51,302
2020-07-01,,,1,0,4,134,51,306
2020-07-02,,,1,0,4,136,51,311
2020-07-03,,,1,0,5,137,52,315
2020-07-04,,,1,0,5,138,52,320
2020-07-05,,,1,0,5,140,52,325
2020-07-06,,,1,0,5,141,52,330
2020-07-07,,,2,0,5,143,53,335
2020-07-08,,,2,0,5,144,53,341
2020-07-09,,,2,0,6,146,53,346
2020-07-10,,,2,0,6,148,53,352
2020-07-11,,,2,0,6,149,54,358
2020-07-12,,,2,0,6,151,54,364
2020-07-13,,,2,0,6,153,54,371
2020-07-14,,,2,0,7,154,54,378
2020-07-15,,,2,0,7,156,54,385
2020-07-16,,,2,0,7,158,55,392
2020-07-17,,,2,0,8,160,55,399
2020-07-18,,,2,0,8,162,55,407
2020-07-19,,,2,0,8,164,55,415
2020-07-20,,,2,0,8,166,55,423
2020-07-21,,,2,0,9,168,56,432
2020-07-22,,,2,0,9,170,56,441
2020-07-23,,,2,0,9,172,56,451
2020-07-24,,,2,0,10,174,56,460
2020-07-25,,,2,0,10,176,56,470
2020-07-26,,,2,0,10,178,56,481
2020-07-27,,,2,0,11,181,56,492
2020-07-28,,,2,0,11,183,56,503
2020-07-29,,,2,0,12,186,57,515
2020-07-30,,,3,0,12,188,57,527
2020-07-31,,,3,0,13,191,57,539
2020-08-01,,,3,0,13,193,57,552
2020-08-02,,,3,0,14,196,57,566
2020-08-03,,,3,0,14,199,57,580
2020-08-04,,,3,0,15,202,57,594
