date,actual_deaths,total_deaths,predicted_deaths_mean,predicted_deaths_lower,predicted_deaths_upper,predicted_total_deaths_mean,predicted_total_deaths_lower,predicted_total_deaths_upper
2020-02-16,,,,,,,,
2020-02-17,,,,,,,,
2020-02-18,,,,,,,,
2020-02-19,,,,,,,,
2020-02-20,,,,,,,,
2020-02-21,,,,,,,,
2020-02-22,,,,,,,,
2020-02-23,,,,,,,,
2020-02-24,,,,,,,,
2020-02-25,,,,,,,,
2020-02-26,,,,,,,,
2020-02-27,,,,,,,,
2020-02-28,,,,,,,,
2020-02-29,,,,,,,,
2020-03-01,,,,,,,,
2020-03-02,,,,,,,,
2020-03-03,,,,,,,,
2020-03-04,,,,,,,,
2020-03-05,,,,,,,,
2020-03-06,,,,,,,,
2020-03-07,,,,,,,,
2020-03-08,,,,,,,,
2020-03-09,,,,,,,,
2020-03-10,,,,,,,,
2020-03-11,1,1,,,,,,
2020-03-12,0,1,,,,,,
2020-03-13,0,1,,,,,,
2020-03-14,1,2,,,,,,
2020-03-15,1,3,,,,,,
2020-03-16,3,6,,,,,,
2020-03-17,1,7,,,,,,
2020-03-18,3,10,,,,,,
2020-03-19,1,11,,,,,,
2020-03-20,5,16,,,,,,
2020-03-21,4,20,,,,,,
2020-03-22,1,21,,,,,,
2020-03-23,4,25,,,,,,
2020-03-24,11,36,,,,,,
2020-03-25,26,62,,,,,,
2020-03-26,15,77,,,,,,
2020-03-27,28,105,,,,,,
2020-03-28,0,105,,,,,,
2020-03-29,5,110,,,,,,
2020-03-30,36,146,,,,,,
2020-03-31,34,180,,,,,,
2020-04-01,59,239,,,,,,
2020-04-02,69,308,,,,,,
2020-04-03,50,358,,,,,,
2020-04-04,15,373,,,,,,
2020-04-05,28,401,,,,,,
2020-04-06,76,477,,,,,,
2020-04-07,114,591,,,,,,
2020-04-08,96,687,,,,,,
2020-04-09,106,793,,,,,,
2020-04-10,77,870,,,,,,
2020-04-11,17,887,,,,,,
2020-04-12,12,899,,,,,,
2020-04-13,20,919,,,,,,
2020-04-14,114,1033,,,,,,
2020-04-15,170,1203,,,,,,
2020-04-16,,,117,86,160,1320,1289,1363
2020-04-17,,,120,86,170,1441,1374,1532
2020-04-18,,,122,84,178,1563,1459,1710
2020-04-19,,,123,81,186,1686,1540,1896
2020-04-20,,,124,79,193,1810,1619,2089
2020-04-21,,,123,75,197,1933,1694,2286
2020-04-22,,,122,70,200,2055,1765,2486
2020-04-23,,,120,66,202,2175,1831,2688
2020-04-24,,,117,62,202,2292,1893,2890
2020-04-25,,,115,57,203,2407,1950,3092
2020-04-26,,,112,54,201,2518,2004,3293
2020-04-27,,,109,50,197,2627,2054,3490
2020-04-28,,,105,46,198,2732,2100,3688
2020-04-29,,,102,43,196,2835,2143,3884
2020-04-30,,,99,40,193,2934,2182,4077
2020-05-01,,,96,37,189,3029,2219,4266
2020-05-02,,,93,34,186,3122,2253,4452
2020-05-03,,,90,31,184,3212,2284,4635
2020-05-04,,,87,29,183,3299,2312,4819
2020-05-05,,,84,26,182,3383,2339,5001
2020-05-06,,,81,24,181,3464,2363,5182
2020-05-07,,,79,23,175,3543,2386,5357
2020-05-08,,,76,21,172,3619,2407,5529
2020-05-09,,,74,19,170,3693,2426,5699
2020-05-10,,,72,17,167,3765,2443,5865
2020-05-11,,,70,16,165,3835,2459,6031
2020-05-12,,,67,15,163,3902,2474,6194
2020-05-13,,,66,14,160,3968,2488,6354
2020-05-14,,,64,13,159,4031,2500,6513
2020-05-15,,,62,12,156,4093,2512,6669
2020-05-16,,,60,11,154,4153,2523,6823
2020-05-17,,,58,10,153,4212,2533,6976
2020-05-18,,,57,9,151,4269,2542,7127
2020-05-19,,,55,9,150,4324,2551,7277
2020-05-20,,,54,8,149,4378,2559,7426
2020-05-21,,,53,8,147,4430,2567,7573
2020-05-22,,,51,7,144,4482,2574,7717
2020-05-23,,,50,7,142,4532,2581,7859
2020-05-24,,,49,6,141,4580,2587,7999
2020-05-25,,,48,6,139,4628,2593,8139
2020-05-26,,,46,6,138,4674,2599,8277
2020-05-27,,,45,5,137,4720,2604,8414
2020-05-28,,,44,5,135,4764,2608,8549
2020-05-29,,,43,4,134,4807,2613,8683
2020-05-30,,,42,4,133,4849,2617,8816
2020-05-31,,,41,4,132,4891,2621,8948
2020-06-01,,,40,4,130,4931,2625,9077
2020-06-02,,,40,3,127,4971,2628,9205
2020-06-03,,,39,3,126,5009,2632,9331
2020-06-04,,,38,3,125,5047,2635,9456
2020-06-05,,,37,3,124,5084,2637,9580
2020-06-06,,,36,3,123,5121,2640,9703
2020-06-07,,,36,2,122,5156,2642,9825
2020-06-08,,,35,2,121,5191,2645,9946
2020-06-09,,,34,2,120,5225,2647,10066
2020-06-10,,,33,2,119,5259,2649,10184
2020-06-11,,,33,2,118,5292,2651,10302
2020-06-12,,,32,2,117,5324,2653,10418
2020-06-13,,,32,2,116,5356,2654,10534
2020-06-14,,,31,2,115,5387,2656,10649
2020-06-15,,,30,1,114,5417,2657,10762
2020-06-16,,,30,1,112,5447,2659,10874
2020-06-17,,,29,1,110,5476,2660,10984
2020-06-18,,,29,1,110,5505,2661,11094
2020-06-19,,,28,1,108,5533,2662,11202
2020-06-20,,,28,1,109,5561,2664,11311
2020-06-21,,,28,1,108,5589,2665,11419
2020-06-22,,,28,1,109,5617,2666,11528
2020-06-23,,,28,1,109,5645,2667,11637
2020-06-24,,,28,1,109,5673,2669,11746
2020-06-25,,,28,1,110,5702,2670,11856
2020-06-26,,,28,1,112,5730,2671,11968
2020-06-27,,,29,1,115,5759,2673,12083
2020-06-28,,,29,1,118,5787,2674,12201
2020-06-29,,,29,1,120,5816,2675,12321
2020-06-30,,,29,1,123,5846,2677,12444
2020-07-01,,,30,1,126,5875,2678,12570
2020-07-02,,,30,1,128,5905,2679,12698
2020-07-03,,,30,1,132,5936,2681,12830
2020-07-04,,,31,1,136,5966,2682,12966
2020-07-05,,,31,1,141,5997,2683,13107
2020-07-06,,,32,1,145,6029,2684,13252
2020-07-07,,,32,1,150,6061,2686,13402
2020-07-08,,,33,1,154,6093,2687,13557
2020-07-09,,,33,1,161,6126,2688,13717
2020-07-10,,,34,1,166,6160,2689,13883
2020-07-11,,,34,1,169,6194,2690,14051
2020-07-12,,,35,1,175,6229,2692,14226
2020-07-13,,,35,1,181,6264,2693,14407
2020-07-14,,,36,1,188,6301,2694,14594
2020-07-15,,,37,1,195,6337,2694,14789
2020-07-16,,,38,1,202,6375,2695,14991
2020-07-17,,,38,1,209,6413,2696,15200
2020-07-18,,,39,1,217,6453,2697,15417
2020-07-19,,,40,1,225,6493,2698,15643
2020-07-20,,,41,1,234,6534,2699,15877
2020-07-21,,,42,1,243,6576,2699,16119
2020-07-22,,,43,1,252,6619,2700,16371
2020-07-23,,,44,1,261,6663,2701,16632
2020-07-24,,,45,1,271,6708,2701,16903
2020-07-25,,,46,1,281,6755,2702,17184
2020-07-26,,,48,1,291,6802,2703,17475
2020-07-27,,,49,1,302,6851,2703,17778
2020-07-28,,,50,1,314,6901,2704,18091
2020-07-29,,,52,1,325,6953,2704,18417
2020-07-30,,,53,0,338,7006,2705,18754
2020-07-31,,,54,0,350,7060,2705,19105
2020-08-01,,,56,0,363,7117,2705,19468
2020-08-02,,,58,0,377,7174,2706,19845
2020-08-03,,,59,0,391,7234,2706,20236
2020-08-04,,,61,0,406,7295,2707,20642
