date,actual_deaths,total_deaths,predicted_deaths_mean,predicted_deaths_lower,predicted_deaths_upper,predicted_total_deaths_mean,predicted_total_deaths_lower,predicted_total_deaths_upper,predicted_new_infected_mean,predicted_new_infected_lower,predicted_new_infected_upper,predicted_current_infected_mean,predicted_current_infected_lower,predicted_current_infected_upper,predicted_total_infected_mean,predicted_total_infected_lower,predicted_total_infected_upper
2020-02-14,,,,,,,,,385,100,500,385,100,500,385,100,500
2020-02-15,,,,,,,,,385,100,500,770,200,1000,770,200,1000
2020-02-16,,,,,,,,,385,100,500,1155,300,1500,1155,300,1500
2020-02-17,,,,,,,,,385,100,500,1541,400,2000,1541,400,2000
2020-02-18,,,,,,,,,385,100,500,1926,500,2500,1926,500,2500
2020-02-19,,,,,,,,,385,100,500,2311,600,3000,2311,600,3000
2020-02-20,,,,,,,,,385,100,500,2696,700,3500,2696,700,3500
2020-02-21,,,,,,,,,385,100,500,3081,800,4000,3081,800,4000
2020-02-22,,,,,,,,,385,100,500,3466,900,4500,3466,900,4500
2020-02-23,,,,,,,,,1338,399,1898,4804,1299,6398,4804,1299,6398
2020-02-24,,,,,,,,,1334,398,1893,6138,1698,8290,6138,1698,8290
2020-02-25,,,,,,,,,1450,443,2082,7588,2141,10372,7588,2141,10372
2020-02-26,,,,,,,,,1684,531,2465,9272,2673,12836,9272,2673,12836
2020-02-27,,,,,,,,,2169,716,3260,11442,3390,16095,11442,3390,16095
2020-02-28,,,,,,,,,2935,1011,4516,14377,4401,20611,14377,4401,20611
2020-02-29,,,,,,,,,3581,1268,5591,17572,5570,25701,17958,5670,26201
2020-03-01,,,,,,,,,4233,1548,6709,21421,7018,31909,22191,7218,32909
2020-03-02,,,,,,,,,5095,1932,8210,26130,8851,39619,27286,9151,41119
2020-03-03,,,,,,,,,6223,2454,10192,31968,11205,49310,33508,11605,51310
2020-03-04,,,,,,,,,7692,3147,12760,39274,14253,61570,41200,14753,64070
2020-03-05,,,,,,,,,9364,3967,15664,48253,18121,76733,50564,18721,79733
2020-03-06,,,,,,,,,11276,4948,18948,59144,22969,95181,61840,23669,98681
2020-03-07,,,,,,,,,13559,6174,22796,72317,29044,117477,75399,29844,121477
2020-03-08,,,,,,,,,16316,7719,27294,88248,36663,144270,91714,37563,148770
2020-03-09,,,,,,,,,19607,9518,32403,106518,45782,174776,111322,47082,181173
2020-03-10,,,,,,,,,23397,11779,37886,128580,57162,210768,134718,58861,219058
2020-03-11,3,3,,,,,,,27657,14065,43896,154787,70785,252582,162375,72927,262953
2020-03-12,0,3,,,,,,,32378,16386,51254,185481,86639,301372,194753,89313,314207
2020-03-13,0,3,,,,,,,37490,19023,59021,220801,104946,357133,232243,108337,373227
2020-03-14,1,4,,,,,,,42826,22665,65716,260692,126601,418333,275069,131003,438943
2020-03-15,0,4,,,,,,,48127,27117,70976,305239,152449,483718,323197,158120,509918
2020-03-16,1,5,,,,,,,53104,31207,74883,354110,182109,551892,376301,189328,584801
2020-03-17,5,10,,,,,,,57493,35517,81225,406508,215693,624907,433794,224845,666026
2020-03-18,4,14,,,,,,,61068,39256,82684,461354,252495,697399,494862,264101,748709
2020-03-19,7,21,,,,,,,63659,42488,84564,517322,291835,769203,558521,306589,833272
2020-03-20,16,37,,,,,,,65177,44450,85880,573134,332318,839418,623698,351039,919151
2020-03-21,30,67,,,,,,,65639,46195,87881,627497,373566,908351,689337,397235,1007032
2020-03-22,8,75,,,,,,,65166,45762,87266,679104,413153,972821,754503,442998,1094297
2020-03-23,13,88,,,,,,,63944,44981,86018,726733,450416,1031545,818447,487979,1180315
2020-03-24,34,122,,,,,,,62176,44451,85042,769301,485348,1084185,880623,532430,1265357
2020-03-25,56,178,,,,,,,60039,43288,81838,805944,516858,1128137,940662,575719,1347194
2020-03-26,42,220,,,,,,,57673,42001,78502,835960,544793,1162742,998335,617720,1425695
2020-03-27,69,289,,,,,,,55181,40633,74497,858763,569040,1185985,1053516,658354,1500191
2020-03-28,64,353,,,,,,,52636,38705,69824,873909,588722,1196789,1106152,697059,1570015
2020-03-29,78,431,,,,,,,50092,37134,65830,881175,603190,1196903,1156244,734193,1635845
2020-03-30,82,513,,,,,,,47588,35581,61770,880635,611654,1187697,1203831,769775,1697615
2020-03-31,192,705,,,,,,,45149,34166,58820,872680,614613,1171633,1248981,803941,1756434
2020-04-01,123,828,,,,,,,42794,32202,56049,857980,611298,1146457,1291774,836144,1812483
2020-04-02,183,1011,,,,,,,40530,30235,53609,837442,602278,1117383,1332304,866379,1866091
2020-04-03,132,1143,,,,,,,38363,28028,51163,812145,587818,1083982,1370667,894407,1917254
2020-04-04,140,1283,,,,,,,36296,25871,48664,783264,569239,1046767,1406962,920279,1965917
2020-04-05,164,1447,,,,,,,34328,24023,46668,751953,547067,1005553,1441290,944303,2012585
2020-04-06,185,1632,,,,,,,32459,22300,44603,719246,523606,962891,1473749,966604,2057188
2020-04-07,403,2035,,,,,,,30686,20697,42826,685988,499322,919699,1504435,987301,2100014
2020-04-08,205,2240,,,,,,,29006,19184,41181,652818,474055,875838,1533441,1006486,2141194
2020-04-09,283,2523,,,,,,,27415,17369,39574,620194,448136,833574,1560856,1023855,2180767
2020-04-10,496,3019,,,,,,,25909,15668,38020,588430,421803,793093,1586765,1039523,2218787
2020-04-11,327,3346,,,,,,,24486,14107,36466,557735,395277,755062,1611251,1053631,2255253
2020-04-12,254,3600,,,,,,,23141,12702,35049,528240,369274,720288,1634392,1066333,2290302
2020-04-13,303,3903,,,,,,,21869,11489,33956,500017,343629,688413,1656261,1077823,2324258
2020-04-14,254,4157,,,,,,,20668,10512,32853,473097,318560,659496,1676929,1088335,2357110
2020-04-15,283,4440,,,,,,,19533,9617,31459,447481,294011,632135,1696462,1097952,2388568
2020-04-16,417,4857,,,,,,,18462,8798,30011,423149,270606,606097,1714924,1106751,2418579
2020-04-17,306,5163,,,,,,,17451,7935,28870,400071,248307,581357,1732375,1114687,2447448
2020-04-18,290,5453,,,,,,,16497,7162,27632,378205,227441,557826,1748871,1121849,2475080
2020-04-19,230,5683,,,,,,,15597,6476,26530,357506,208046,535693,1764468,1128326,2501609
2020-04-20,145,5828,,,,,,,14747,5910,25463,337925,189933,514488,1779215,1134236,2527072
2020-04-21,170,5998,,,,,,,13945,5324,24447,319411,172957,494331,1793161,1139561,2551518
2020-04-22,264,6262,,,,,,,13189,4799,23555,301914,157058,475059,1806350,1144360,2575072
2020-04-23,228,6490,,,,,,,12475,4342,22696,285384,142216,456575,1818825,1148703,2597768
2020-04-24,189,6679,,,,,,,11802,3940,21848,269771,128788,438849,1830626,1152643,2619616
2020-04-25,238,6917,,,,,,,11166,3622,21030,255028,116742,421859,1841793,1156266,2640645
2020-04-26,177,7094,,,,,,,10567,3348,20204,241108,105983,405596,1852359,1159615,2660849
2020-04-27,113,7207,,,,,,,10001,3070,19469,227969,96352,390016,1862361,1162686,2680318
2020-04-28,124,7331,,,,,,,9468,2784,18747,215567,87647,374807,1871828,1165470,2699064
2020-04-29,170,7501,,,,,,,8964,2559,18009,203864,79694,359963,1880792,1168029,2717073
2020-04-30,93,7594,,,,,,,8489,2356,17315,192820,72433,345820,1889281,1170385,2734388
2020-05-01,109,7703,,,,,,,8041,2173,16645,182399,65808,332455,1897323,1172559,2751033
2020-05-02,62,7765,,,,,,,7619,2005,15999,172567,59877,319584,1904941,1174564,2767032
2020-05-03,79,7844,,,,,,,7221,1846,15361,163291,54561,307313,1912162,1176411,2782392
2020-05-04,80,7924,,,,,,,6846,1703,14755,154540,49788,295538,1919008,1178114,2797147
2020-05-05,92,8016,,,,,,,6493,1574,14192,146285,45451,284267,1925501,1179688,2811338
2020-05-06,323,8339,,,,,,,6161,1454,13643,138502,41581,273463,1931662,1181142,2824981
2020-05-07,76,8415,,,,,,,5851,1332,13120,131163,38113,263029,1937513,1182474,2838101
2020-05-08,106,8521,,,,,,,5561,1224,12624,124249,34996,252957,1943074,1183699,2850725
2020-05-09,60,8581,,,,,,,5291,1127,12158,117738,32183,243266,1948364,1184827,2862882
2020-05-10,75,8656,,,,,,,5041,1047,11720,111612,29608,233957,1953405,1185874,2874602
2020-05-11,51,8707,,,,,,,4811,974,11321,105857,27234,225074,1958217,1186849,2885922
2020-05-12,,,74,30,128,8781,8737,8835,4602,919,10987,100458,25082,216592,1962819,1187769,2896909
2020-05-13,,,70,27,123,8851,8764,8957,4412,871,10650,95402,23170,208494,1967230,1188640,2907558
2020-05-14,,,66,24,118,8917,8788,9074,4239,831,10328,90677,21443,200812,1971469,1189472,2917885
2020-05-15,,,63,22,114,8980,8811,9187,4081,787,10064,86270,19873,193561,1975551,1190259,2927949
2020-05-16,,,59,20,110,9039,8831,9297,3936,740,9896,82165,18440,186812,1979487,1190999,2937844
2020-05-17,,,56,18,105,9095,8849,9402,3801,702,9805,78347,17137,180617,1983288,1191702,2947649
2020-05-18,,,53,16,101,9148,8866,9502,3673,669,9706,74799,15961,174962,1986961,1192372,2957354
2020-05-19,,,50,15,98,9198,8882,9600,3553,631,9597,71506,14889,169804,1990514,1193003,2966950
2020-05-20,,,47,14,94,9245,8896,9693,3438,595,9467,68451,13910,165079,1993952,1193599,2976417
2020-05-21,,,45,12,90,9290,8909,9783,3329,559,9315,65618,13015,160751,1997280,1194158,2985731
2020-05-22,,,43,11,87,9333,8921,9870,3224,530,9113,62991,12213,156744,2000504,1194688,2994844
2020-05-23,,,40,11,84,9373,8932,9953,3123,503,9023,60554,11492,153143,2003628,1195192,3003867
2020-05-24,,,38,10,80,9412,8942,10033,3027,474,8932,58290,10839,149917,2006655,1195667,3012798
2020-05-25,,,36,9,77,9448,8951,10110,2934,452,8856,56183,10244,147053,2009589,1196119,3021654
2020-05-26,,,34,8,74,9482,8960,10183,2844,424,8772,54216,9693,144504,2012433,1196543,3030426
2020-05-27,,,33,7,71,9515,8968,10254,2758,399,8692,52372,9174,142210,2015191,1196943,3039118
2020-05-28,,,31,7,69,9546,8976,10323,2675,382,8563,50636,8684,140123,2017866,1197325,3047680
2020-05-29,,,29,6,66,9575,8982,10388,2594,364,8442,48991,8217,138237,2020460,1197689,3056121
2020-05-30,,,28,6,64,9603,8989,10452,2517,344,8326,47426,7774,136498,2022977,1198034,3064446
2020-05-31,,,27,5,61,9630,8994,10512,2442,328,8209,45932,7363,134811,2025419,1198363,3072655
2020-06-01,,,25,5,59,9655,9000,10571,2369,313,8090,44500,6974,133096,2027788,1198676,3080744
2020-06-02,,,24,4,57,9679,9005,10628,2298,299,7970,43125,6603,131361,2030086,1198976,3088714
2020-06-03,,,23,4,56,9702,9009,10684,2230,284,7851,41802,6256,129615,2032316,1199260,3096564
2020-06-04,,,22,4,54,9725,9014,10737,2164,271,7730,40528,5933,127878,2034480,1199532,3104294
2020-06-05,,,21,4,52,9746,9018,10789,2099,259,7607,39299,5633,126170,2036579,1199791,3111901
2020-06-06,,,21,3,51,9766,9022,10839,2037,246,7519,38112,5349,124576,2038616,1200037,3119419
2020-06-07,,,20,3,50,9786,9026,10889,1975,230,7403,36964,5075,122956,2040592,1200268,3126822
2020-06-08,,,19,3,50,9805,9029,10938,1916,217,7280,35852,4818,121304,2042507,1200486,3134101
2020-06-09,,,18,3,49,9824,9033,10987,1856,205,7147,34775,4572,119595,2044364,1200691,3141248
2020-06-10,,,18,3,49,9841,9036,11035,1798,193,7001,33729,4341,117823,2046162,1200884,3148249
2020-06-11,,,17,2,48,9859,9039,11082,1740,181,6835,32710,4123,115966,2047901,1201066,3155083
2020-06-12,,,17,2,47,9875,9042,11129,1681,169,6647,31716,3910,114050,2049582,1201235,3161730
2020-06-13,,,16,2,46,9891,9044,11174,1622,158,6439,30744,3704,112048,2051204,1201394,3168169
2020-06-14,,,16,2,46,9907,9047,11219,1563,147,6212,29790,3507,109935,2052767,1201541,3174381
2020-06-15,,,15,2,45,9922,9049,11264,1505,137,5975,28853,3316,107701,2054272,1201679,3180356
2020-06-16,,,15,2,45,9937,9051,11308,1448,127,5741,27932,3130,105352,2055720,1201807,3186096
2020-06-17,,,14,2,44,9951,9054,11352,1392,118,5515,27026,2949,102897,2057112,1201925,3191611
2020-06-18,,,14,2,44,9965,9056,11396,1338,109,5310,26134,2773,100357,2058450,1202034,3196920
2020-06-19,,,13,1,43,9978,9057,11438,1285,100,5104,25256,2601,97731,2059736,1202134,3202024
2020-06-20,,,13,1,43,9991,9059,11480,1234,91,4876,24390,2434,94999,2060970,1202225,3206899
2020-06-21,,,13,1,42,10004,9061,11522,1184,82,4688,23538,2270,92168,2062154,1202308,3211586
2020-06-22,,,12,1,41,10016,9063,11563,1136,74,4481,22698,2114,89245,2063290,1202382,3216066
2020-06-23,,,12,1,41,10028,9064,11603,1089,64,4331,21871,1961,86296,2064378,1202447,3220397
2020-06-24,,,11,1,40,10039,9066,11643,1046,59,4158,21061,1816,83307,2065424,1202507,3224555
2020-06-25,,,11,1,40,10050,9067,11682,1005,54,3973,20267,1677,80280,2066429,1202562,3228528
2020-06-26,,,11,1,39,10061,9069,11721,964,49,3843,19492,1545,77287,2067393,1202612,3232370
2020-06-27,,,10,1,38,10072,9070,11759,926,45,3682,18737,1422,74322,2068319,1202657,3236052
2020-06-28,,,10,1,38,10082,9071,11796,888,41,3573,18003,1304,71456,2069207,1202698,3239624
2020-06-29,,,10,1,37,10092,9072,11833,853,37,3445,17293,1194,68689,2070060,1202736,3243069
2020-06-30,,,10,1,37,10101,9073,11869,819,34,3340,16608,1090,66054,2070880,1202770,3246409
2020-07-01,,,9,1,36,10110,9074,11904,787,31,3238,15947,994,63551,2071667,1202801,3249647
2020-07-02,,,9,0,35,10119,9075,11939,756,28,3139,15310,904,61175,2072422,1202829,3252785
2020-07-03,,,9,0,34,10128,9076,11973,726,25,3042,14698,820,58907,2073148,1202855,3255827
2020-07-04,,,8,0,33,10136,9077,12005,697,23,2939,14110,744,56741,2073845,1202878,3258765
2020-07-05,,,8,0,32,10144,9078,12037,670,21,2822,13545,674,54688,2074515,1202900,3261586
2020-07-06,,,8,0,31,10152,9079,12068,643,19,2708,13004,610,52708,2075158,1202919,3264294
2020-07-07,,,8,0,30,10160,9079,12098,618,17,2600,12486,554,50828,2075776,1202937,3266894
2020-07-08,,,7,0,29,10167,9080,12126,594,16,2507,11991,505,49003,2076370,1202953,3269400
2020-07-09,,,7,0,28,10174,9080,12154,570,14,2426,11516,460,47271,2076940,1202968,3271826
2020-07-10,,,7,0,27,10181,9081,12180,548,13,2336,11060,419,45634,2077488,1202981,3274161
2020-07-11,,,6,0,26,10187,9082,12206,527,12,2267,10622,381,44058,2078015,1202994,3276427
2020-07-12,,,6,0,25,10193,9082,12230,506,11,2178,10203,347,42554,2078521,1203005,3278605
2020-07-13,,,6,0,24,10199,9082,12253,487,10,2103,9801,316,41084,2079008,1203015,3280708
2020-07-14,,,6,0,23,10205,9083,12276,468,9,2022,9415,288,39660,2079476,1203024,3282729
2020-07-15,,,5,0,22,10210,9083,12297,449,8,1953,9045,262,38273,2079925,1203033,3284682
2020-07-16,,,5,0,21,10215,9083,12318,432,7,1890,8690,239,36925,2080357,1203040,3286571
2020-07-17,,,5,0,20,10220,9084,12338,415,7,1816,8350,218,35603,2080772,1203048,3288387
2020-07-18,,,5,0,20,10225,9084,12357,399,6,1756,8023,199,34316,2081171,1203054,3290142
2020-07-19,,,5,0,19,10230,9084,12375,384,5,1692,7710,181,33070,2081555,1203060,3291834
2020-07-20,,,4,0,18,10234,9084,12393,369,5,1622,7409,165,31870,2081924,1203065,3293455
2020-07-21,,,4,0,18,10239,9085,12410,355,4,1564,7121,151,30726,2082279,1203070,3295019
2020-07-22,,,4,0,17,10243,9085,12427,341,4,1513,6844,137,29639,2082620,1203075,3296532
2020-07-23,,,4,0,17,10247,9085,12443,328,4,1454,6578,125,28586,2082948,1203079,3297986
2020-07-24,,,4,0,16,10250,9085,12459,315,3,1400,6323,114,27560,2083264,1203082,3299385
2020-07-25,,,4,0,16,10254,9085,12474,303,3,1345,6079,104,26569,2083567,1203086,3300730
2020-07-26,,,3,0,15,10258,9085,12489,292,3,1300,5844,95,25602,2083859,1203089,3302029
2020-07-27,,,3,0,15,10261,9085,12503,281,2,1255,5618,87,24679,2084139,1203092,3303284
2020-07-28,,,3,0,14,10264,9086,12517,270,2,1213,5401,79,23789,2084409,1203094,3304497
2020-07-29,,,3,0,13,10267,9086,12529,260,2,1173,5193,72,22941,2084669,1203097,3305669
2020-07-30,,,3,0,13,10270,9086,12542,250,2,1135,4994,66,22122,2084919,1203099,3306803
2020-07-31,,,3,0,13,10273,9086,12554,240,1,1097,4802,60,21329,2085159,1203101,3307900
2020-08-01,,,3,0,12,10276,9086,12566,231,1,1061,4618,54,20574,2085390,1203103,3308961
2020-08-02,,,3,0,12,10278,9086,12577,222,1,1020,4441,50,19839,2085612,1203104,3309981
2020-08-03,,,3,0,11,10281,9086,12588,214,1,983,4271,45,19130,2085826,1203106,3310963
2020-08-04,,,2,0,11,10283,9086,12599,206,1,947,4108,41,18455,2086032,1203107,3311910
