date,actual_deaths,total_deaths,predicted_deaths_mean,predicted_deaths_lower,predicted_deaths_upper,predicted_total_deaths_mean,predicted_total_deaths_lower,predicted_total_deaths_upper,predicted_new_infected_mean,predicted_new_infected_lower,predicted_new_infected_upper,predicted_current_infected_mean,predicted_current_infected_lower,predicted_current_infected_upper,predicted_total_infected_mean,predicted_total_infected_lower,predicted_total_infected_upper
2020-02-24,,,,,,,,,57,25,75,57,25,75,57,25,75
2020-02-25,,,,,,,,,57,25,75,113,50,150,113,50,150
2020-02-26,,,,,,,,,57,25,75,170,75,225,170,75,225
2020-02-27,,,,,,,,,57,25,75,227,100,300,227,100,300
2020-02-28,,,,,,,,,57,25,75,283,125,375,283,125,375
2020-02-29,,,,,,,,,57,25,75,340,150,450,340,150,450
2020-03-01,,,,,,,,,57,25,75,397,175,525,397,175,525
2020-03-02,,,,,,,,,57,25,75,453,200,600,453,200,600
2020-03-03,,,,,,,,,57,25,75,510,225,675,510,225,675
2020-03-04,,,,,,,,,131,64,180,641,289,855,641,289,855
2020-03-05,,,,,,,,,131,64,180,772,354,1035,772,354,1035
2020-03-06,,,,,,,,,135,67,186,908,422,1221,908,422,1221
2020-03-07,,,,,,,,,145,73,200,1052,496,1420,1052,496,1420
2020-03-08,,,,,,,,,164,86,229,1217,582,1649,1217,582,1649
2020-03-09,,,,,,,,,195,106,273,1412,689,1922,1412,689,1922
2020-03-10,,,,,,,,,217,121,306,1573,785,2152,1629,810,2227
2020-03-11,,,,,,,,,235,134,332,1751,895,2409,1864,945,2559
2020-03-12,,,,,,,,,254,149,359,1948,1020,2693,2118,1095,2918
2020-03-13,,,,,,,,,275,167,393,2166,1162,3010,2393,1262,3310
2020-03-14,,,,,,,,,299,189,429,2409,1327,3363,2692,1452,3738
2020-03-15,,,,,,,,,323,212,460,2675,1514,3747,3015,1664,4197
2020-03-16,,,,,,,,,343,234,484,2962,1724,4156,3358,1899,4681
2020-03-17,,,,,,,,,362,256,505,3267,1956,4586,3720,2156,5186
2020-03-18,,,,,,,,,379,280,526,3589,2211,5036,4099,2436,5711
2020-03-19,1,1,,,,,,,395,295,541,3852,2442,5396,4494,2732,6251
2020-03-20,0,1,,,,,,,410,307,552,4131,2684,5768,4904,3039,6802
2020-03-21,0,1,,,,,,,422,317,558,4418,2934,6140,5325,3357,7360
2020-03-22,0,1,,,,,,,431,324,571,4704,3184,6511,5756,3681,7931
2020-03-23,0,1,,,,,,,438,330,581,4977,3429,6863,6194,4012,8511
2020-03-24,0,1,,,,,,,443,338,591,5225,3661,7180,6637,4350,9101
2020-03-25,0,1,,,,,,,447,345,591,5454,3885,7465,7083,4696,9692
2020-03-26,2,3,,,,,,,449,350,587,5668,4100,7720,7532,5046,10279
2020-03-27,0,3,,,,,,,450,355,583,5864,4306,7944,7982,5401,10861
2020-03-28,2,5,,,,,,,450,359,582,6040,4498,8133,8432,5761,11443
2020-03-29,1,6,,,,,,,450,363,572,6191,4672,8276,8883,6124,12014
2020-03-30,0,6,,,,,,,450,364,564,6318,4824,8381,9333,6488,12578
2020-03-31,0,6,,,,,,,449,367,559,6424,4956,8456,9782,6855,13137
2020-04-01,0,6,,,,,,,448,368,552,6511,5067,8504,10231,7223,13689
2020-04-02,1,7,,,,,,,447,368,547,6579,5155,8525,10678,7592,14235
2020-04-03,1,8,,,,,,,446,367,543,6631,5227,8527,11124,7960,14777
2020-04-04,4,12,,,,,,,445,367,542,6666,5288,8516,11569,8327,15318
2020-04-05,3,15,,,,,,,444,365,542,6688,5336,8500,12013,8693,15859
2020-04-06,1,16,,,,,,,442,361,541,6699,5373,8470,12455,9054,16400
2020-04-07,2,18,,,,,,,441,354,541,6702,5396,8430,12896,9408,16941
2020-04-08,1,19,,,,,,,439,346,544,6699,5403,8384,13335,9754,17485
2020-04-09,1,20,,,,,,,438,338,549,6690,5397,8342,13773,10093,18034
2020-04-10,1,21,,,,,,,436,331,551,6678,5378,8306,14209,10425,18584
2020-04-11,0,21,,,,,,,435,324,555,6662,5347,8278,14644,10749,19139
2020-04-12,2,23,,,,,,,433,316,558,6645,5305,8254,15077,11066,19696
2020-04-13,2,25,,,,,,,432,310,561,6626,5252,8243,15509,11376,20257
2020-04-14,6,31,,,,,,,430,303,564,6606,5191,8242,15939,11680,20820
2020-04-15,2,33,,,,,,,428,295,566,6585,5120,8249,16367,11975,21385
2020-04-16,2,35,,,,,,,427,289,572,6563,5041,8268,16794,12265,21956
2020-04-17,1,36,,,,,,,425,283,577,6541,4955,8299,17219,12548,22533
2020-04-18,3,39,,,,,,,423,277,582,6518,4864,8337,17642,12825,23114
2020-04-19,8,47,,,,,,,422,271,584,6494,4768,8380,18064,13096,23698
2020-04-20,0,47,,,,,,,420,265,587,6470,4668,8425,18483,13362,24284
2020-04-21,1,48,,,,,,,418,260,589,6446,4567,8472,18901,13622,24872
2020-04-22,0,48,,,,,,,416,253,591,6422,4466,8522,19318,13875,25463
2020-04-23,2,50,,,,,,,414,248,596,6397,4368,8574,19732,14123,26058
2020-04-24,1,51,,,,,,,412,243,598,6371,4273,8623,20144,14366,26656
2020-04-25,3,54,,,,,,,411,238,600,6346,4180,8672,20555,14605,27255
2020-04-26,1,55,,,,,,,409,232,605,6319,4088,8721,20964,14837,27859
2020-04-27,4,59,,,,,,,407,227,609,6293,3998,8772,21370,15065,28468
2020-04-28,4,63,,,,,,,405,222,613,6266,3911,8824,21775,15288,29080
2020-04-29,4,67,,,,,,,403,218,615,6239,3826,8876,22178,15507,29695
2020-04-30,2,69,,,,,,,401,214,615,6212,3745,8925,22579,15721,30309
2020-05-01,6,75,,,,,,,399,209,620,6184,3666,8973,22978,15931,30929
2020-05-02,2,77,,,,,,,397,205,624,6155,3588,9019,23374,16136,31552
2020-05-03,2,79,,,,,,,395,200,628,6127,3511,9066,23769,16336,32180
2020-05-04,1,80,,,,,,,393,196,632,6098,3436,9114,24162,16533,32811
2020-05-05,3,83,,,,,,,391,192,636,6069,3363,9164,24553,16725,33447
2020-05-06,2,85,,,,,,,389,188,641,6040,3292,9216,24942,16914,34087
2020-05-07,1,86,,,,,,,387,185,645,6011,3224,9270,25329,17099,34732
2020-05-08,0,86,,,,,,,386,181,651,5983,3157,9324,25715,17281,35382
2020-05-09,1,87,,,,,,,385,178,657,5955,3092,9383,26099,17459,36039
2020-05-10,3,90,,,,,,,384,174,662,5928,3029,9446,26483,17634,36700
2020-05-11,1,91,,,,,,,383,171,671,5903,2967,9512,26866,17805,37371
2020-05-12,,,2,1,3,93,92,94,384,167,682,5880,2907,9585,27250,17973,38052
2020-05-13,,,2,1,3,95,93,97,385,164,693,5860,2848,9665,27635,18137,38745
2020-05-14,,,2,1,3,97,94,100,387,160,707,5844,2791,9757,28022,18298,39451
2020-05-15,,,2,1,3,99,96,103,389,157,719,5832,2734,9861,28411,18456,40170
2020-05-16,,,2,1,3,101,97,106,392,154,734,5826,2679,9975,28803,18610,40903
2020-05-17,,,2,1,3,103,98,109,396,151,755,5824,2625,10106,29199,18761,41658
2020-05-18,,,2,1,4,105,99,112,399,148,778,5829,2573,10256,29598,18910,42435
2020-05-19,,,2,1,4,108,100,115,403,145,800,5839,2522,10425,30001,19055,43235
2020-05-20,,,2,1,4,110,101,118,407,142,822,5856,2472,10611,30408,19198,44057
2020-05-21,,,2,1,4,112,103,121,411,139,840,5878,2423,10810,30820,19338,44897
2020-05-22,,,2,1,4,114,104,125,416,137,861,5907,2375,11026,31235,19475,45757
2020-05-23,,,2,1,4,116,105,128,420,134,889,5941,2328,11264,31655,19610,46646
2020-05-24,,,2,1,4,118,106,131,424,132,913,5981,2283,11520,32080,19743,47558
2020-05-25,,,2,0,4,120,107,134,429,130,932,6026,2238,11790,32509,19873,48490
2020-05-26,,,2,0,4,121,108,137,433,127,954,6076,2194,12073,32942,20000,49444
2020-05-27,,,2,0,4,123,109,140,438,124,986,6130,2151,12377,33380,20124,50429
2020-05-28,,,2,0,4,125,110,143,443,121,1015,6188,2107,12700,33823,20245,51444
2020-05-29,,,2,0,4,127,110,147,447,118,1051,6248,2065,13044,34270,20363,52494
2020-05-30,,,2,0,4,129,111,150,452,115,1090,6311,2022,13414,34722,20478,53583
2020-05-31,,,2,0,4,131,112,153,457,112,1130,6376,1980,13810,35179,20591,54713
2020-06-01,,,2,0,4,133,113,157,462,109,1171,6442,1938,14227,35640,20700,55884
2020-06-02,,,2,0,4,135,114,160,466,106,1214,6509,1897,14663,36107,20807,57098
2020-06-03,,,2,0,4,137,115,163,471,103,1258,6577,1855,15121,36578,20911,58355
2020-06-04,,,2,0,4,139,116,167,476,101,1304,6646,1814,15602,37054,21012,59659
2020-06-05,,,2,0,4,141,116,171,481,99,1350,6715,1773,16112,37535,21111,61008
2020-06-06,,,2,0,4,143,117,174,486,96,1397,6786,1732,16649,38021,21208,62405
2020-06-07,,,2,0,4,145,118,178,491,94,1445,6857,1692,17205,38512,21302,63850
2020-06-08,,,2,0,4,147,119,182,495,91,1492,6928,1651,17784,39008,21394,65342
2020-06-09,,,2,0,4,149,120,186,500,89,1538,6999,1610,18390,39507,21483,66879
2020-06-10,,,2,0,5,151,120,190,504,86,1580,7069,1569,19015,40011,21570,68458
2020-06-11,,,2,0,5,153,121,194,507,84,1616,7137,1529,19645,40517,21654,70074
2020-06-12,,,2,0,5,155,122,198,509,81,1645,7203,1490,20275,41026,21735,71718
2020-06-13,,,2,0,5,157,122,202,509,79,1664,7266,1451,20888,41536,21815,73382
2020-06-14,,,2,0,5,159,123,207,509,76,1675,7323,1413,21473,42045,21891,75056
2020-06-15,,,2,0,5,161,124,211,508,74,1680,7375,1375,22023,42553,21966,76735
2020-06-16,,,2,0,5,163,124,216,507,72,1681,7420,1337,22533,43060,22038,78416
2020-06-17,,,2,0,5,166,125,221,506,69,1681,7459,1300,23000,43566,22108,80097
2020-06-18,,,2,0,5,168,126,226,504,67,1681,7492,1264,23422,44070,22175,81777
2020-06-19,,,2,0,6,170,126,231,502,65,1679,7518,1228,23797,44572,22240,83455
2020-06-20,,,2,0,6,172,127,236,500,62,1676,7536,1191,24123,45071,22303,85131
2020-06-21,,,2,0,6,174,127,242,498,60,1673,7548,1155,24398,45569,22363,86803
2020-06-22,,,2,0,6,177,128,247,495,57,1669,7552,1119,24622,46064,22421,88471
2020-06-23,,,2,0,6,179,128,253,493,55,1665,7550,1082,24795,46557,22477,90136
2020-06-24,,,2,0,7,181,129,259,491,52,1662,7541,1046,24919,47048,22530,91797
2020-06-25,,,2,0,7,184,130,266,488,50,1658,7525,1010,24997,47536,22580,93454
2020-06-26,,,2,0,7,186,130,272,485,48,1654,7504,974,25034,48021,22628,95107
2020-06-27,,,2,0,7,189,131,279,483,46,1649,7479,938,25039,48505,22674,96756
2020-06-28,,,2,0,8,191,131,286,481,44,1645,7450,903,25020,48986,22718,98401
2020-06-29,,,2,0,8,193,131,293,479,42,1641,7420,868,24986,49464,22760,100042
2020-06-30,,,2,0,8,196,132,301,476,40,1637,7388,834,24943,49941,22801,101678
2020-07-01,,,2,0,8,198,132,308,474,38,1632,7355,801,24894,50415,22839,103310
2020-07-02,,,3,0,8,201,133,316,472,36,1628,7321,768,24841,50887,22876,104937
2020-07-03,,,3,0,8,203,133,324,470,35,1623,7287,735,24784,51356,22911,106560
2020-07-04,,,3,0,9,206,134,332,467,33,1619,7252,704,24724,51824,22945,108179
2020-07-05,,,3,0,9,208,134,341,465,32,1614,7218,673,24662,52289,22977,109792
2020-07-06,,,3,0,9,211,134,349,463,30,1609,7183,644,24599,52752,23008,111401
2020-07-07,,,3,0,9,214,135,357,461,29,1605,7149,615,24535,53213,23037,113006
2020-07-08,,,3,0,9,216,135,366,459,28,1600,7115,588,24470,53672,23065,114605
2020-07-09,,,3,0,9,219,135,374,457,26,1595,7081,562,24403,54129,23092,116200
2020-07-10,,,3,0,9,221,136,382,455,25,1590,7047,537,24335,54583,23118,117789
2020-07-11,,,3,0,9,224,136,391,452,24,1585,7014,514,24267,55036,23142,119374
2020-07-12,,,2,0,9,226,136,399,450,23,1580,6981,491,24197,55486,23166,120953
2020-07-13,,,2,0,9,229,137,407,448,22,1575,6949,469,24127,55935,23188,122528
2020-07-14,,,2,0,9,231,137,416,446,21,1570,6916,449,24056,56381,23209,124097
2020-07-15,,,2,0,9,234,137,424,444,20,1565,6884,429,23983,56825,23230,125661
2020-07-16,,,2,0,9,236,138,432,442,19,1559,6852,410,23910,57267,23250,127220
2020-07-17,,,2,0,9,238,138,441,440,18,1554,6821,392,23836,57708,23268,128773
2020-07-18,,,2,0,9,241,138,449,438,17,1549,6790,375,23762,58146,23286,130321
2020-07-19,,,2,0,9,243,138,457,436,17,1543,6758,358,23686,58582,23303,131864
2020-07-20,,,2,0,9,246,139,465,434,16,1538,6728,342,23609,59017,23320,133401
2020-07-21,,,2,0,9,248,139,474,432,15,1532,6697,327,23532,59449,23335,134933
2020-07-22,,,2,0,9,250,139,482,430,14,1527,6666,313,23454,59880,23350,136459
2020-07-23,,,2,0,9,253,139,490,429,14,1521,6636,299,23375,60308,23365,137980
2020-07-24,,,2,0,9,255,139,498,427,13,1515,6606,286,23295,60735,23378,139494
2020-07-25,,,2,0,9,257,139,506,425,13,1510,6576,273,23215,61159,23391,141004
2020-07-26,,,2,0,9,260,140,514,423,12,1504,6546,261,23134,61582,23404,142507
2020-07-27,,,2,0,9,262,140,522,421,11,1498,6517,250,23052,62003,23416,144005
2020-07-28,,,2,0,9,264,140,530,419,11,1492,6488,239,22969,62422,23427,145496
2020-07-29,,,2,0,9,267,140,538,417,10,1486,6458,228,22886,62839,23438,146982
2020-07-30,,,2,0,8,269,140,546,415,10,1480,6429,218,22802,63255,23448,148462
2020-07-31,,,2,0,8,271,140,554,413,9,1475,6401,208,22717,63668,23458,149936
2020-08-01,,,2,0,8,274,141,562,412,9,1469,6372,199,22631,64080,23468,151404
2020-08-02,,,2,0,8,276,141,570,410,9,1462,6343,190,22545,64489,23477,152866
2020-08-03,,,2,0,8,278,141,578,408,8,1456,6315,182,22459,64897,23486,154322
2020-08-04,,,2,0,8,280,141,586,406,8,1450,6287,174,22371,65303,23494,155772
