date,actual_deaths,total_deaths,predicted_deaths_mean,predicted_deaths_lower,predicted_deaths_upper,predicted_total_deaths_mean,predicted_total_deaths_lower,predicted_total_deaths_upper,predicted_new_infected_mean,predicted_new_infected_lower,predicted_new_infected_upper,predicted_current_infected_mean,predicted_current_infected_lower,predicted_current_infected_upper,predicted_total_infected_mean,predicted_total_infected_lower,predicted_total_infected_upper
2020-02-27,,,,,,,,,283,200,300,283,200,300,283,200,300
2020-02-28,,,,,,,,,283,200,300,566,400,600,566,400,600
2020-02-29,,,,,,,,,283,200,300,848,600,900,848,600,900
2020-03-01,,,,,,,,,283,200,300,1131,800,1200,1131,800,1200
2020-03-02,,,,,,,,,283,200,300,1414,1000,1500,1414,1000,1500
2020-03-03,,,,,,,,,283,200,300,1697,1200,1800,1697,1200,1800
2020-03-04,,,,,,,,,283,200,300,1979,1400,2100,1979,1400,2100
2020-03-05,,,,,,,,,283,200,300,2262,1600,2400,2262,1600,2400
2020-03-06,,,,,,,,,283,200,300,2545,1800,2700,2545,1800,2700
2020-03-07,,,,,,,,,898,631,1110,3443,2431,3810,3443,2431,3810
2020-03-08,,,,,,,,,883,626,1089,4326,3057,4898,4326,3057,4898
2020-03-09,,,,,,,,,929,666,1161,5256,3723,6058,5256,3723,6058
2020-03-10,,,,,,,,,1028,747,1306,6284,4471,7364,6284,4471,7364
2020-03-11,,,,,,,,,1233,901,1632,7516,5373,8996,7516,5373,8996
2020-03-12,,,,,,,,,1527,1095,2096,9043,6469,11091,9043,6469,11091
2020-03-13,,,,,,,,,1691,1191,2350,10452,7460,13141,10734,7660,13441
2020-03-14,,,,,,,,,1776,1193,2417,11945,8454,15257,12510,8854,15857
2020-03-15,,,,,,,,,1847,1201,2463,13509,9455,17419,14357,10055,18319
2020-03-16,,,,,,,,,1901,1197,2465,15127,10453,19584,16258,11253,20784
2020-03-17,,,,,,,,,1945,1207,2570,16790,11460,21853,18203,12460,23353
2020-03-18,,,,,,,,,1937,1231,2556,18444,12491,24108,20141,13691,25908
2020-03-19,,,,,,,,,1885,1215,2468,20046,13507,26276,22025,14907,28376
2020-03-20,,,,,,,,,1813,1195,2376,21576,14503,28352,23838,16103,30752
2020-03-21,,,,,,,,,1736,1166,2255,23029,15469,30306,25574,17269,33006
2020-03-22,1,1,,,,,,,1662,1149,2144,23792,15988,31341,27235,18419,35150
2020-03-23,0,1,,,,,,,1588,1129,2026,24497,16491,32278,28823,19549,37176
2020-03-24,2,3,,,,,,,1512,1100,1904,25080,16925,33021,30335,20649,39079
2020-03-25,3,6,,,,,,,1438,1065,1789,25490,17242,33504,31773,21714,40867
2020-03-26,3,9,,,,,,,1368,1033,1691,25625,17374,33563,33141,22747,42558
2020-03-27,0,9,,,,,,,1303,998,1603,25401,17277,33069,34444,23746,44160
2020-03-28,2,11,,,,,,,1243,952,1518,24953,17038,32238,35687,24699,45678
2020-03-29,5,16,,,,,,,1187,907,1466,24364,16752,31287,36874,25606,47144
2020-03-30,7,23,,,,,,,1136,855,1412,23653,16406,30237,38010,26462,48555
2020-03-31,8,31,,,,,,,1087,807,1373,22840,16015,29145,39097,27269,49928
2020-04-01,8,39,,,,,,,1043,762,1335,21937,15571,27910,40141,28031,51263
2020-04-02,5,44,,,,,,,1002,722,1290,21002,15062,26645,41143,28754,52553
2020-04-03,9,53,,,,,,,965,687,1263,20082,14533,25439,42107,29441,53815
2020-04-04,6,59,,,,,,,930,655,1239,19199,13993,24302,43037,30096,55053
2020-04-05,8,67,,,,,,,897,627,1216,18361,13454,23263,43934,30724,56268
2020-04-06,11,78,,,,,,,867,601,1194,17566,12906,22312,44801,31325,57461
2020-04-07,10,88,,,,,,,839,577,1174,16818,12354,21460,45641,31903,58635
2020-04-08,11,99,,,,,,,813,555,1157,16119,11809,20714,46454,32458,59792
2020-04-09,13,112,,,,,,,789,537,1142,15470,11281,20067,47243,32995,60934
2020-04-10,7,119,,,,,,,767,517,1131,14868,10765,19507,48010,33513,62065
2020-04-11,10,129,,,,,,,745,500,1125,14311,10267,19029,48755,34014,63189
2020-04-12,9,138,,,,,,,725,482,1111,13793,9797,18621,49480,34496,64299
2020-04-13,5,143,,,,,,,707,461,1094,13313,9352,18249,50187,34958,65392
2020-04-14,18,161,,,,,,,689,442,1078,12866,8938,17915,50876,35400,66469
2020-04-15,5,166,,,,,,,672,424,1064,12451,8555,17605,51548,35825,67533
2020-04-16,3,169,,,,,,,657,407,1045,12064,8201,17315,52205,36232,68577
2020-04-17,4,173,,,,,,,641,392,1027,11704,7871,17052,52846,36625,69604
2020-04-18,8,181,,,,,,,627,378,1010,11366,7562,16799,53473,37003,70613
2020-04-19,5,186,,,,,,,614,365,992,11050,7272,16553,54087,37369,71605
2020-04-20,8,194,,,,,,,600,354,976,10753,6999,16313,54687,37723,72581
2020-04-21,7,201,,,,,,,588,343,959,10474,6741,16078,55275,38067,73539
2020-04-22,7,208,,,,,,,576,332,943,10211,6496,15847,55851,38400,74482
2020-04-23,2,210,,,,,,,564,323,927,9962,6264,15616,56416,38723,75408
2020-04-24,4,214,,,,,,,553,314,911,9726,6042,15385,56969,39038,76319
2020-04-25,4,218,,,,,,,542,306,896,9501,5830,15150,57511,39344,77214
2020-04-26,2,220,,,,,,,532,298,881,9288,5628,14907,58043,39642,78095
2020-04-27,3,223,,,,,,,522,290,866,9084,5437,14662,58564,39933,78960
2020-04-28,4,227,,,,,,,512,283,851,8889,5259,14420,59076,40217,79811
2020-04-29,0,227,,,,,,,502,277,837,8702,5094,14179,59578,40495,80648
2020-04-30,9,236,,,,,,,493,270,823,8522,4940,13938,60071,40765,81470
2020-05-01,4,240,,,,,,,483,264,809,8349,4797,13701,60554,41030,82278
2020-05-02,5,245,,,,,,,474,258,795,8182,4664,13469,61029,41289,83073
2020-05-03,3,248,,,,,,,466,253,781,8021,4538,13241,61494,41542,83854
2020-05-04,4,252,,,,,,,457,247,768,7864,4420,13016,61951,41790,84621
2020-05-05,5,257,,,,,,,449,242,755,7712,4308,12795,62400,42032,85375
2020-05-06,5,262,,,,,,,440,237,742,7565,4203,12578,62840,42270,86117
2020-05-07,8,270,,,,,,,433,232,729,7422,4103,12365,63273,42503,86846
2020-05-08,3,273,,,,,,,425,228,717,7282,4008,12155,63698,42731,87562
2020-05-09,3,276,,,,,,,418,224,707,7147,3917,11950,64116,42956,88269
2020-05-10,4,280,,,,,,,411,220,698,7015,3832,11752,64526,43176,88966
2020-05-11,2,282,,,,,,,404,217,691,6888,3751,11561,64931,43394,89656
2020-05-12,,,3,1,5,285,283,287,398,214,686,6765,3674,11382,65329,43608,90342
2020-05-13,,,3,1,5,288,285,292,393,212,683,6646,3602,11214,65722,43820,91024
2020-05-14,,,3,1,5,291,287,297,388,210,683,6532,3535,11060,66111,44030,91707
2020-05-15,,,3,1,5,294,288,301,384,208,685,6424,3473,10922,66494,44239,92392
2020-05-16,,,3,1,5,296,290,306,380,207,688,6320,3416,10802,66874,44447,93080
2020-05-17,,,3,1,5,299,291,311,376,206,691,6221,3363,10698,67250,44653,93771
2020-05-18,,,3,1,5,302,293,315,372,204,695,6127,3315,10612,67621,44857,94465
2020-05-19,,,3,1,5,304,294,319,367,203,699,6038,3270,10543,67989,45060,95163
2020-05-20,,,3,1,5,307,296,323,363,201,702,5952,3229,10490,68352,45261,95865
2020-05-21,,,3,1,5,309,297,328,359,197,705,5870,3189,10453,68711,45459,96569
2020-05-22,,,2,1,5,312,299,332,354,192,705,5792,3149,10429,69065,45652,97274
2020-05-23,,,2,1,5,314,300,336,349,188,704,5716,3108,10415,69414,45840,97977
2020-05-24,,,2,1,4,317,301,340,344,183,703,5642,3067,10411,69758,46024,98680
2020-05-25,,,2,1,4,319,302,344,339,178,704,5571,3026,10418,70097,46202,99383
2020-05-26,,,2,1,4,321,304,347,334,174,705,5500,2982,10432,70431,46376,100087
2020-05-27,,,2,1,4,324,305,351,328,169,705,5430,2937,10450,70759,46546,100791
2020-05-28,,,2,1,4,326,306,355,323,164,704,5359,2890,10471,71082,46710,101495
2020-05-29,,,2,1,4,328,307,359,317,160,703,5288,2839,10491,71398,46870,102198
2020-05-30,,,2,1,4,330,308,362,311,155,702,5215,2786,10508,71709,47026,102900
2020-05-31,,,2,1,4,332,309,366,305,150,700,5140,2730,10520,72014,47177,103599
2020-06-01,,,2,1,4,334,311,369,299,146,698,5063,2670,10526,72313,47323,104296
2020-06-02,,,2,1,4,336,312,373,292,141,695,4983,2607,10526,72605,47464,104990
2020-06-03,,,2,1,4,338,313,376,286,137,691,4902,2541,10518,72890,47601,105681
2020-06-04,,,2,1,4,340,314,380,279,132,687,4818,2472,10503,73170,47734,106367
2020-06-05,,,2,1,4,342,315,383,272,127,682,4732,2402,10481,73442,47862,107049
2020-06-06,,,2,1,4,344,316,386,266,123,678,4643,2333,10453,73708,47985,107726
2020-06-07,,,2,1,4,346,317,390,259,118,672,4553,2263,10421,73967,48104,108398
2020-06-08,,,2,1,4,348,318,393,252,114,666,4460,2194,10385,74218,48218,109064
2020-06-09,,,2,1,4,350,319,397,245,109,660,4366,2125,10341,74463,48328,109723
2020-06-10,,,2,1,4,351,320,400,238,105,653,4270,2056,10289,74701,48433,110376
2020-06-11,,,2,1,4,353,321,404,230,100,646,4172,1988,10231,74931,48534,111021
2020-06-12,,,2,0,4,355,322,407,223,96,638,4073,1919,10165,75154,48630,111659
2020-06-13,,,2,0,4,357,323,411,216,91,630,3972,1851,10092,75370,48722,112289
2020-06-14,,,2,0,4,359,324,414,208,87,622,3869,1783,10012,75578,48809,112911
2020-06-15,,,2,0,4,360,325,418,201,82,613,3765,1715,9925,75779,48892,113524
2020-06-16,,,2,0,4,362,326,421,193,78,604,3660,1647,9832,75972,48970,114128
2020-06-17,,,2,0,4,364,327,425,186,73,595,3553,1579,9732,76158,49044,114722
2020-06-18,,,2,0,4,365,327,428,178,69,585,3446,1511,9626,76336,49113,115306
2020-06-19,,,2,0,4,367,328,432,170,64,574,3337,1443,9513,76506,49178,115880
2020-06-20,,,2,0,4,368,329,435,163,58,563,3227,1374,9393,76669,49236,116442
2020-06-21,,,2,0,4,370,330,439,155,53,551,3116,1304,9266,76824,49290,116992
2020-06-22,,,2,0,4,372,331,442,147,48,539,3004,1234,9133,76970,49338,117531
2020-06-23,,,1,0,4,373,331,446,139,42,526,2891,1162,8993,77109,49381,118056
2020-06-24,,,1,0,4,374,332,449,131,37,511,2777,1090,8844,77240,49418,118567
2020-06-25,,,1,0,4,376,333,453,123,32,497,2663,1017,8688,77363,49450,119064
2020-06-26,,,1,0,4,377,333,456,115,26,483,2547,943,8525,77478,49477,119546
2020-06-27,,,1,0,4,379,334,460,109,23,471,2433,870,8357,77588,49501,120016
2020-06-28,,,1,0,4,380,335,463,104,21,458,2322,800,8185,77692,49522,120474
2020-06-29,,,1,0,4,381,335,466,98,18,446,2212,731,8009,77790,49541,120919
2020-06-30,,,1,0,4,383,336,470,93,16,434,2104,665,7830,77883,49557,121353
2020-07-01,,,1,0,4,384,336,473,88,14,422,1999,600,7648,77971,49571,121775
2020-07-02,,,1,0,4,385,337,476,83,12,411,1897,539,7464,78055,49583,122185
2020-07-03,,,1,0,4,386,337,479,79,10,400,1798,480,7279,78134,49594,122585
2020-07-04,,,1,0,4,387,338,483,75,9,389,1703,425,7095,78209,49604,122974
2020-07-05,,,1,0,4,388,338,486,72,8,379,1612,375,6911,78281,49612,123352
2020-07-06,,,1,0,4,389,339,489,68,7,369,1525,328,6729,78349,49619,123721
2020-07-07,,,1,0,4,390,339,492,65,6,359,1443,286,6549,78414,49625,124079
2020-07-08,,,1,0,4,391,339,495,62,5,349,1366,249,6372,78475,49631,124428
2020-07-09,,,1,0,3,392,340,498,59,4,340,1294,216,6201,78534,49635,124767
2020-07-10,,,1,0,3,393,340,501,56,4,331,1227,189,6035,78590,49639,125098
2020-07-11,,,1,0,3,394,340,504,53,3,322,1165,166,5874,78644,49643,125419
2020-07-12,,,1,0,3,395,341,506,51,3,313,1107,145,5717,78695,49646,125732
2020-07-13,,,1,0,3,395,341,509,49,2,305,1052,126,5563,78743,49649,126037
2020-07-14,,,1,0,3,396,341,512,47,2,297,1000,110,5414,78790,49651,126333
2020-07-15,,,1,0,3,397,342,514,45,2,289,951,96,5269,78835,49654,126621
2020-07-16,,,1,0,3,398,342,517,43,1,281,906,84,5128,78877,49655,126902
2020-07-17,,,1,0,3,398,342,519,41,1,274,863,73,4990,78918,49657,127175
2020-07-18,,,1,0,3,399,342,522,39,1,266,823,64,4856,78957,49658,127441
2020-07-19,,,1,0,3,399,342,524,37,1,259,785,56,4726,78994,49660,127700
2020-07-20,,,1,0,3,400,342,527,36,1,252,749,48,4599,79030,49661,127951
2020-07-21,,,0,0,3,400,342,529,34,0,245,716,42,4476,79065,49662,128196
2020-07-22,,,0,0,3,401,342,531,33,0,239,684,37,4356,79098,49662,128435
2020-07-23,,,0,0,3,401,342,533,32,0,232,654,32,4239,79129,49663,128667
2020-07-24,,,0,0,3,402,343,535,30,0,226,626,28,4126,79160,49664,128892
2020-07-25,,,0,0,2,402,343,537,29,0,220,599,24,4015,79189,49664,129112
2020-07-26,,,0,0,2,402,343,539,28,0,214,573,21,3907,79217,49665,129326
2020-07-27,,,0,0,2,403,343,541,27,0,209,550,18,3802,79244,49665,129534
2020-07-28,,,0,0,2,403,343,543,26,0,203,527,16,3700,79270,49666,129736
2020-07-29,,,0,0,2,403,343,545,25,0,198,505,14,3601,79295,49666,129934
2020-07-30,,,0,0,2,404,343,546,24,0,192,485,12,3504,79320,49666,130125
2020-07-31,,,0,0,2,404,343,548,23,0,187,466,10,3410,79343,49666,130312
2020-08-01,,,0,0,2,404,343,550,22,0,182,448,9,3319,79365,49667,130493
2020-08-02,,,0,0,2,405,343,551,22,0,177,430,8,3230,79387,49667,130670
2020-08-03,,,0,0,2,405,343,553,21,0,172,414,7,3143,79408,49667,130842
2020-08-04,,,0,0,2,405,343,554,20,0,168,398,6,3059,79428,49667,131009
