date,actual_deaths,total_deaths,predicted_deaths_mean,predicted_deaths_lower,predicted_deaths_upper,predicted_total_deaths_mean,predicted_total_deaths_lower,predicted_total_deaths_upper,predicted_new_infected_mean,predicted_new_infected_lower,predicted_new_infected_upper,predicted_current_infected_mean,predicted_current_infected_lower,predicted_current_infected_upper,predicted_total_infected_mean,predicted_total_infected_lower,predicted_total_infected_upper
2020-02-26,,,,,,,,,84,25,125,84,25,125,84,25,125
2020-02-27,,,,,,,,,84,25,125,169,50,250,169,50,250
2020-02-28,,,,,,,,,84,25,125,253,75,375,253,75,375
2020-02-29,,,,,,,,,84,25,125,338,100,500,338,100,500
2020-03-01,,,,,,,,,84,25,125,422,125,625,422,125,625
2020-03-02,,,,,,,,,84,25,125,506,150,750,506,150,750
2020-03-03,,,,,,,,,84,25,125,591,175,875,591,175,875
2020-03-04,,,,,,,,,84,25,125,675,200,1000,675,200,1000
2020-03-05,,,,,,,,,84,25,125,759,225,1125,759,225,1125
2020-03-06,,,,,,,,,251,84,396,1010,309,1521,1010,309,1521
2020-03-07,,,,,,,,,249,84,393,1259,394,1913,1259,394,1913
2020-03-08,,,,,,,,,265,91,419,1524,486,2332,1524,486,2332
2020-03-09,,,,,,,,,296,105,471,1821,591,2803,1821,591,2803
2020-03-10,,,,,,,,,362,134,580,2182,726,3382,2182,726,3382
2020-03-11,,,,,,,,,463,180,747,2645,906,4129,2645,906,4129
2020-03-12,,,,,,,,,541,217,870,3101,1099,4873,3185,1124,4998
2020-03-13,,,,,,,,,609,255,971,3626,1329,5719,3794,1379,5969
2020-03-14,,,,,,,,,691,302,1088,4232,1607,6681,4485,1682,7056
2020-03-15,,,,,,,,,786,364,1197,4934,1946,7753,5272,2046,8253
2020-03-16,,,,,,,,,901,442,1358,5750,2364,8985,6172,2489,9610
2020-03-17,,,,,,,,,1011,528,1485,6678,2868,10345,7184,3018,11095
2020-03-18,,,,,,,,,1114,622,1594,7707,3466,11814,8297,3641,12689
2020-03-19,,,,,,,,,1212,729,1671,8834,4170,13359,9509,4370,14359
2020-03-20,,,,,,,,,1309,850,1806,10059,4995,15040,10818,5220,16165
2020-03-21,1,1,,,,,,,1402,979,1906,11210,5889,16550,12220,6199,18070
2020-03-22,0,1,,,,,,,1485,1091,1974,12446,6896,18131,13705,7291,20044
2020-03-23,0,1,,,,,,,1552,1145,2066,13733,7950,19778,15257,8436,22109
2020-03-24,0,1,,,,,,,1601,1175,2171,15038,9020,21478,16859,9612,24280
2020-03-25,2,3,,,,,,,1635,1197,2223,16311,10083,23120,18493,10809,26502
2020-03-26,2,5,,,,,,,1653,1206,2247,17502,11109,24621,20147,12016,28749
2020-03-27,2,7,,,,,,,1659,1215,2257,18620,12107,26008,21806,13231,31005
2020-03-28,2,9,,,,,,,1654,1227,2321,19665,13079,27357,23459,14459,33326
2020-03-29,2,11,,,,,,,1641,1232,2318,20615,14009,28588,25100,15692,35643
2020-03-30,2,13,,,,,,,1623,1220,2220,21451,14865,29611,26723,16912,37863
2020-03-31,4,17,,,,,,,1601,1212,2131,22151,15635,30384,28323,18124,39993
2020-04-01,0,17,,,,,,,1577,1212,2104,22716,16318,31003,29900,19337,42097
2020-04-02,2,19,,,,,,,1551,1203,2072,23153,16900,31480,31451,20541,44169
2020-04-03,1,20,,,,,,,1524,1184,2016,23465,17355,31826,32975,21725,46184
2020-04-04,5,25,,,,,,,1497,1167,1944,23653,17673,31964,34471,22893,48128
2020-04-05,2,27,,,,,,,1469,1145,1880,23720,17839,31938,35941,24039,50008
2020-04-06,0,27,,,,,,,1442,1122,1836,23678,17871,31800,37383,25162,51844
2020-04-07,7,34,,,,,,,1416,1089,1759,23542,17815,31494,38799,26252,53603
2020-04-08,6,40,,,,,,,1390,1055,1757,23330,17695,31080,40189,27307,55359
2020-04-09,2,42,,,,,,,1365,1023,1742,23060,17521,30599,41554,28331,57101
2020-04-10,6,48,,,,,,,1340,995,1717,22747,17310,30069,42893,29326,58817
2020-04-11,1,49,,,,,,,1316,957,1695,22403,17052,29507,44209,30284,60512
2020-04-12,7,56,,,,,,,1292,917,1676,22042,16742,28862,45501,31202,62187
2020-04-13,3,59,,,,,,,1270,881,1684,21671,16391,28227,46771,32083,63870
2020-04-14,5,64,,,,,,,1247,844,1691,21296,16016,27698,48018,32928,65561
2020-04-15,8,72,,,,,,,1226,809,1698,20921,15613,27266,49244,33738,67258
2020-04-16,3,75,,,,,,,1205,777,1706,20550,15178,26867,50450,34515,68964
2020-04-17,7,82,,,,,,,1185,745,1713,20184,14720,26508,51635,35261,70676
2020-04-18,8,90,,,,,,,1165,722,1711,19825,14258,26202,52800,35984,72386
2020-04-19,4,94,,,,,,,1146,700,1704,19474,13790,25962,53946,36684,74090
2020-04-20,4,98,,,,,,,1127,671,1705,19132,13316,25787,55073,37355,75794
2020-04-21,43,141,,,,,,,1109,642,1709,18799,12836,25659,56183,37998,77503
2020-04-22,8,149,,,,,,,1092,616,1717,18475,12362,25617,57274,38614,79219
2020-04-23,23,172,,,,,,,1075,586,1723,18160,11893,25583,58349,39201,80942
2020-04-24,5,177,,,,,,,1058,556,1729,17854,11426,25570,59407,39757,82670
2020-04-25,9,186,,,,,,,1042,528,1734,17556,10959,25586,60449,40286,84403
2020-04-26,4,190,,,,,,,1026,503,1742,17266,10504,25634,61475,40789,86145
2020-04-27,3,193,,,,,,,1011,481,1752,16985,10068,25710,62486,41270,87896
2020-04-28,6,199,,,,,,,996,462,1762,16711,9649,25789,63482,41733,89658
2020-04-29,7,206,,,,,,,981,445,1772,16445,9250,25870,64463,42178,91430
2020-04-30,5,211,,,,,,,967,425,1782,16185,8865,25953,65430,42603,93211
2020-05-01,7,218,,,,,,,953,406,1790,15933,8494,26037,66383,43010,95000
2020-05-02,2,220,,,,,,,940,389,1794,15688,8137,26118,67323,43399,96794
2020-05-03,10,230,,,,,,,926,373,1798,15449,7788,26206,68249,43772,98592
2020-05-04,10,240,,,,,,,914,357,1802,15217,7446,26304,69163,44130,100393
2020-05-05,6,246,,,,,,,901,340,1807,14991,7115,26406,70064,44471,102200
2020-05-06,6,252,,,,,,,890,328,1811,14771,6801,26508,70954,44799,104011
2020-05-07,3,255,,,,,,,879,317,1817,14558,6502,26608,71832,45116,105827
2020-05-08,5,260,,,,,,,868,306,1824,14351,6222,26709,72701,45423,107650
2020-05-09,5,265,,,,,,,859,296,1833,14152,5962,26813,73559,45719,109482
2020-05-10,2,267,,,,,,,851,286,1842,13961,5720,26921,74410,46006,111324
2020-05-11,4,271,,,,,,,844,278,1857,13778,5495,27036,75254,46285,113180
2020-05-12,,,6,3,9,277,274,280,839,270,1876,13606,5285,27159,76092,46556,115055
2020-05-13,,,6,3,9,282,277,289,835,259,1895,13446,5082,27292,76928,46815,116949
2020-05-14,,,5,3,9,288,280,297,834,247,1919,13298,4885,27438,77761,47063,118867
2020-05-15,,,5,2,9,293,283,306,833,237,1938,13165,4697,27594,78595,47300,120805
2020-05-16,,,5,2,9,298,286,314,835,229,1963,13046,4519,27767,79429,47529,122767
2020-05-17,,,5,2,9,303,289,323,837,221,2009,12944,4352,27983,80266,47751,124776
2020-05-18,,,5,2,9,309,291,332,840,214,2051,12857,4192,28235,81106,47965,126826
2020-05-19,,,5,2,9,314,293,341,843,209,2108,12786,4044,28540,81949,48175,128933
2020-05-20,,,5,2,9,319,296,349,847,206,2152,12731,3910,28886,82795,48381,131085
2020-05-21,,,5,2,9,324,298,358,851,203,2203,12692,3785,29278,83646,48585,133288
2020-05-22,,,5,2,9,328,300,367,855,197,2272,12669,3665,29733,84501,48782,135559
2020-05-23,,,5,2,9,333,302,376,860,191,2333,12660,3550,30242,85361,48974,137892
2020-05-24,,,5,1,9,338,304,385,864,185,2397,12665,3440,30806,86225,49160,140288
2020-05-25,,,5,1,9,342,306,394,869,180,2443,12684,3333,31407,87094,49340,142730
2020-05-26,,,5,1,10,347,308,403,874,174,2493,12714,3229,32044,87968,49514,145223
2020-05-27,,,5,1,10,352,309,412,879,168,2558,12755,3127,32726,88847,49683,147780
2020-05-28,,,4,1,10,356,311,421,885,163,2607,12805,3030,33438,89732,49846,150387
2020-05-29,,,4,1,10,360,313,430,890,158,2678,12861,2940,34197,90622,50004,153064
2020-05-30,,,4,1,10,365,314,439,896,153,2755,12924,2856,35013,91518,50157,155818
2020-05-31,,,4,1,10,369,316,449,902,148,2804,12991,2776,35854,92420,50306,158621
2020-06-01,,,4,1,10,373,317,458,907,143,2871,13061,2698,36716,93327,50449,161491
2020-06-02,,,4,1,10,378,319,467,913,139,2937,13135,2623,37602,94241,50589,164428
2020-06-03,,,4,1,10,382,320,477,919,134,2988,13212,2548,38482,95160,50723,167415
2020-06-04,,,4,1,10,386,321,486,926,129,3038,13291,2471,39368,96086,50853,170453
2020-06-05,,,4,1,10,390,322,496,932,125,3088,13372,2393,40253,97018,50978,173540
2020-06-06,,,4,1,10,394,324,506,938,120,3138,13455,2316,41118,97956,51099,176677
2020-06-07,,,4,1,10,399,325,516,944,116,3186,13539,2241,41971,98900,51215,179863
2020-06-08,,,4,1,11,403,326,526,950,112,3232,13625,2168,42807,99850,51328,183094
2020-06-09,,,4,1,11,407,327,536,955,108,3275,13711,2096,43639,100805,51436,186369
2020-06-10,,,4,1,11,411,328,547,959,103,3313,13796,2025,44460,101764,51540,189682
2020-06-11,,,4,1,11,415,329,557,962,100,3344,13878,1957,45245,102726,51640,193025
2020-06-12,,,4,1,12,420,330,568,963,96,3365,13956,1889,46003,103689,51736,196389
2020-06-13,,,4,0,12,424,331,580,962,92,3375,14028,1824,46701,104650,51828,199764
2020-06-14,,,4,0,12,428,332,592,959,88,3376,14091,1759,47323,105609,51917,203140
2020-06-15,,,4,0,13,433,333,604,955,84,3371,14144,1695,47890,106564,52001,206510
2020-06-16,,,4,0,13,437,334,616,950,81,3362,14186,1633,48381,107514,52083,209872
2020-06-17,,,4,0,13,441,335,629,944,77,3352,14217,1571,48796,108458,52160,213224
2020-06-18,,,4,0,13,446,336,641,939,74,3340,14237,1511,49149,109397,52235,216563
2020-06-19,,,4,0,14,450,336,654,933,71,3327,14244,1452,49438,110330,52306,219890
2020-06-20,,,4,0,14,455,337,668,927,67,3313,14239,1395,49663,111257,52373,223202
2020-06-21,,,4,0,14,459,338,682,921,64,3298,14222,1338,49823,112178,52438,226499
2020-06-22,,,5,0,15,464,339,696,914,61,3282,14192,1284,49919,113092,52500,229781
2020-06-23,,,5,0,15,468,339,710,908,58,3266,14150,1230,49953,113999,52559,233047
2020-06-24,,,5,0,15,473,340,725,901,56,3250,14096,1178,49927,114901,52615,236296
2020-06-25,,,5,0,15,477,341,740,894,53,3233,14031,1128,49847,115795,52668,239529
2020-06-26,,,5,0,16,482,341,755,888,50,3216,13957,1078,49719,116683,52718,242744
2020-06-27,,,5,0,16,487,342,771,882,48,3199,13876,1030,49554,117564,52766,245943
2020-06-28,,,5,0,16,491,343,786,875,45,3182,13789,983,49361,118440,52812,249125
2020-06-29,,,5,0,16,496,343,802,869,43,3165,13699,938,49150,119309,52855,252290
2020-06-30,,,5,0,17,501,344,818,863,41,3148,13607,895,48927,120171,52897,255437
2020-07-01,,,5,0,17,506,344,835,857,39,3130,13514,853,48695,121028,52937,258567
2020-07-02,,,5,0,17,510,345,851,850,37,3113,13420,814,48456,121878,52975,261679
2020-07-03,,,5,0,17,515,345,868,844,36,3095,13326,776,48211,122723,53011,264773
2020-07-04,,,5,0,17,520,346,884,838,34,3077,13231,739,47961,123561,53046,267850
2020-07-05,,,5,0,17,525,346,901,832,33,3059,13137,705,47707,124394,53079,270909
2020-07-06,,,5,0,17,529,347,918,826,31,3041,13043,672,47451,125220,53111,273950
2020-07-07,,,5,0,17,534,347,935,821,30,3023,12949,641,47192,126041,53141,276972
2020-07-08,,,5,0,17,539,348,951,815,29,3005,12856,611,46930,126855,53170,279977
2020-07-09,,,5,0,17,544,348,968,809,27,2987,12764,583,46667,127664,53198,282963
2020-07-10,,,5,0,17,548,348,985,803,26,2968,12672,557,46402,128468,53225,285930
2020-07-11,,,5,0,17,553,349,1001,797,25,2950,12582,532,46136,129265,53251,288880
2020-07-12,,,5,0,17,558,349,1018,792,24,2931,12493,509,45868,130057,53275,291810
2020-07-13,,,5,0,17,562,349,1034,786,23,2912,12403,486,45598,130843,53299,294722
2020-07-14,,,5,0,17,567,350,1051,781,22,2894,12315,465,45326,131624,53321,297615
2020-07-15,,,5,0,17,571,350,1067,775,21,2875,12227,446,45053,132399,53343,300489
2020-07-16,,,5,0,17,576,350,1083,770,20,2856,12140,427,44779,133168,53364,303345
2020-07-17,,,4,0,17,580,350,1099,764,19,2837,12054,409,44503,133932,53384,306181
2020-07-18,,,4,0,17,585,351,1116,759,18,2818,11968,391,44226,134691,53402,308999
2020-07-19,,,4,0,16,589,351,1132,753,18,2799,11883,375,43948,135444,53421,311797
2020-07-20,,,4,0,16,593,351,1147,748,17,2780,11798,359,43668,136192,53438,314577
2020-07-21,,,4,0,16,598,351,1163,742,16,2761,11714,343,43387,136934,53454,317337
2020-07-22,,,4,0,16,602,352,1179,737,15,2742,11631,328,43106,137672,53470,320078
2020-07-23,,,4,0,16,606,352,1195,732,14,2722,11548,314,42823,138403,53484,322800
2020-07-24,,,4,0,16,611,352,1210,727,13,2703,11466,300,42540,139130,53498,325502
2020-07-25,,,4,0,16,615,352,1226,721,13,2684,11384,286,42255,139851,53511,328185
2020-07-26,,,4,0,16,619,352,1241,716,12,2664,11303,273,41970,140568,53524,330849
2020-07-27,,,4,0,16,623,353,1256,711,11,2645,11222,260,41684,141279,53535,333494
2020-07-28,,,4,0,16,627,353,1271,706,10,2626,11142,247,41398,141985,53546,336119
2020-07-29,,,4,0,16,631,353,1287,701,10,2606,11062,235,41111,142686,53557,338725
2020-07-30,,,4,0,16,636,353,1302,696,9,2587,10983,223,40823,143382,53567,341312
2020-07-31,,,4,0,15,640,353,1316,691,9,2568,10904,212,40534,144072,53576,343879
2020-08-01,,,4,0,15,644,353,1331,686,8,2548,10826,201,40246,144758,53585,346426
2020-08-02,,,4,0,15,648,353,1346,681,8,2529,10748,190,39956,145439,53593,348955
2020-08-03,,,4,0,15,652,354,1361,676,7,2510,10671,180,39667,146115,53601,351464
2020-08-04,,,4,0,15,655,354,1375,671,7,2490,10594,170,39378,146786,53608,353954
