date,actual_deaths,total_deaths,predicted_deaths_mean,predicted_deaths_lower,predicted_deaths_upper,predicted_total_deaths_mean,predicted_total_deaths_lower,predicted_total_deaths_upper,predicted_new_infected_mean,predicted_new_infected_lower,predicted_new_infected_upper,predicted_current_infected_mean,predicted_current_infected_lower,predicted_current_infected_upper,predicted_total_infected_mean,predicted_total_infected_lower,predicted_total_infected_upper
2020-01-22,,,,,,,,,490,250,750,490,250,750,490,250,750
2020-01-23,,,,,,,,,490,250,750,979,500,1500,979,500,1500
2020-01-24,,,,,,,,,490,250,750,1469,750,2250,1469,750,2250
2020-01-25,,,,,,,,,490,250,750,1958,1000,3000,1958,1000,3000
2020-01-26,,,,,,,,,490,250,750,2448,1250,3750,2448,1250,3750
2020-01-27,,,,,,,,,490,250,750,2937,1500,4500,2937,1500,4500
2020-01-28,,,,,,,,,490,250,750,3427,1750,5250,3427,1750,5250
2020-01-29,,,,,,,,,490,250,750,3917,2000,6000,3917,2000,6000
2020-01-30,,,,,,,,,490,250,750,4406,2250,6750,4406,2250,6750
2020-01-31,,,,,,,,,1340,699,2100,5746,2949,8850,5746,2949,8850
2020-02-01,,,,,,,,,1336,698,2095,7082,3648,10945,7082,3648,10945
2020-02-02,,,,,,,,,1407,736,2211,8489,4385,13155,8489,4385,13155
2020-02-03,,,,,,,,,1551,815,2448,10040,5200,15603,10040,5200,15603
2020-02-04,,,,,,,,,1850,979,2938,11891,6180,18540,11891,6180,18540
2020-02-05,,,,,,,,,2316,1233,3701,14207,7413,22241,14207,7413,22241
2020-02-06,,,,,,,,,2684,1435,4307,16401,8599,25797,16891,8849,26547
2020-02-07,,,,,,,,,3009,1615,4847,18921,9965,29893,19900,10465,31393
2020-02-08,,,,,,,,,3400,1833,5499,21832,11549,34642,23300,12299,36892
2020-02-09,,,,,,,,,3874,2099,6296,25216,13398,40188,27174,14398,43188
2020-02-10,,,,,,,,,4474,2436,7305,29200,15584,46742,31648,16834,50492
2020-02-11,,,,,,,,,5119,2799,8393,33829,18134,54385,36767,19634,58885
2020-02-12,,,,,,,,,5799,3184,9546,39139,21068,63181,42566,22818,68431
2020-02-13,,,,,,,,,6554,3612,10829,45203,24431,73260,49120,26431,79260
2020-02-14,,,,,,,,,7416,4104,12300,52129,28285,84809,56535,30535,91559
2020-02-15,1,1,,,,,,,8411,4673,14003,59201,32259,96712,64946,35209,105561
2020-02-16,0,1,,,,,,,9532,5316,15923,67396,36878,110539,74478,40526,121483
2020-02-17,0,1,,,,,,,10775,6030,18057,76765,42172,126385,85254,46557,139540
2020-02-18,0,1,,,,,,,12164,6831,20444,87377,48187,144381,97418,53388,159983
2020-02-19,0,1,,,,,,,13729,7734,23137,99256,54942,164580,111146,61122,183119
2020-02-20,0,1,,,,,,,15499,8758,26189,112439,62467,187068,126646,69881,209308
2020-02-21,0,1,,,,,,,17496,9916,29630,127251,70947,212391,144142,79797,238937
2020-02-22,0,1,,,,,,,19739,11217,33493,143981,80549,241037,163882,91015,272430
2020-02-23,0,1,,,,,,,22258,12681,37828,162839,91397,273365,186140,103696,310257
2020-02-24,0,1,,,,,,,25091,14330,42698,184056,103628,309767,211230,118027,352955
2020-02-25,0,1,,,,,,,28282,16190,48172,207864,117382,350634,239512,134217,401126
2020-02-26,1,2,,,,,,,31873,18286,54318,234618,132869,396559,271385,152503,455444
2020-02-27,0,2,,,,,,,35910,20646,61207,264729,150331,448220,307295,173150,516650
2020-02-28,0,2,,,,,,,40443,23301,68902,298618,170020,506292,347738,196451,585551
2020-02-29,0,2,,,,,,,45528,26287,77485,336731,192203,571477,393266,222739,663036
2020-03-01,0,2,,,,,,,51227,29644,87033,379547,217173,644507,444493,252383,750068
2020-03-02,1,3,,,,,,,57600,33184,97614,427615,245041,726199,502093,285568,847682
2020-03-03,1,4,,,,,,,64706,36546,109278,481545,275557,817420,566799,322114,956959
2020-03-04,0,4,,,,,,,72595,40235,122045,541975,308961,919021,639393,362350,1079004
2020-03-05,2,6,,,,,,,81304,44282,135893,609551,345509,1031777,720697,406632,1214896
2020-03-06,3,9,,,,,,,90846,48719,150736,684897,385470,1156323,811543,455351,1365631
2020-03-07,2,11,,,,,,,101187,53582,166394,768588,429137,1293088,912730,508934,1532024
2020-03-08,8,19,,,,,,,112226,58906,182566,861075,476826,1442161,1024956,567841,1714590
2020-03-09,0,19,,,,,,,123768,64727,197975,962585,528872,1602307,1148725,632569,1912564
2020-03-10,14,33,,,,,,,135501,71079,209327,1072996,585621,1768936,1284226,703648,2121890
2020-03-11,15,48,,,,,,,146995,77989,219795,1191709,647420,1940559,1431221,781637,2341685
2020-03-12,0,48,,,,,,,157739,85455,238216,1317575,714589,2124457,1588960,867093,2579900
2020-03-13,31,79,,,,,,,167223,93481,248159,1448888,787424,2311409,1756183,960575,2828058
2020-03-14,12,91,,,,,,,175035,101116,257336,1583481,865239,2499843,1931219,1061691,3085394
2020-03-15,0,91,,,,,,,180920,107254,269151,1718873,946206,2691509,2112139,1168945,3354544
2020-03-16,57,148,,,,,,,184784,113332,278442,1852430,1029894,2882918,2296923,1282278,3632986
2020-03-17,0,148,,,,,,,186648,117292,279385,1981478,1114003,3064688,2483571,1399571,3912370
2020-03-18,0,148,,,,,,,186585,119541,275154,2103357,1196997,3230565,2670156,1519112,4187524
2020-03-19,95,243,,,,,,,184704,120144,268485,2215467,1276906,3377005,2854860,1639256,4456008
2020-03-20,207,450,,,,,,,181162,118215,260706,2315325,1350840,3501819,3036022,1757472,4716714
2020-03-21,112,562,,,,,,,176208,116778,250356,2400687,1418899,3601439,3212231,1874251,4967069
2020-03-22,114,676,,,,,,,170184,114407,238445,2469684,1479725,3673490,3382414,1988659,5205514
2020-03-23,186,862,,,,,,,163475,110311,228637,2520933,1531129,3719561,3545889,2098970,5434151
2020-03-24,240,1102,,,,,,,156422,106771,217121,2553586,1573172,3738708,3702311,2205741,5651271
2020-03-25,231,1333,,,,,,,149266,102312,208428,2567351,1604405,3737809,3851577,2308054,5859699
2020-03-26,365,1698,,,,,,,142152,97795,199277,2562507,1624212,3717291,3993728,2405850,6058975
2020-03-27,299,1997,,,,,,,135164,93641,191093,2539933,1632398,3670168,4128893,2499491,6250067
2020-03-28,320,2317,,,,,,,128367,90151,181720,2501077,1629068,3603729,4257260,2589643,6431787
2020-03-29,294,2611,,,,,,,121809,84701,174118,2447851,1612653,3520510,4379069,2674344,6605904
2020-03-30,419,3030,,,,,,,115523,79548,165811,2382453,1584947,3417171,4494592,2753893,6771715
2020-03-31,502,3532,,,,,,,109522,75662,159781,2307191,1547276,3298510,4604114,2829555,6931496
2020-04-01,511,4043,,,,,,,103807,70936,153778,2224350,1500920,3172904,4707921,2900491,7085273
2020-04-02,1355,5398,,,,,,,98374,66303,147141,2136139,1447682,3044890,4806295,2966794,7232414
2020-04-03,1122,6520,,,,,,,93216,61270,141778,2044650,1388808,2918183,4899510,3028065,7374191
2020-04-04,1054,7574,,,,,,,88325,56519,135935,1951813,1327112,2793412,4987836,3084584,7510126
2020-04-05,519,8093,,,,,,,83694,51983,131953,1859299,1262316,2675010,5071529,3136568,7642078
2020-04-06,833,8926,,,,,,,79309,48685,127148,1768424,1196593,2563713,5150838,3185253,7769226
2020-04-07,1417,10343,,,,,,,75160,44977,122530,1680110,1131260,2457605,5225999,3230230,7891755
2020-04-08,544,10887,,,,,,,71235,41472,118040,1594923,1065961,2358523,5297234,3271703,8009794
2020-04-09,1341,12228,,,,,,,67523,37813,113709,1513180,1001462,2263804,5364757,3309516,8123503
2020-04-10,987,13215,,,,,,,64012,34309,110226,1435041,937975,2174753,5428769,3343826,8233728
2020-04-11,636,13851,,,,,,,60692,31409,106604,1360568,875743,2090265,5489461,3375235,8340332
2020-04-12,561,14412,,,,,,,57553,28877,102628,1289754,814470,2011173,5547014,3404113,8442960
2020-04-13,574,14986,,,,,,,54584,26264,98767,1222528,756032,1935823,5601598,3430377,8541726
2020-04-14,762,15748,,,,,,,51776,23843,95283,1158781,700328,1865294,5653374,3454221,8637009
2020-04-15,1440,17188,,,,,,,49121,21650,92350,1098381,646316,1797863,5702495,3475871,8729358
2020-04-16,753,17941,,,,,,,46610,19670,89206,1041184,595050,1733291,5749105,3495542,8818564
2020-04-17,762,18703,,,,,,,44235,18120,86678,987044,546867,1672828,5793339,3513662,8905241
2020-04-18,642,19345,,,,,,,41988,16562,83919,935817,502159,1614970,5835327,3530225,8989160
2020-04-19,399,19744,,,,,,,39863,15087,81054,887354,460727,1560088,5875190,3545312,9070213
2020-04-20,548,20292,,,,,,,37852,13745,78170,841513,422489,1506305,5913042,3559057,9148383
2020-04-21,537,20829,,,,,,,35949,12568,75372,798153,386373,1454529,5948991,3571626,9223754
2020-04-22,544,21373,,,,,,,34148,11564,72717,757141,352960,1404716,5983139,3583191,9296470
2020-04-23,516,21889,,,,,,,32443,10569,70719,718349,322057,1357395,6015583,3593760,9367189
2020-04-24,390,22279,,,,,,,30830,9614,68409,681655,293858,1312095,6046412,3603375,9435597
2020-04-25,369,22648,,,,,,,29302,8766,66162,646945,268315,1268031,6075714,3612142,9501758
2020-04-26,242,22890,,,,,,,27855,8010,64084,614108,244916,1225510,6103569,3620152,9565842
2020-04-27,437,23327,,,,,,,26484,7298,61848,583039,223337,1184730,6130053,3627450,9627689
2020-04-28,367,23694,,,,,,,25186,6658,59613,553641,203731,1145576,6155239,3634108,9687302
2020-04-29,427,24121,,,,,,,23957,6120,57784,525822,186007,1108077,6179196,3640228,9745085
2020-04-30,289,24410,,,,,,,22792,5626,55813,499493,169983,1071540,6201988,3645855,9800898
2020-05-01,218,24628,,,,,,,21689,5174,53983,474572,155487,1036317,6223677,3651030,9854880
2020-05-02,135,24763,,,,,,,20645,4758,52195,450983,142126,1001834,6244322,3655788,9907075
2020-05-03,137,24900,,,,,,,19656,4346,50521,428651,129910,968436,6263978,3660135,9957596
2020-05-04,304,25204,,,,,,,18721,3986,48777,407509,118809,936159,6282699,3664121,10006372
2020-05-05,333,25537,,,,,,,17838,3662,47215,387495,108726,905203,6300537,3667784,10053586
2020-05-06,275,25812,,,,,,,17005,3376,45679,368551,99534,875511,6317542,3671160,10099265
2020-05-07,178,25990,,,,,,,16221,3092,44217,350624,91061,847011,6333763,3674253,10143481
2020-05-08,243,26233,,,,,,,15487,2861,42912,333667,83353,819204,6349250,3677114,10186393
2020-05-09,80,26313,,,,,,,14802,2653,41617,317639,76392,792412,6364051,3679767,10228009
2020-05-10,70,26383,,,,,,,14167,2454,40410,302504,70080,766660,6378218,3682222,10268418
2020-05-11,263,26646,,,,,,,13584,2274,39206,288233,64345,741782,6391802,3684497,10307623
2020-05-12,,,190,69,391,26836,26715,27037,13052,2104,38276,274801,59151,718210,6404853,3686601,10345899
2020-05-13,,,180,63,377,27016,26779,27413,12570,1956,37413,262184,54449,696011,6417423,3688558,10383312
2020-05-14,,,171,58,363,27187,26838,27776,12134,1832,36558,250361,50161,674784,6429557,3690390,10419869
2020-05-15,,,163,53,353,27350,26891,28129,11737,1738,36099,239306,46273,655070,6441294,3692128,10455968
2020-05-16,,,154,49,342,27504,26940,28470,11373,1633,35734,228990,42732,636822,6452667,3693762,10491702
2020-05-17,,,147,44,331,27651,26985,28801,11034,1530,35038,219380,39504,619664,6463701,3695292,10526739
2020-05-18,,,140,40,321,27790,27026,29121,10716,1433,34692,210440,36591,603835,6474417,3696726,10561430
2020-05-19,,,133,37,309,27923,27063,29430,10415,1332,33984,202133,33937,589042,6484833,3698058,10595414
2020-05-20,,,126,33,298,28049,27097,29727,10129,1248,33608,194425,31523,575436,6494962,3699307,10629021
2020-05-21,,,120,30,289,28169,27128,30016,9856,1164,33236,187276,29311,562993,6504818,3700472,10662257
2020-05-22,,,114,28,279,28284,27156,30294,9596,1101,32926,180651,27320,551701,6514414,3701573,10695182
2020-05-23,,,109,26,270,28392,27182,30564,9345,1043,32654,174509,25502,541444,6523759,3702616,10727836
2020-05-24,,,103,24,261,28496,27206,30825,9104,984,32284,168812,23833,532111,6532863,3703601,10760119
2020-05-25,,,99,22,253,28594,27228,31077,8872,912,32139,163517,22290,523840,6541735,3704513,10792258
2020-05-26,,,94,20,244,28688,27249,31321,8649,850,31830,158583,20866,516464,6550384,3705363,10824087
2020-05-27,,,89,18,236,28777,27267,31557,8433,801,31643,153964,19563,509831,6558818,3706165,10855730
2020-05-28,,,85,17,229,28863,27284,31785,8225,750,31359,149620,18357,503777,6567043,3706916,10887088
2020-05-29,,,81,15,222,28944,27300,32006,8025,705,31099,145511,17230,498318,6575068,3707621,10918186
2020-05-30,,,78,14,215,29022,27315,32221,7830,670,30814,141604,16163,493032,6582898,3708292,10949000
2020-05-31,,,74,13,209,29096,27328,32430,7644,633,30614,137875,15163,487912,6590542,3708925,10979613
2020-06-01,,,71,12,203,29168,27341,32632,7462,591,30396,134302,14224,483270,6598004,3709517,11010009
2020-06-02,,,68,11,198,29236,27352,32829,7285,554,30135,130871,13345,478714,6605289,3710072,11040143
2020-06-03,,,66,10,193,29302,27363,33021,7115,519,29950,127571,12532,474679,6612404,3710591,11070092
2020-06-04,,,63,9,189,29365,27373,33210,6949,486,29778,124391,11770,470849,6619353,3711078,11099870
2020-06-05,,,61,9,185,29426,27382,33394,6788,452,29576,121323,11058,467189,6626141,3711530,11129445
2020-06-06,,,59,8,182,29485,27391,33575,6632,420,29427,118359,10377,463690,6632772,3711951,11158872
2020-06-07,,,57,8,180,29542,27399,33754,6478,390,29249,115492,9725,460284,6639251,3712342,11188120
2020-06-08,,,55,7,176,29597,27407,33930,6328,362,29049,112715,9103,457050,6645578,3712705,11217168
2020-06-09,,,54,7,174,29651,27414,34104,6179,336,28896,110022,8527,453807,6651757,3713041,11246064
2020-06-10,,,52,6,171,29703,27421,34274,6030,317,28608,107403,7995,450585,6657788,3713359,11274672
2020-06-11,,,51,6,168,29754,27427,34442,5881,293,28255,104850,7487,447197,6663668,3713652,11302927
2020-06-12,,,49,5,167,29803,27433,34608,5728,270,27931,102353,7007,443770,6669396,3713923,11330858
2020-06-13,,,48,5,165,29851,27438,34772,5573,248,27463,99902,6549,440134,6674970,3714171,11358320
2020-06-14,,,47,5,164,29898,27444,34935,5416,227,26899,97488,6106,436219,6680386,3714399,11385218
2020-06-15,,,46,4,162,29943,27449,35096,5260,208,26356,95104,5681,431961,6685646,3714607,11411574
2020-06-16,,,44,4,161,29988,27453,35257,5106,189,25748,92748,5278,427313,6690752,3714796,11437321
2020-06-17,,,43,4,159,30031,27457,35416,4955,172,25243,90418,4896,422421,6695707,3714968,11462564
2020-06-18,,,42,4,158,30073,27461,35574,4811,158,24688,88114,4535,417160,6700518,3715127,11487252
2020-06-19,,,41,3,157,30114,27465,35730,4671,146,24027,85836,4195,411409,6705188,3715273,11511278
2020-06-20,,,40,3,156,30154,27469,35886,4534,134,23372,83582,3877,405205,6709722,3715407,11534649
2020-06-21,,,39,3,154,30193,27472,36040,4401,123,22727,81351,3579,398505,6714123,3715531,11557376
2020-06-22,,,38,3,153,30231,27475,36192,4272,112,22096,79145,3301,391352,6718395,3715643,11579471
2020-06-23,,,37,2,152,30269,27478,36344,4147,103,21488,76964,3042,383791,6722543,3715747,11600959
2020-06-24,,,36,2,151,30305,27481,36495,4027,94,20974,74812,2800,375869,6726569,3715841,11621933
2020-06-25,,,36,2,150,30341,27484,36644,3910,86,20444,72692,2568,367705,6730479,3715928,11642376
2020-06-26,,,35,2,149,30375,27486,36793,3796,78,19940,70608,2354,359389,6734276,3716007,11662315
2020-06-27,,,34,2,148,30409,27488,36940,3687,71,19311,68566,2155,350769,6737962,3716078,11681626
2020-06-28,,,33,2,147,30442,27491,37087,3580,65,18908,66572,1973,342214,6741542,3716144,11700533
2020-06-29,,,32,1,146,30475,27493,37233,3477,60,18439,64633,1806,333754,6745019,3716205,11718972
2020-06-30,,,32,1,145,30506,27494,37377,3377,55,17971,62750,1653,325369,6748396,3716260,11736942
2020-07-01,,,31,1,144,30537,27496,37520,3280,50,17492,60924,1514,317112,6751676,3716311,11754433
2020-07-02,,,30,1,142,30567,27498,37662,3186,46,17031,59155,1388,308901,6754862,3716357,11771464
2020-07-03,,,29,1,140,30596,27499,37802,3095,42,16649,57439,1272,300862,6757956,3716399,11788113
2020-07-04,,,29,1,139,30625,27500,37940,3006,38,16325,55774,1164,293159,6760963,3716438,11804437
2020-07-05,,,28,1,136,30653,27502,38076,2921,35,15928,54161,1065,285716,6763883,3716473,11820365
2020-07-06,,,27,1,134,30680,27503,38210,2838,32,15466,52598,974,278456,6766721,3716505,11835831
2020-07-07,,,26,1,131,30706,27504,38341,2757,29,15038,51083,891,271398,6769478,3716535,11850869
2020-07-08,,,25,0,129,30731,27505,38469,2679,26,14658,49614,814,264568,6772157,3716561,11865526
2020-07-09,,,25,0,126,30756,27506,38595,2603,24,14254,48191,744,257848,6774760,3716586,11879780
2020-07-10,,,24,0,124,30780,27507,38718,2530,22,13847,46810,679,251251,6777290,3716608,11893627
2020-07-11,,,23,0,120,30803,27507,38838,2458,20,13503,45472,621,244814,6779748,3716628,11907129
2020-07-12,,,23,0,117,30826,27508,38954,2389,18,13137,44175,568,238641,6782137,3716647,11920266
2020-07-13,,,22,0,114,30848,27509,39068,2322,16,12843,42916,519,232576,6784459,3716664,11933109
2020-07-14,,,21,0,111,30869,27509,39178,2257,15,12519,41696,474,226656,6786715,3716679,11945627
2020-07-15,,,21,0,108,30890,27510,39285,2193,14,12200,40513,433,220885,6788909,3716693,11957826
2020-07-16,,,20,0,105,30910,27510,39390,2132,12,11879,39365,395,215272,6791041,3716706,11969704
2020-07-17,,,20,0,103,30930,27511,39492,2073,11,11585,38252,361,209825,6793113,3716718,11981288
2020-07-18,,,19,0,100,30949,27511,39591,2015,10,11315,37172,329,204490,6795128,3716729,11992603
2020-07-19,,,18,0,97,30967,27511,39688,1959,9,10962,36124,301,199128,6797087,3716739,12003564
2020-07-20,,,18,0,95,30985,27512,39782,1904,9,10666,35107,274,193865,6798991,3716748,12014230
2020-07-21,,,17,0,93,31002,27512,39874,1851,8,10390,34121,251,188789,6800842,3716756,12024619
2020-07-22,,,17,0,90,31019,27512,39964,1800,7,10131,33164,229,183881,6802642,3716764,12034749
2020-07-23,,,16,0,88,31036,27513,40051,1750,7,9897,32235,209,179120,6804392,3716771,12044646
2020-07-24,,,16,0,86,31051,27513,40136,1702,6,9674,31334,191,174540,6806094,3716777,12054320
2020-07-25,,,15,0,84,31067,27513,40219,1655,5,9428,30459,175,170121,6807748,3716783,12063747
2020-07-26,,,15,0,82,31082,27513,40301,1609,5,9161,29610,160,165779,6809358,3716789,12072908
2020-07-27,,,15,0,80,31097,27513,40380,1565,4,8873,28786,146,161515,6810922,3716794,12081780
2020-07-28,,,14,0,78,31111,27514,40458,1522,4,8649,27986,134,157321,6812444,3716798,12090429
2020-07-29,,,14,0,76,31124,27514,40533,1480,4,8458,27209,122,153260,6813924,3716802,12098886
2020-07-30,,,13,0,74,31138,27514,40606,1439,3,8292,26455,112,149352,6815364,3716806,12107177
2020-07-31,,,13,0,72,31151,27514,40677,1400,3,8087,25723,102,145560,6816764,3716809,12115264
2020-08-01,,,13,0,70,31163,27514,40746,1362,3,7895,25012,94,141870,6818125,3716813,12123158
2020-08-02,,,12,0,68,31176,27514,40814,1325,2,7691,24322,86,138246,6819450,3716815,12130848
2020-08-03,,,12,0,66,31188,27514,40879,1288,2,7504,23652,79,134788,6820738,3716818,12138352
2020-08-04,,,12,0,65,31199,27514,40943,1253,2,7322,23001,72,131444,6821992,3716820,12145673
