date,actual_deaths,total_deaths,predicted_deaths_mean,predicted_deaths_lower,predicted_deaths_upper,predicted_total_deaths_mean,predicted_total_deaths_lower,predicted_total_deaths_upper,predicted_new_infected_mean,predicted_new_infected_lower,predicted_new_infected_upper,predicted_current_infected_mean,predicted_current_infected_lower,predicted_current_infected_upper,predicted_total_infected_mean,predicted_total_infected_lower,predicted_total_infected_upper
2020-02-13,,,,,,,,,540,250,750,540,250,750,540,250,750
2020-02-14,,,,,,,,,540,250,750,1080,500,1500,1080,500,1500
2020-02-15,,,,,,,,,540,250,750,1619,750,2250,1619,750,2250
2020-02-16,,,,,,,,,540,250,750,2159,1000,3000,2159,1000,3000
2020-02-17,,,,,,,,,540,250,750,2699,1250,3750,2699,1250,3750
2020-02-18,,,,,,,,,540,250,750,3239,1500,4500,3239,1500,4500
2020-02-19,,,,,,,,,540,250,750,3778,1750,5250,3778,1750,5250
2020-02-20,,,,,,,,,540,250,750,4318,2000,6000,4318,2000,6000
2020-02-21,,,,,,,,,540,250,750,4858,2250,6750,4858,2250,6750
2020-02-22,,,,,,,,,1764,849,2550,6622,3099,9300,6622,3099,9300
2020-02-23,,,,,,,,,1760,847,2544,8382,3947,11844,8382,3947,11844
2020-02-24,,,,,,,,,1895,917,2754,10277,4865,14597,10277,4865,14597
2020-02-25,,,,,,,,,2171,1059,3179,12448,5924,17775,12448,5924,17775
2020-02-26,,,,,,,,,2742,1352,4059,15191,7276,21834,15191,7276,21834
2020-02-27,,,,,,,,,3640,1814,5446,18831,9091,27280,18831,9091,27280
2020-02-28,,,,,,,,,4383,2200,6605,22674,11041,33135,23213,11291,33885
2020-02-29,,,,,,,,,5108,2583,7757,27242,13374,40141,28321,13874,41641
2020-03-01,,,,,,,,,6043,3083,9259,32745,16208,48649,34364,16958,50899
2020-03-02,,,,,,,,,7242,3732,11207,39447,19691,59105,41606,20691,62105
2020-03-03,,,,,,,,,8783,4575,13731,47690,24016,72085,50389,25266,75835
2020-03-04,,,,,,,,,10494,5530,16575,57645,29296,87909,60883,30796,92409
2020-03-05,,,,,,,,,12382,6612,20145,69487,35659,107304,73266,37409,112554
2020-03-06,,,,,,,,,14554,7898,24257,83501,43307,130811,87819,45307,136811
2020-03-07,,,,,,,,,17074,9454,28146,100035,52512,158206,104893,54762,164956
2020-03-08,,,,,,,,,19950,11325,32937,118221,62987,188592,124843,66087,197892
2020-03-09,2,2,,,,,,,23079,13512,37995,139540,75652,224043,147922,79600,235887
2020-03-10,0,2,,,,,,,26359,15957,41823,164004,90692,263112,174281,95558,277709
2020-03-11,1,3,,,,,,,29724,18640,45021,191557,108274,304954,204006,114198,322729
2020-03-12,0,3,,,,,,,33085,21213,48153,221900,128135,349048,237091,135411,370882
2020-03-13,4,7,,,,,,,36315,23871,51351,254575,150192,394953,273405,159283,422233
2020-03-14,2,9,,,,,,,39252,26515,54203,289444,174507,442551,312657,185798,476435
2020-03-15,2,11,,,,,,,41749,28972,55595,326085,200897,490389,354407,214771,532030
2020-03-16,6,17,,,,,,,43715,30827,58156,363758,228641,539287,398122,245599,590186
2020-03-17,7,24,,,,,,,45107,32260,60002,401623,257169,588083,443229,277860,650187
2020-03-18,4,28,,,,,,,45932,32700,60565,438771,285293,634917,489161,310560,710752
2020-03-19,16,44,,,,,,,46233,32935,61453,474511,312699,679795,535394,343495,772204
2020-03-20,23,67,,,,,,,46092,33050,62033,508220,339137,721684,581486,376546,834237
2020-03-21,17,84,,,,,,,45606,32885,61153,539272,364124,758579,627092,409432,895389
2020-03-22,10,94,,,,,,,44871,32589,60122,567069,387259,790555,671962,442022,955510
2020-03-23,29,123,,,,,,,43964,32377,59012,591083,408311,816631,715926,474399,1014522
2020-03-24,34,157,,,,,,,42941,31803,57572,610945,426602,836207,758867,506202,1072093
2020-03-25,49,206,,,,,,,41842,31216,55740,626427,441861,850125,800709,537419,1127833
2020-03-26,61,267,,,,,,,40698,30587,53284,637401,453808,858388,841407,568006,1181116
2020-03-27,75,342,,,,,,,39536,30031,51099,643852,462626,861333,880942,598038,1232215
2020-03-28,91,433,,,,,,,38374,29329,49225,645910,468084,859207,919316,627367,1281439
2020-03-29,100,533,,,,,,,37224,28499,47378,643883,470068,852382,956540,655867,1328817
2020-03-30,112,645,,,,,,,36096,27556,45526,638230,468651,842313,992636,683423,1374343
2020-03-31,130,775,,,,,,,34994,26716,43693,629508,464541,827850,1027630,710140,1418035
2020-04-01,145,920,,,,,,,33920,25799,42255,618321,458080,810103,1061550,735940,1460289
2020-04-02,187,1107,,,,,,,32879,24647,41364,605268,450027,790902,1094429,760588,1501653
2020-04-03,168,1275,,,,,,,31870,23583,40438,590904,440675,769887,1126298,784171,1542091
2020-04-04,169,1444,,,,,,,30894,22584,39804,575707,430209,747658,1157193,806756,1581894
2020-04-05,140,1584,,,,,,,29952,21852,39039,560053,419176,725544,1187144,828609,1620932
2020-04-06,226,1810,,,,,,,29041,20727,38065,544223,407314,703487,1216185,849336,1658997
2020-04-07,206,2016,,,,,,,28163,19817,37445,528422,394754,681920,1244348,869154,1696441
2020-04-08,333,2349,,,,,,,27315,18813,37082,512796,381765,661430,1271663,887968,1733523
2020-04-09,258,2607,,,,,,,26497,17846,36672,497451,368395,642361,1298159,905814,1770194
2020-04-10,129,2736,,,,,,,25708,16880,36141,482460,354688,625219,1323867,922695,1806335
2020-04-11,0,2736,,,,,,,24946,15975,35741,467871,340632,609861,1348813,938671,1842075
2020-04-12,286,3022,,,,,,,24212,15108,35149,453709,326412,595785,1373025,953780,1877224
2020-04-13,172,3194,,,,,,,23503,14243,34722,439988,312156,583128,1396528,968023,1911945
2020-04-14,100,3294,,,,,,,22819,13412,34444,426710,298012,572047,1419347,981435,1946389
2020-04-15,510,3804,,,,,,,22158,12663,34107,413875,283958,562460,1441505,994099,1980495
2020-04-16,248,4052,,,,,,,21521,11883,33703,401476,270042,553908,1463026,1005983,2014197
2020-04-17,300,4352,,,,,,,20906,11193,33300,389504,256588,545844,1483933,1017177,2047496
2020-04-18,107,4459,,,,,,,20313,10457,32897,377947,243463,538303,1504245,1027635,2080393
2020-04-19,127,4586,,,,,,,19739,9928,32499,366792,230806,530999,1523985,1037563,2112892
2020-04-20,276,4862,,,,,,,19186,9344,32105,356026,218299,524064,1543170,1046908,2144996
2020-04-21,171,5033,,,,,,,18650,8709,31711,345635,206281,517710,1561821,1055618,2176706
2020-04-22,246,5279,,,,,,,18133,8177,31411,335606,194641,511676,1579954,1063795,2208117
2020-04-23,296,5575,,,,,,,17634,7775,31071,325925,183602,505666,1597588,1071570,2239188
2020-04-24,185,5760,,,,,,,17151,7375,30688,316580,173131,499682,1614739,1078946,2269875
2020-04-25,117,5877,,,,,,,16684,6998,30304,307556,163249,493845,1631423,1085944,2300179
2020-04-26,99,5976,,,,,,,16232,6642,29924,298842,153916,488027,1647655,1092587,2330102
2020-04-27,150,6126,,,,,,,15796,6304,29546,290426,145112,482424,1663451,1098892,2359647
2020-04-28,188,6314,,,,,,,15373,5985,29166,282296,136854,476869,1678824,1104878,2388813
2020-04-29,153,6467,,,,,,,14965,5684,28795,274443,129126,471220,1693789,1110562,2417608
2020-04-30,156,6623,,,,,,,14570,5400,28434,266855,121862,465547,1708360,1115962,2446042
2020-05-01,113,6736,,,,,,,14189,5090,28072,259522,115069,459917,1722548,1121053,2474113
2020-05-02,76,6812,,,,,,,13820,4818,27715,252435,108694,454332,1736368,1125871,2501828
2020-05-03,54,6866,,,,,,,13464,4547,27366,245587,102784,448800,1749832,1130419,2529193
2020-05-04,127,6993,,,,,,,13121,4296,27026,238968,97153,443327,1762953,1134716,2556218
2020-05-05,0,6993,,,,,,,12791,4058,26683,232574,91866,437905,1775744,1138774,2582900
2020-05-06,282,7275,,,,,,,12476,3836,26357,226399,86993,432551,1788220,1142611,2609257
2020-05-07,117,7392,,,,,,,12175,3624,26010,220441,82439,427150,1800395,1146235,2635267
2020-05-08,118,7510,,,,,,,11891,3421,25715,214698,78086,421793,1812286,1149656,2660981
2020-05-09,39,7549,,,,,,,11626,3243,25501,209173,73954,416606,1823912,1152900,2686481
2020-05-10,20,7569,,,,,,,11381,3072,25279,203870,70028,411581,1835293,1155973,2711760
2020-05-11,92,7661,,,,,,,11161,2918,25233,198799,66303,406891,1846454,1158891,2736992
2020-05-12,,,96,47,161,7757,7708,7822,10968,2778,25277,193971,62777,402622,1857422,1161670,2762269
2020-05-13,,,93,43,159,7850,7751,7980,10801,2653,25344,189399,59445,398799,1868223,1164323,2787612
2020-05-14,,,91,40,157,7941,7792,8137,10662,2507,25497,185095,56268,395501,1878885,1166831,2813108
2020-05-15,,,88,38,156,8029,7831,8292,10545,2416,25689,181070,53285,392755,1889430,1169247,2838797
2020-05-16,,,86,36,154,8114,7868,8445,10447,2340,25908,177328,50535,390592,1899876,1171588,2864704
2020-05-17,,,83,35,152,8198,7903,8597,10362,2286,26331,173870,48003,389208,1910238,1173875,2891035
2020-05-18,,,81,33,150,8279,7937,8746,10287,2209,26747,170693,45665,388589,1920525,1176084,2917782
2020-05-19,,,79,31,148,8358,7968,8894,10220,2128,26989,167792,43496,388552,1930745,1178213,2944770
2020-05-20,,,77,30,146,8435,7998,9039,10159,2027,27500,165160,41466,389369,1940904,1180241,2972269
2020-05-21,,,75,28,144,8509,8027,9183,10104,1932,27983,162788,39562,390995,1951009,1182173,3000252
2020-05-22,,,73,27,142,8582,8054,9325,10054,1870,28527,160667,37808,393512,1961062,1184044,3028778
2020-05-23,,,71,25,141,8653,8080,9465,10006,1801,29003,158782,36188,396800,1971068,1185845,3057780
2020-05-24,,,69,24,139,8722,8104,9604,9962,1732,29515,157119,34677,400815,1981030,1187577,3087295
2020-05-25,,,67,22,137,8789,8127,9740,9921,1662,29871,155658,33267,405406,1990951,1189240,3117165
2020-05-26,,,66,21,136,8855,8148,9875,9882,1594,30481,154378,31944,410654,2000833,1190835,3147646
2020-05-27,,,64,20,134,8919,8169,10009,9845,1516,30911,153256,30681,416288,2010678,1192351,3178557
2020-05-28,,,62,19,132,8981,8188,10141,9811,1462,31446,152266,29491,422391,2020490,1193814,3210002
2020-05-29,,,61,18,131,9042,8206,10271,9779,1412,32060,151384,28395,428954,2030269,1195226,3242062
2020-05-30,,,60,17,130,9102,8223,10400,9750,1358,32696,150589,27337,435962,2040019,1196585,3274758
2020-05-31,,,58,16,129,9160,8240,10528,9723,1316,33344,149866,26312,443398,2049742,1197901,3308102
2020-06-01,,,57,15,128,9217,8255,10656,9696,1260,34026,149200,25285,451093,2059438,1199161,3342128
2020-06-02,,,56,14,128,9273,8270,10783,9672,1222,34718,148585,24299,459063,2069110,1200384,3376845
2020-06-03,,,55,14,128,9329,8284,10911,9649,1160,35415,148013,23331,467490,2078758,1201545,3412259
2020-06-04,,,54,13,129,9383,8297,11039,9627,1100,36108,147481,22404,476098,2088385,1202645,3448367
2020-06-05,,,54,12,130,9437,8310,11169,9606,1049,36786,146983,21521,484901,2097991,1203695,3485152
2020-06-06,,,53,12,130,9489,8322,11298,9586,1013,37451,146515,20664,493826,2107577,1204708,3522603
2020-06-07,,,52,11,131,9542,8334,11429,9564,977,38100,146073,19840,502923,2117141,1205685,3560703
2020-06-08,,,52,11,133,9594,8345,11561,9541,942,38719,145652,19050,512127,2126682,1206627,3599422
2020-06-09,,,52,11,135,9645,8356,11696,9514,900,39286,145246,18287,521542,2136196,1207528,3638707
2020-06-10,,,51,10,136,9697,8367,11831,9480,860,39770,144844,17553,530831,2145677,1208389,3678476
2020-06-11,,,51,10,139,9747,8377,11970,9436,821,40134,144435,16858,540054,2155113,1209210,3718610
2020-06-12,,,51,9,141,9798,8387,12110,9379,781,40341,144003,16176,548949,2164492,1209991,3758950
2020-06-13,,,50,9,143,9848,8396,12253,9308,747,40369,143531,15512,557257,2173800,1210739,3799319
2020-06-14,,,50,8,146,9898,8405,12399,9224,708,40251,143006,14863,564812,2183024,1211448,3839570
2020-06-15,,,50,8,149,9948,8414,12547,9131,672,40033,142414,14219,571500,2192155,1212120,3879602
2020-06-16,,,50,8,150,9998,8422,12697,9034,637,39763,141752,13596,577237,2201190,1212757,3919364
2020-06-17,,,49,7,153,10047,8430,12850,8936,603,39471,141016,12977,581990,2210126,1213361,3958834
2020-06-18,,,49,7,156,10096,8438,13005,8837,572,39164,140205,12389,585739,2218963,1213934,3997997
2020-06-19,,,49,7,158,10145,8445,13163,8738,540,38840,139316,11829,588471,2227701,1214474,4036837
2020-06-20,,,49,7,161,10194,8452,13324,8637,509,38502,138347,11289,590187,2236338,1214984,4075339
2020-06-21,,,49,6,165,10243,8459,13488,8536,479,38156,137298,10755,590891,2244875,1215463,4113494
2020-06-22,,,49,6,168,10292,8465,13655,8436,450,37807,136169,10228,590598,2253311,1215914,4151300
2020-06-23,,,48,6,171,10340,8472,13826,8336,421,37459,134965,9707,589337,2261647,1216335,4188759
2020-06-24,,,48,6,175,10389,8478,14000,8242,397,37113,133692,9205,587164,2269889,1216733,4225871
2020-06-25,,,48,5,178,10437,8483,14177,8147,375,36764,132359,8719,584158,2278036,1217108,4262634
2020-06-26,,,48,5,181,10485,8489,14358,8053,353,36413,130975,8251,580437,2286088,1217461,4299047
2020-06-27,,,48,5,185,10533,8494,14543,7959,331,36062,129555,7802,576159,2294048,1217793,4335109
2020-06-28,,,48,5,188,10581,8499,14730,7867,312,35697,128114,7366,571486,2301915,1218105,4370805
2020-06-29,,,48,4,191,10629,8504,14920,7777,293,35343,126667,6951,566578,2309692,1218399,4406147
2020-06-30,,,48,4,193,10676,8509,15113,7688,276,34989,125224,6555,561534,2317379,1218676,4441135
2020-07-01,,,47,4,196,10724,8513,15309,7599,260,34635,123789,6178,556406,2324978,1218936,4475770
2020-07-02,,,47,4,198,10771,8518,15506,7512,244,34282,122365,5819,551218,2332491,1219181,4510051
2020-07-03,,,47,4,199,10818,8522,15704,7426,230,33929,120953,5477,545983,2339917,1219411,4543980
2020-07-04,,,47,3,200,10865,8526,15904,7341,216,33557,119556,5153,540700,2347257,1219628,4577537
2020-07-05,,,46,3,200,10911,8529,16104,7257,203,33241,118176,4847,535439,2354514,1219832,4610777
2020-07-06,,,46,3,200,10957,8533,16303,7174,191,32926,116814,4560,530209,2361688,1220024,4643702
2020-07-07,,,46,3,199,11002,8536,16502,7092,180,32610,115470,4291,525012,2368781,1220205,4676312
2020-07-08,,,45,3,198,11047,8539,16700,7011,170,32296,114145,4039,519849,2375792,1220375,4708607
2020-07-09,,,45,3,197,11092,8542,16897,6931,160,31982,112834,3802,514719,2382723,1220535,4740589
2020-07-10,,,44,2,196,11136,8545,17092,6852,150,31669,111539,3577,509624,2389575,1220686,4772257
2020-07-11,,,44,2,194,11180,8548,17286,6774,141,31356,110261,3366,504567,2396349,1220828,4803613
2020-07-12,,,43,2,193,11223,8551,17478,6697,134,31045,108998,3168,499549,2403046,1220962,4834657
2020-07-13,,,43,2,191,11265,8553,17668,6621,126,30728,107752,2983,494581,2409667,1221089,4865385
2020-07-14,,,42,2,189,11307,8555,17857,6545,119,30409,106521,2809,489647,2416212,1221208,4895793
2020-07-15,,,42,2,188,11349,8557,18044,6471,112,30095,105304,2645,484753,2422683,1221321,4925888
2020-07-16,,,41,1,186,11390,8559,18229,6397,105,29761,104102,2490,479880,2429081,1221427,4955649
2020-07-17,,,41,1,184,11431,8561,18413,6325,99,29421,102915,2345,475018,2435406,1221526,4985069
2020-07-18,,,40,1,182,11471,8563,18595,6253,95,29094,101742,2209,470183,2441658,1221621,5014162
2020-07-19,,,40,1,181,11511,8565,18775,6182,89,28778,100583,2082,465403,2447840,1221711,5042939
2020-07-20,,,39,1,179,11550,8566,18953,6112,84,28469,99438,1963,460631,2453952,1221795,5071408
2020-07-21,,,39,1,177,11589,8568,19129,6042,79,28145,98306,1850,455851,2459994,1221875,5099553
2020-07-22,,,38,1,175,11627,8569,19304,5974,74,27812,97187,1744,451053,2465968,1221949,5127364
2020-07-23,,,38,1,173,11665,8570,19477,5906,70,27511,96082,1644,446268,2471874,1222020,5154875
2020-07-24,,,38,1,172,11703,8572,19648,5839,66,27209,94990,1551,441495,2477712,1222087,5182083
2020-07-25,,,37,1,170,11740,8573,19818,5773,62,26908,93910,1463,436734,2483485,1222150,5208991
2020-07-26,,,37,1,168,11777,8574,19985,5707,59,26609,92843,1380,431986,2489192,1222209,5235599
2020-07-27,,,36,1,166,11813,8575,20151,5642,56,26310,91788,1303,427251,2494834,1222265,5261908
2020-07-28,,,36,0,165,11849,8576,20316,5578,52,26012,90745,1229,422536,2500412,1222318,5287920
2020-07-29,,,35,0,163,11884,8577,20478,5515,49,25715,89715,1159,417842,2505927,1222368,5313635
2020-07-30,,,35,0,162,11919,8578,20640,5452,46,25422,88696,1093,413169,2511379,1222415,5339056
2020-07-31,,,35,0,160,11954,8578,20799,5390,44,25118,87689,1032,408525,2516770,1222459,5364174
2020-08-01,,,34,0,159,11988,8579,20958,5329,41,24816,86693,974,403921,2522099,1222500,5388989
2020-08-02,,,34,0,157,12022,8580,21114,5269,39,24521,85709,918,399348,2527368,1222540,5413510
2020-08-03,,,33,0,156,12055,8581,21269,5209,36,24240,84736,865,394810,2532576,1222576,5437749
2020-08-04,,,33,0,154,12088,8581,21423,5150,34,23944,83774,815,390286,2537726,1222611,5461693
