date,actual_deaths,total_deaths,predicted_deaths_mean,predicted_deaths_lower,predicted_deaths_upper,predicted_total_deaths_mean,predicted_total_deaths_lower,predicted_total_deaths_upper,predicted_new_infected_mean,predicted_new_infected_lower,predicted_new_infected_upper,predicted_current_infected_mean,predicted_current_infected_lower,predicted_current_infected_upper,predicted_total_infected_mean,predicted_total_infected_lower,predicted_total_infected_upper
2020-02-20,,,,,,,,,75,25,125,75,25,125,75,25,125
2020-02-21,,,,,,,,,75,25,125,150,50,250,150,50,250
2020-02-22,,,,,,,,,75,25,125,224,75,375,224,75,375
2020-02-23,,,,,,,,,75,25,125,299,100,500,299,100,500
2020-02-24,,,,,,,,,75,25,125,374,125,625,374,125,625
2020-02-25,,,,,,,,,75,25,125,449,150,750,449,150,750
2020-02-26,,,,,,,,,75,25,125,524,175,875,524,175,875
2020-02-27,,,,,,,,,75,25,125,599,200,1000,599,200,1000
2020-02-28,,,,,,,,,75,25,125,673,225,1125,673,225,1125
2020-02-29,,,,,,,,,198,74,325,871,299,1450,871,299,1450
2020-03-01,,,,,,,,,197,74,324,1069,374,1774,1069,374,1774
2020-03-02,,,,,,,,,207,79,339,1276,454,2113,1276,454,2113
2020-03-03,,,,,,,,,227,89,370,1503,543,2483,1503,543,2483
2020-03-04,,,,,,,,,269,109,434,1772,653,2916,1772,653,2916
2020-03-05,,,,,,,,,334,141,533,2106,794,3449,2106,794,3449
2020-03-06,,,,,,,,,385,166,611,2415,936,3935,2490,961,4060
2020-03-07,,,,,,,,,429,190,676,2770,1101,4485,2920,1151,4735
2020-03-08,,,,,,,,,483,219,753,3178,1296,5113,3402,1371,5488
2020-03-09,,,,,,,,,547,256,844,3650,1528,5831,3949,1628,6331
2020-03-10,,,,,,,,,629,303,958,4204,1807,6663,4578,1932,7288
2020-03-11,,,,,,,,,716,355,1078,4845,2137,7615,5294,2287,8365
2020-03-12,,,,,,,,,807,412,1202,5577,2524,8692,6100,2699,9567
2020-03-13,,,,,,,,,907,476,1336,6408,2976,9902,7007,3176,10902
2020-03-14,,,,,,,,,1019,551,1493,7352,3503,11270,8026,3728,12395
2020-03-15,1,1,,,,,,,1146,640,1677,8301,4068,12621,9172,4368,14071
2020-03-16,0,1,,,,,,,1284,742,1864,9388,4736,14161,10456,5111,15935
2020-03-17,0,1,,,,,,,1431,857,2044,10611,5514,15866,11887,5968,17978
2020-03-18,0,1,,,,,,,1583,987,2215,11967,6412,17711,13470,6956,20193
2020-03-19,0,1,,,,,,,1739,1133,2416,13437,7436,19692,15209,8090,22608
2020-03-20,2,3,,,,,,,1894,1297,2612,14997,8593,21771,17103,9387,25220
2020-03-21,1,4,,,,,,,2042,1472,2794,16654,9898,23954,19144,10860,28013
2020-03-22,2,6,,,,,,,2176,1631,2973,18401,11340,26251,21321,12491,30986
2020-03-23,1,7,,,,,,,2292,1763,3088,20211,12883,28587,23613,14255,34074
2020-03-24,2,9,,,,,,,2388,1843,3180,22051,14470,30923,26001,16098,37254
2020-03-25,1,10,,,,,,,2462,1895,3269,23885,16061,33235,28463,17994,40523
2020-03-26,0,10,,,,,,,2514,1923,3280,25683,17629,35437,30977,19917,43802
2020-03-27,0,10,,,,,,,2544,1945,3302,27421,19163,37537,33521,21862,47103
2020-03-28,1,11,,,,,,,2555,1942,3285,29069,20629,39486,36076,23805,50388
2020-03-29,2,13,,,,,,,2547,1933,3257,30597,22011,41250,38623,25739,53644
2020-03-30,2,15,,,,,,,2526,1936,3201,31976,23306,42774,41148,27675,56845
2020-03-31,1,16,,,,,,,2494,1923,3147,33186,24487,44057,43643,29599,59991
2020-04-01,4,20,,,,,,,2456,1909,3084,34212,25539,45097,46099,31508,63075
2020-04-02,1,21,,,,,,,2414,1886,3010,35043,26438,45891,48513,33394,66084
2020-04-03,5,26,,,,,,,2370,1863,2930,35674,27167,46405,50883,35257,69013
2020-04-04,6,32,,,,,,,2323,1819,2879,36104,27689,46672,53206,37077,71891
2020-04-05,2,34,,,,,,,2277,1784,2820,36338,28002,46698,55483,38862,74711
2020-04-06,4,38,,,,,,,2230,1743,2783,36392,28114,46508,57713,40605,77494
2020-04-07,9,47,,,,,,,2184,1678,2739,36284,28029,46159,59897,42284,80232
2020-04-08,11,58,,,,,,,2139,1616,2710,36035,27802,45689,62035,43901,82942
2020-04-09,8,66,,,,,,,2094,1558,2687,35667,27465,45106,64130,45459,85628
2020-04-10,11,77,,,,,,,2051,1495,2633,35204,27038,44460,66181,46955,88261
2020-04-11,8,85,,,,,,,2009,1419,2630,34668,26512,43788,68190,48375,90891
2020-04-12,14,99,,,,,,,1968,1352,2636,34082,25921,43139,70157,49727,93526
2020-04-13,10,109,,,,,,,1928,1299,2636,33463,25287,42518,72086,51027,96162
2020-04-14,13,122,,,,,,,1890,1234,2629,32827,24585,41946,73975,52261,98790
2020-04-15,12,134,,,,,,,1852,1173,2622,32185,23835,41421,75827,53435,101411
2020-04-16,8,142,,,,,,,1816,1112,2607,31544,23039,40943,77643,54547,104017
2020-04-17,14,156,,,,,,,1780,1053,2580,30910,22207,40514,79423,55601,106597
2020-04-18,16,172,,,,,,,1746,1006,2576,30287,21350,40160,81170,56608,109172
2020-04-19,17,189,,,,,,,1713,961,2559,29677,20492,39840,82883,57569,111731
2020-04-20,10,199,,,,,,,1681,915,2551,29081,19622,39571,84563,58485,114282
2020-04-21,14,213,,,,,,,1650,858,2555,28500,18737,39343,86213,59343,116837
2020-04-22,12,225,,,,,,,1619,811,2559,27935,17869,39164,87832,60154,119396
2020-04-23,14,239,,,,,,,1590,769,2563,27387,17023,39017,89422,60924,121958
2020-04-24,23,262,,,,,,,1561,725,2567,26853,16190,38897,90983,61650,124525
2020-04-25,0,262,,,,,,,1533,684,2570,26336,15379,38834,92517,62334,127094
2020-04-26,10,272,,,,,,,1506,647,2573,25833,14606,38777,94023,62981,129667
2020-04-27,8,280,,,,,,,1480,611,2576,25345,13866,38717,95503,63593,132243
2020-04-28,11,291,,,,,,,1455,578,2571,24872,13144,38652,96958,64171,134813
2020-04-29,9,300,,,,,,,1430,551,2566,24412,12462,38589,98387,64723,137378
2020-04-30,12,312,,,,,,,1406,526,2569,23966,11815,38536,99793,65250,139947
2020-05-01,11,323,,,,,,,1382,498,2564,23532,11201,38493,101175,65749,142510
2020-05-02,12,335,,,,,,,1359,468,2568,23111,10615,38480,102534,66217,145077
2020-05-03,5,340,,,,,,,1337,444,2575,22702,10053,38480,103872,66661,147651
2020-05-04,11,351,,,,,,,1316,425,2582,22305,9517,38503,105188,67087,150233
2020-05-05,12,363,,,,,,,1296,408,2589,21920,9010,38540,106484,67496,152822
2020-05-06,10,373,,,,,,,1276,390,2591,21546,8543,38576,107759,67886,155413
2020-05-07,10,383,,,,,,,1257,372,2593,21185,8104,38610,109017,68259,158005
2020-05-08,9,392,,,,,,,1240,354,2598,20835,7689,38644,110257,68613,160602
2020-05-09,13,405,,,,,,,1224,339,2608,20498,7302,38686,111481,68952,163210
2020-05-10,8,413,,,,,,,1210,324,2625,20175,6942,38741,112691,69277,165835
2020-05-11,8,421,,,,,,,1198,312,2638,19867,6607,38806,113890,69589,168472
2020-05-12,,,8,4,13,429,425,434,1189,300,2656,19576,6296,38885,115079,69890,171127
2020-05-13,,,8,4,13,438,429,447,1182,291,2690,19303,6009,39005,116261,70181,173817
2020-05-14,,,8,4,13,446,433,460,1178,280,2727,19052,5738,39165,117439,70462,176543
2020-05-15,,,8,3,13,454,437,473,1177,268,2792,18823,5480,39388,118616,70730,179334
2020-05-16,,,8,3,13,461,441,485,1177,259,2827,18617,5241,39651,119792,70990,182160
2020-05-17,,,8,3,13,469,444,498,1179,252,2871,18437,5026,39954,120971,71243,185031
2020-05-18,,,8,3,13,477,448,511,1181,243,2947,18280,4825,40327,122152,71487,187978
2020-05-19,,,7,3,13,484,451,524,1185,237,3046,18149,4636,40790,123337,71724,191023
2020-05-20,,,7,2,13,491,454,537,1189,229,3121,18043,4458,41322,124526,71954,194143
2020-05-21,,,7,2,13,498,456,550,1194,224,3194,17961,4292,41925,125720,72179,197337
2020-05-22,,,7,2,13,505,459,563,1199,218,3301,17902,4138,42634,126919,72397,200638
2020-05-23,,,7,2,13,512,462,575,1205,211,3397,17867,3996,43433,128124,72609,204035
2020-05-24,,,7,2,13,519,464,588,1211,204,3500,17854,3861,44325,129335,72814,207534
2020-05-25,,,7,2,13,526,466,601,1217,197,3575,17861,3734,45275,130553,73011,211109
2020-05-26,,,7,2,13,532,468,614,1224,190,3659,17887,3612,46296,131777,73202,214767
2020-05-27,,,6,2,13,539,470,627,1231,184,3760,17930,3496,47400,133008,73386,218526
2020-05-28,,,6,1,13,545,472,640,1239,177,3885,17986,3382,48594,134247,73564,222410
2020-05-29,,,6,1,13,552,474,653,1246,169,3988,18054,3270,49856,135493,73733,226398
2020-05-30,,,6,1,14,558,476,666,1254,163,4084,18132,3165,51149,136747,73896,230482
2020-05-31,,,6,1,14,564,478,679,1263,157,4217,18218,3063,52539,138010,74054,234698
2020-06-01,,,6,1,14,570,479,692,1271,152,4336,18310,2963,54003,139281,74206,239034
2020-06-02,,,6,1,14,576,481,706,1280,147,4479,18409,2867,55534,140561,74354,243512
2020-06-03,,,6,1,14,582,482,719,1289,142,4556,18513,2771,57045,141850,74496,248067
2020-06-04,,,6,1,14,588,484,733,1298,137,4698,18622,2679,58622,143148,74634,252765
2020-06-05,,,6,1,14,594,485,746,1307,132,4906,18735,2587,60334,144455,74766,257671
2020-06-06,,,6,1,15,600,487,760,1317,127,5068,18853,2495,62100,145772,74893,262738
2020-06-07,,,6,1,15,606,488,775,1326,122,5230,18974,2406,63933,147098,75016,267967
2020-06-08,,,6,1,15,612,489,789,1335,117,5390,19098,2319,65822,148433,75133,273356
2020-06-09,,,6,1,15,618,490,804,1343,113,5542,19223,2235,67790,149776,75247,278898
2020-06-10,,,6,1,16,624,492,819,1350,108,5682,19349,2153,69813,151126,75356,284580
2020-06-11,,,6,1,16,629,493,835,1354,104,5801,19472,2073,71855,152480,75460,290381
2020-06-12,,,6,1,17,635,494,851,1356,100,5891,19590,1996,73861,153837,75561,296271
2020-06-13,,,6,1,17,641,495,868,1355,96,5948,19699,1924,75820,155192,75657,302218
2020-06-14,,,6,1,18,648,496,885,1351,93,5973,19796,1854,77709,156543,75750,308191
2020-06-15,,,6,1,18,654,497,903,1346,89,5977,19879,1785,79469,157889,75839,314167
2020-06-16,,,6,0,18,660,498,920,1339,85,5969,19947,1718,81102,159228,75925,320135
2020-06-17,,,6,0,19,666,499,939,1332,82,5955,19999,1653,82579,160560,76007,326090
2020-06-18,,,6,0,19,672,500,958,1324,78,5939,20034,1589,83961,161884,76086,332028
2020-06-19,,,6,0,20,678,501,977,1316,75,5918,20052,1527,85182,163200,76161,337946
2020-06-20,,,6,0,21,684,502,997,1308,71,5894,20053,1466,86170,164508,76232,343840
2020-06-21,,,6,0,21,691,502,1018,1300,67,5868,20036,1407,86971,165808,76300,349708
2020-06-22,,,6,0,22,697,503,1039,1291,64,5842,20001,1349,87582,167099,76365,355549
2020-06-23,,,6,0,22,703,504,1061,1283,60,5815,19948,1291,88008,168381,76425,361363
2020-06-24,,,6,0,23,710,505,1083,1274,57,5787,19879,1235,88252,169655,76482,367150
2020-06-25,,,6,0,24,716,505,1106,1265,53,5759,19795,1180,88329,170920,76536,372908
2020-06-26,,,6,0,24,723,506,1130,1257,51,5730,19697,1127,88258,172177,76587,378638
2020-06-27,,,7,0,25,729,507,1155,1249,48,5701,19590,1075,88068,173426,76636,384338
2020-06-28,,,7,0,26,736,507,1180,1240,46,5671,19475,1025,87792,174667,76682,390009
2020-06-29,,,7,0,27,743,508,1207,1232,43,5641,19356,975,87460,175899,76726,395650
2020-06-30,,,7,0,27,749,509,1234,1224,41,5611,19234,927,87094,177123,76767,401261
2020-07-01,,,7,0,28,756,509,1261,1216,38,5581,19111,880,86706,178339,76806,406841
2020-07-02,,,7,0,29,763,510,1289,1208,36,5550,18987,835,86301,179547,76843,412390
2020-07-03,,,7,0,29,769,510,1318,1200,35,5519,18863,792,85881,180746,76878,417908
2020-07-04,,,7,0,30,776,511,1347,1192,33,5487,18738,750,85449,181938,76911,423395
2020-07-05,,,7,0,30,783,511,1376,1184,31,5455,18614,710,85010,183122,76943,428850
2020-07-06,,,7,0,30,790,512,1406,1176,29,5423,18491,671,84565,184298,76972,434272
2020-07-07,,,7,0,30,796,512,1435,1168,27,5391,18368,635,84114,185467,77000,439663
2020-07-08,,,7,0,30,803,513,1465,1161,26,5358,18246,601,83658,186627,77027,445020
2020-07-09,,,7,0,30,810,513,1495,1153,24,5325,18125,569,83196,187780,77051,450345
2020-07-10,,,7,0,30,816,513,1524,1145,23,5292,18005,538,82729,188925,77075,455637
2020-07-11,,,7,0,30,823,514,1554,1137,22,5259,17885,509,82258,190063,77097,460896
2020-07-12,,,7,0,30,829,514,1583,1130,20,5225,17766,481,81783,191192,77118,466120
2020-07-13,,,6,0,30,836,514,1613,1122,19,5192,17648,455,81303,192315,77138,471312
2020-07-14,,,6,0,30,842,515,1642,1115,18,5158,17531,430,80819,193430,77157,476469
2020-07-15,,,6,0,30,849,515,1671,1107,17,5124,17414,406,80331,194537,77174,481592
2020-07-16,,,6,0,29,855,515,1700,1100,16,5089,17298,384,79840,195637,77191,486680
2020-07-17,,,6,0,29,861,516,1729,1093,15,5041,17183,363,79331,196729,77206,491721
2020-07-18,,,6,0,29,868,516,1757,1085,14,5007,17068,343,78819,197815,77221,496727
2020-07-19,,,6,0,29,874,516,1786,1078,13,4971,16954,323,78304,198892,77235,501698
2020-07-20,,,6,0,29,880,516,1814,1071,13,4936,16841,305,77785,199963,77248,506634
2020-07-21,,,6,0,29,886,517,1842,1063,12,4901,16728,288,77263,201026,77261,511535
2020-07-22,,,6,0,29,892,517,1870,1056,11,4865,16616,272,76737,202082,77272,516400
2020-07-23,,,6,0,28,898,517,1898,1049,11,4830,16504,256,76209,203131,77283,521229
2020-07-24,,,6,0,28,904,517,1926,1042,10,4794,16393,242,75678,204173,77294,526023
2020-07-25,,,6,0,28,910,517,1953,1035,9,4759,16283,228,75144,205208,77304,530781
2020-07-26,,,6,0,28,916,517,1981,1028,9,4723,16173,215,74608,206235,77313,535503
2020-07-27,,,6,0,28,922,518,2008,1021,8,4687,16064,203,74069,207256,77322,540189
2020-07-28,,,6,0,28,928,518,2035,1014,8,4651,15955,191,73528,208270,77330,544839
2020-07-29,,,6,0,27,934,518,2062,1007,7,4615,15847,180,72985,209276,77338,549454
2020-07-30,,,6,0,27,940,518,2089,1000,7,4579,15739,170,72440,210276,77345,554032
2020-07-31,,,6,0,27,946,518,2115,993,6,4542,15632,160,71894,211269,77352,558573
2020-08-01,,,6,0,27,951,518,2142,986,6,4506,15526,151,71358,212255,77358,563079
2020-08-02,,,6,0,27,957,518,2168,979,6,4470,15420,143,70822,213234,77364,567549
2020-08-03,,,6,0,27,963,519,2194,972,5,4434,15314,135,70284,214206,77370,571982
2020-08-04,,,6,0,26,968,519,2220,966,5,4397,15209,127,69745,215172,77376,576379
