date,actual_deaths,total_deaths,predicted_deaths_mean,predicted_deaths_lower,predicted_deaths_upper,predicted_total_deaths_mean,predicted_total_deaths_lower,predicted_total_deaths_upper,predicted_new_infected_mean,predicted_new_infected_lower,predicted_new_infected_upper,predicted_current_infected_mean,predicted_current_infected_lower,predicted_current_infected_upper,predicted_total_infected_mean,predicted_total_infected_lower,predicted_total_infected_upper
2020-02-16,,,,,,,,,148,50,250,148,50,250,148,50,250
2020-02-17,,,,,,,,,148,50,250,295,100,500,295,100,500
2020-02-18,,,,,,,,,148,50,250,443,150,750,443,150,750
2020-02-19,,,,,,,,,148,50,250,590,200,1000,590,200,1000
2020-02-20,,,,,,,,,148,50,250,738,250,1250,738,250,1250
2020-02-21,,,,,,,,,148,50,250,885,300,1500,885,300,1500
2020-02-22,,,,,,,,,148,50,250,1033,350,1750,1033,350,1750
2020-02-23,,,,,,,,,148,50,250,1180,400,2000,1180,400,2000
2020-02-24,,,,,,,,,148,50,250,1328,450,2250,1328,450,2250
2020-02-25,,,,,,,,,394,149,650,1721,599,2900,1721,599,2900
2020-02-26,,,,,,,,,392,149,648,2113,749,3548,2113,749,3548
2020-02-27,,,,,,,,,412,159,678,2525,908,4226,2525,908,4226
2020-02-28,,,,,,,,,452,178,740,2977,1087,4965,2977,1087,4965
2020-02-29,,,,,,,,,535,219,868,3512,1306,5832,3512,1306,5832
2020-03-01,,,,,,,,,665,282,1066,4177,1588,6898,4177,1588,6898
2020-03-02,,,,,,,,,767,333,1221,4796,1872,7869,4944,1922,8119
2020-03-03,,,,,,,,,856,380,1352,5505,2203,8970,5800,2303,9470
2020-03-04,,,,,,,,,962,439,1506,6319,2592,10225,6761,2742,10975
2020-03-05,,,,,,,,,1090,513,1688,7261,3056,11663,7851,3256,12663
2020-03-06,,,,,,,,,1251,607,1916,8364,3613,13328,9102,3863,14578
2020-03-07,,,,,,,,,1424,710,2158,9641,4274,15235,10526,4574,16735
2020-03-08,,,,,,,,,1605,823,2406,11099,5047,17391,12131,5397,19141
2020-03-09,,,,,,,,,1805,951,2673,12756,5948,19813,13936,6348,21813
2020-03-10,,,,,,,,,2032,1101,2971,14641,7000,22533,15968,7450,24783
2020-03-11,1,1,,,,,,,2292,1278,3308,16540,8129,25191,18261,8729,28091
2020-03-12,0,1,,,,,,,2584,1481,3680,18731,9461,28223,20844,10211,31771
2020-03-13,0,1,,,,,,,2905,1711,4083,21224,11013,31628,23749,11922,35854
2020-03-14,1,2,,,,,,,3259,1972,4521,24031,12807,35409,27008,13895,40374
2020-03-15,0,2,,,,,,,3654,2271,5001,27150,14860,39542,30662,16167,45374
2020-03-16,0,2,,,,,,,4093,2613,5531,30578,17192,44007,34755,18780,50905
2020-03-17,0,2,,,,,,,4578,3001,6113,34389,19860,48899,39333,21782,57017
2020-03-18,0,2,,,,,,,5107,3436,6749,38640,22915,54296,44439,25219,63765
2020-03-19,1,3,,,,,,,5677,3921,7459,43355,26397,60249,50117,29140,71224
2020-03-20,0,3,,,,,,,6286,4456,8377,48551,30340,66938,56402,33596,79600
2020-03-21,0,3,,,,,,,6923,4936,9376,54223,34669,74398,63325,38532,88976
2020-03-22,1,4,,,,,,,7574,5285,10438,60373,39243,82678,70899,43818,99413
2020-03-23,2,6,,,,,,,8217,5647,11553,66984,44068,91825,79116,49465,110965
2020-03-24,1,7,,,,,,,8828,6001,12570,74008,49118,101722,87944,55467,123535
2020-03-25,2,9,,,,,,,9382,6353,13462,81358,54370,112213,97326,61821,136996
2020-03-26,10,19,,,,,,,9855,6693,13964,88921,59784,122869,107181,68514,150960
2020-03-27,3,22,,,,,,,10226,6976,14297,96563,65279,133486,117407,75490,165257
2020-03-28,14,36,,,,,,,10480,7209,14531,104138,70777,143935,127887,82700,179788
2020-03-29,10,46,,,,,,,10607,7399,14729,111486,76204,154143,138494,90099,194516
2020-03-30,8,54,,,,,,,10606,7379,15008,118439,81311,164150,149101,97479,209523
2020-03-31,17,71,,,,,,,10485,7300,14639,124831,85998,173257,159586,104779,224161
2020-04-01,14,85,,,,,,,10260,7106,14397,130514,90103,181542,169846,111886,238558
2020-04-02,13,98,,,,,,,9957,6931,13914,135364,93598,188707,179804,118817,252472
2020-04-03,22,120,,,,,,,9603,6699,13496,139291,96376,194744,189407,125516,265967
2020-04-04,17,137,,,,,,,9223,6447,12954,142228,98367,199321,198630,131964,278921
2020-04-05,21,158,,,,,,,8831,6004,12158,144136,99436,202103,207461,137969,291078
2020-04-06,16,174,,,,,,,8439,5806,11576,145002,99957,203242,215901,143775,302654
2020-04-07,36,210,,,,,,,8053,5420,11070,144838,99730,202758,223954,149195,313723
2020-04-08,25,235,,,,,,,7677,5141,10529,143687,98869,200717,231631,154336,324251
2020-04-09,28,263,,,,,,,7314,4887,10048,141618,97403,197303,238944,159224,334299
2020-04-10,24,287,,,,,,,6966,4615,9796,138729,95325,193135,245910,163840,344094
2020-04-11,33,320,,,,,,,6635,4246,9373,135138,92596,188210,252545,168086,353467
2020-04-12,14,334,,,,,,,6319,3952,9043,130977,89338,182722,258864,172039,362509
2020-04-13,31,365,,,,,,,6020,3687,8743,126390,85626,176736,264884,175726,371251
2020-04-14,41,406,,,,,,,5736,3454,8604,121520,81701,170332,270621,179180,379855
2020-04-15,38,444,,,,,,,5468,3197,8428,116502,77599,164122,276088,182378,388283
2020-04-16,42,486,,,,,,,5213,2977,8218,111455,73469,157942,281301,185355,396500
2020-04-17,44,530,,,,,,,4973,2787,8059,106471,69325,152087,286274,188142,404558
2020-04-18,41,571,,,,,,,4745,2585,7927,101612,65211,146518,291020,190728,412485
2020-04-19,39,610,,,,,,,4530,2427,7746,96920,61192,141311,295549,193156,420231
2020-04-20,77,687,,,,,,,4326,2277,7604,92414,57464,136756,299875,195433,427834
2020-04-21,43,730,,,,,,,4133,2069,7450,88108,53727,132630,304008,197503,435283
2020-04-22,39,769,,,,,,,3950,1920,7331,84005,50227,128892,307959,199423,442614
2020-04-23,25,794,,,,,,,3777,1758,7213,80106,46845,125576,311736,201182,449827
2020-04-24,220,1014,,,,,,,3614,1621,7060,76406,43578,122588,315351,202803,456887
2020-04-25,49,1063,,,,,,,3459,1506,6916,72899,40470,119709,318810,204310,463802
2020-04-26,24,1087,,,,,,,3313,1400,6814,69578,37624,117150,322123,205711,470616
2020-04-27,15,1102,,,,,,,3173,1302,6712,66432,34974,114818,325296,207013,477327
2020-04-28,57,1159,,,,,,,3041,1211,6609,63453,32498,112685,328337,208225,483936
2020-04-29,31,1190,,,,,,,2916,1126,6457,60633,30171,110538,331253,209352,490392
2020-04-30,42,1232,,,,,,,2797,1048,6269,57962,28022,108379,334050,210400,496661
2020-05-01,33,1265,,,,,,,2684,975,6170,55433,26020,106331,336735,211376,502830
2020-05-02,21,1286,,,,,,,2577,905,6074,53038,24139,104346,339312,212282,508904
2020-05-03,17,1303,,,,,,,2476,831,5980,50768,22385,102399,341788,213113,514883
2020-05-04,16,1319,,,,,,,2379,763,5872,48618,20720,100524,344167,213876,520754
2020-05-05,20,1339,,,,,,,2288,701,5775,46580,19144,98695,346455,214578,526529
2020-05-06,36,1375,,,,,,,2202,645,5680,44649,17720,96925,348657,215224,532208
2020-05-07,28,1403,,,,,,,2120,594,5579,42819,16395,95173,350778,215818,537786
2020-05-08,26,1429,,,,,,,2044,548,5473,41085,15185,93433,352822,216367,543259
2020-05-09,17,1446,,,,,,,1973,507,5374,39444,14071,91746,354795,216874,548633
2020-05-10,12,1458,,,,,,,1907,472,5298,37892,13036,90129,356702,217346,553931
2020-05-11,9,1467,,,,,,,1847,440,5215,36427,12076,88529,358549,217787,559145
2020-05-12,,,22,11,38,1489,1478,1505,1793,412,5137,35046,11186,86954,360342,218200,564281
2020-05-13,,,21,10,38,1509,1488,1543,1744,387,5101,33749,10362,85446,362086,218587,569381
2020-05-14,,,20,9,37,1529,1498,1579,1701,364,5061,32534,9600,84050,363787,218952,574442
2020-05-15,,,19,8,36,1548,1507,1615,1662,344,5033,31398,8896,82814,365449,219297,579475
2020-05-16,,,18,8,36,1566,1515,1650,1627,323,5018,30341,8244,81663,367076,219620,584493
2020-05-17,,,17,7,35,1584,1523,1685,1595,302,5010,29358,7640,80599,368670,219923,589502
2020-05-18,,,17,7,34,1600,1530,1719,1565,281,5009,28447,7091,79629,370235,220204,594511
2020-05-19,,,16,6,34,1616,1537,1752,1536,261,5053,27604,6588,78810,371771,220465,599563
2020-05-20,,,15,6,33,1631,1543,1785,1510,247,5062,26826,6134,78097,373281,220712,604625
2020-05-21,,,15,5,33,1646,1548,1818,1484,233,5084,26108,5722,77501,374765,220946,609708
2020-05-22,,,14,5,32,1660,1554,1849,1460,223,5103,25447,5351,77025,376225,221170,614811
2020-05-23,,,13,4,31,1673,1558,1880,1436,213,5091,24839,5016,76643,377661,221383,619902
2020-05-24,,,13,4,31,1686,1563,1910,1413,200,5079,24279,4709,76348,379074,221584,624980
2020-05-25,,,12,4,30,1699,1567,1940,1392,186,5077,23764,4423,76127,380466,221770,630057
2020-05-26,,,12,3,30,1711,1571,1969,1370,176,5123,23287,4158,76035,381836,221946,635180
2020-05-27,,,11,3,29,1722,1575,1998,1350,168,5111,22844,3914,76009,383186,222114,640290
2020-05-28,,,11,3,29,1733,1578,2026,1330,160,5084,22430,3687,75993,384516,222275,645373
2020-05-29,,,11,3,28,1744,1581,2054,1311,152,5058,22040,3475,75989,385826,222427,650430
2020-05-30,,,10,2,28,1754,1584,2082,1292,141,5036,21669,3271,75992,387118,222568,655466
2020-05-31,,,10,2,27,1764,1586,2108,1274,135,5038,21316,3082,76012,388391,222703,660504
2020-06-01,,,10,2,27,1773,1589,2135,1256,129,5037,20977,2909,76039,389647,222832,665541
2020-06-02,,,9,2,27,1783,1591,2161,1238,123,5017,20650,2751,76047,390885,222956,670557
2020-06-03,,,9,2,26,1792,1593,2187,1221,113,4996,20335,2604,75990,392106,223069,675553
2020-06-04,,,9,1,26,1800,1595,2213,1204,109,4974,20029,2466,75902,393310,223179,680527
2020-06-05,,,9,1,26,1809,1597,2238,1188,103,4951,19733,2335,75769,394498,223282,685477
2020-06-06,,,8,1,26,1817,1599,2263,1172,97,4926,19445,2209,75592,395670,223380,690403
2020-06-07,,,8,1,26,1826,1600,2288,1156,91,4899,19165,2087,75400,396825,223471,695302
2020-06-08,,,8,1,26,1834,1602,2314,1140,86,4870,18891,1974,75192,397965,223558,700171
2020-06-09,,,8,1,26,1841,1603,2339,1123,81,4838,18623,1869,74952,399088,223639,705008
2020-06-10,,,8,1,26,1849,1605,2364,1107,76,4801,18359,1770,74630,400195,223716,709809
2020-06-11,,,8,1,26,1857,1606,2389,1090,72,4761,18099,1674,74280,401285,223788,714569
2020-06-12,,,7,1,26,1864,1607,2415,1072,67,4715,17841,1581,73910,402356,223856,719283
2020-06-13,,,7,1,26,1871,1608,2440,1052,63,4662,17583,1493,73515,403409,223920,723945
2020-06-14,,,7,1,26,1878,1609,2466,1033,60,4603,17323,1412,73082,404441,223980,728547
2020-06-15,,,7,1,26,1886,1610,2491,1012,56,4540,17062,1333,72583,405454,224037,733086
2020-06-16,,,7,0,26,1893,1611,2517,992,52,4468,16798,1257,72014,406445,224090,737554
2020-06-17,,,7,0,26,1899,1612,2542,971,49,4395,16532,1183,71391,407417,224139,741948
2020-06-18,,,7,0,26,1906,1613,2568,951,45,4321,16262,1115,70716,408368,224185,746269
2020-06-19,,,7,0,26,1913,1614,2593,931,42,4250,15989,1048,69992,409299,224228,750519
2020-06-20,,,7,0,26,1919,1614,2618,911,39,4183,15712,985,69224,410210,224268,754701
2020-06-21,,,6,0,26,1926,1615,2643,892,36,4115,15432,924,68413,411102,224304,758815
2020-06-22,,,6,0,26,1932,1616,2669,872,34,4047,15149,867,67561,411974,224339,762862
2020-06-23,,,6,0,26,1938,1616,2694,853,31,3980,14862,812,66671,412827,224370,766841
2020-06-24,,,6,0,26,1945,1617,2719,834,28,3913,14573,759,65746,413661,224399,770754
2020-06-25,,,6,0,25,1951,1618,2744,816,26,3853,14283,709,64798,414478,224426,774606
2020-06-26,,,6,0,25,1957,1618,2769,799,24,3790,13992,662,63828,415277,224450,778396
2020-06-27,,,6,0,25,1963,1619,2793,782,22,3728,13703,617,62841,416059,224473,782124
2020-06-28,,,6,0,25,1968,1619,2818,765,21,3666,13415,574,61845,416824,224495,785789
2020-06-29,,,6,0,25,1974,1620,2842,749,19,3609,13132,533,60851,417573,224514,789397
2020-06-30,,,6,0,25,1980,1620,2867,733,18,3547,12852,495,59858,418306,224533,792943
2020-07-01,,,6,0,25,1986,1621,2891,718,16,3488,12578,459,58877,419024,224549,796431
2020-07-02,,,6,0,24,1991,1621,2915,702,15,3428,12309,425,57911,419726,224565,799858
2020-07-03,,,5,0,24,1996,1621,2938,688,14,3371,12046,394,56961,420414,224579,803229
2020-07-04,,,5,0,24,2002,1622,2962,673,13,3315,11788,364,56026,421087,224592,806544
2020-07-05,,,5,0,24,2007,1622,2985,659,11,3260,11535,336,55103,421746,224604,809804
2020-07-06,,,5,0,23,2012,1622,3008,645,10,3205,11289,310,54194,422391,224615,813009
2020-07-07,,,5,0,23,2017,1623,3030,632,10,3151,11049,286,53298,423023,224626,816160
2020-07-08,,,5,0,23,2022,1623,3053,619,9,3098,10814,264,52416,423642,224635,819257
2020-07-09,,,5,0,22,2027,1623,3074,606,8,3045,10586,244,51549,424247,224643,822302
2020-07-10,,,5,0,22,2032,1623,3096,593,7,2993,10363,225,50689,424841,224651,825295
2020-07-11,,,5,0,22,2036,1623,3117,581,7,2942,10145,208,49840,425421,224658,828236
2020-07-12,,,5,0,21,2041,1624,3138,569,6,2891,9931,191,49003,425990,224665,831126
2020-07-13,,,4,0,21,2045,1624,3159,557,6,2841,9723,176,48178,426548,224671,833967
2020-07-14,,,4,0,21,2050,1624,3179,546,5,2790,9520,162,47360,427093,224677,836757
2020-07-15,,,4,0,20,2054,1624,3199,534,4,2739,9322,148,46552,427628,224682,839495
2020-07-16,,,4,0,20,2058,1624,3218,523,4,2691,9128,136,45755,428151,224686,842185
2020-07-17,,,4,0,20,2062,1624,3237,513,4,2642,8938,125,44969,428664,224690,844827
2020-07-18,,,4,0,19,2066,1625,3256,502,3,2596,8753,114,44194,429166,224694,847422
2020-07-19,,,4,0,19,2070,1625,3275,492,3,2550,8571,105,43428,429658,224697,849972
2020-07-20,,,4,0,19,2074,1625,3293,482,3,2507,8394,96,42675,430140,224701,852478
2020-07-21,,,4,0,19,2078,1625,3311,472,2,2465,8221,88,41935,430612,224704,854943
2020-07-22,,,4,0,18,2081,1625,3329,462,2,2423,8052,80,41206,431075,224706,857365
2020-07-23,,,4,0,18,2085,1625,3346,453,2,2379,7886,73,40487,431528,224709,859744
2020-07-24,,,4,0,18,2088,1625,3363,444,2,2338,7724,67,39780,431971,224711,862081
2020-07-25,,,3,0,17,2092,1625,3380,435,1,2299,7566,61,39085,432406,224713,864379
2020-07-26,,,3,0,17,2095,1625,3397,426,1,2256,7411,56,38399,432832,224715,866635
2020-07-27,,,3,0,17,2099,1625,3413,417,1,2219,7259,51,37727,433249,224716,868853
2020-07-28,,,3,0,16,2102,1625,3429,409,1,2184,7111,46,37070,433658,224718,871036
2020-07-29,,,3,0,16,2105,1625,3445,401,1,2145,6966,42,36424,434059,224719,873180
2020-07-30,,,3,0,16,2108,1626,3460,393,1,2110,6824,38,35795,434451,224720,875290
2020-07-31,,,3,0,16,2111,1626,3475,385,1,2078,6685,35,35182,434836,224721,877367
2020-08-01,,,3,0,15,2114,1626,3490,377,1,2041,6549,32,34581,435213,224722,879408
2020-08-02,,,3,0,15,2117,1626,3505,369,0,2005,6416,29,33990,435582,224723,881412
2020-08-03,,,3,0,15,2120,1626,3520,362,0,1970,6286,26,33410,435944,224724,883382
2020-08-04,,,3,0,15,2122,1626,3534,354,0,1936,6158,24,32839,436298,224725,885317
