date,actual_deaths,total_deaths,predicted_deaths_mean,predicted_deaths_lower,predicted_deaths_upper,predicted_total_deaths_mean,predicted_total_deaths_lower,predicted_total_deaths_upper,predicted_new_infected_mean,predicted_new_infected_lower,predicted_new_infected_upper,predicted_current_infected_mean,predicted_current_infected_lower,predicted_current_infected_upper,predicted_total_infected_mean,predicted_total_infected_lower,predicted_total_infected_upper
2020-03-10,,,,,,,,,40,40,40,40,40,40,40,40,40
2020-03-11,,,,,,,,,40,40,40,80,80,80,80,80,80
2020-03-12,,,,,,,,,40,40,40,120,120,120,120,120,120
2020-03-13,,,,,,,,,40,40,40,160,160,160,160,160,160
2020-03-14,,,,,,,,,40,40,40,200,200,200,200,200,200
2020-03-15,,,,,,,,,40,40,40,240,240,240,240,240,240
2020-03-16,,,,,,,,,40,40,40,280,280,280,280,280,280
2020-03-17,,,,,,,,,40,40,40,320,320,320,320,320,320
2020-03-18,,,,,,,,,40,40,40,360,360,360,360,360,360
2020-03-19,,,,,,,,,72,66,84,432,426,444,432,426,444
2020-03-20,,,,,,,,,70,65,81,502,491,525,502,491,525
2020-03-21,,,,,,,,,70,66,80,572,557,604,572,557,604
2020-03-22,,,,,,,,,71,67,81,643,625,685,643,625,685
2020-03-23,,,,,,,,,75,70,85,718,695,769,718,695,769
2020-03-24,,,,,,,,,80,75,93,798,770,861,798,770,861
2020-03-25,,,,,,,,,84,78,97,842,808,917,882,848,957
2020-03-26,,,,,,,,,86,80,99,888,848,976,968,928,1056
2020-03-27,,,,,,,,,87,81,100,935,890,1035,1055,1010,1155
2020-03-28,,,,,,,,,89,82,101,984,933,1096,1144,1093,1256
2020-03-29,,,,,,,,,90,84,104,1034,977,1159,1234,1177,1359
2020-03-30,,,,,,,,,92,85,106,1086,1023,1224,1326,1263,1464
2020-03-31,,,,,,,,,93,86,108,1140,1070,1292,1420,1350,1572
2020-04-01,,,,,,,,,94,87,109,1194,1118,1360,1514,1438,1680
2020-04-02,,,,,,,,,95,88,110,1249,1166,1430,1609,1526,1790
2020-04-03,1,1,,,,,,,96,88,111,1273,1189,1456,1704,1615,1900
2020-04-04,0,1,,,,,,,96,88,112,1299,1212,1488,1801,1704,2012
2020-04-05,0,1,,,,,,,97,88,113,1325,1234,1521,1897,1792,2125
2020-04-06,0,1,,,,,,,97,87,114,1351,1255,1554,1994,1880,2238
2020-04-07,1,2,,,,,,,97,86,115,1373,1271,1584,2091,1967,2353
2020-04-08,0,2,,,,,,,97,86,115,1390,1282,1607,2188,2053,2468
2020-04-09,1,3,,,,,,,97,85,116,1403,1289,1626,2285,2138,2583
2020-04-10,0,3,,,,,,,97,84,116,1414,1293,1643,2382,2222,2699
2020-04-11,0,3,,,,,,,97,83,117,1424,1295,1660,2479,2306,2815
2020-04-12,2,5,,,,,,,96,82,117,1432,1295,1676,2575,2388,2931
2020-04-13,0,5,,,,,,,96,81,117,1438,1293,1689,2672,2470,3047
2020-04-14,0,5,,,,,,,96,80,117,1441,1288,1700,2767,2551,3163
2020-04-15,0,5,,,,,,,95,79,117,1443,1281,1708,2863,2631,3279
2020-04-16,0,5,,,,,,,95,79,116,1444,1272,1716,2957,2710,3395
2020-04-17,0,5,,,,,,,94,78,116,1443,1262,1722,3052,2788,3511
2020-04-18,0,5,,,,,,,94,77,116,1441,1250,1727,3145,2866,3626
2020-04-19,0,5,,,,,,,93,76,115,1438,1238,1730,3238,2942,3741
2020-04-20,0,5,,,,,,,92,75,115,1433,1225,1731,3330,3017,3855
2020-04-21,4,9,,,,,,,92,74,114,1428,1212,1732,3422,3092,3969
2020-04-22,2,11,,,,,,,91,73,114,1422,1198,1730,3513,3165,4082
2020-04-23,0,11,,,,,,,90,72,113,1414,1185,1728,3603,3238,4195
2020-04-24,1,12,,,,,,,89,71,112,1406,1171,1725,3692,3310,4307
2020-04-25,0,12,,,,,,,88,70,112,1398,1158,1720,3780,3380,4418
2020-04-26,0,12,,,,,,,87,69,111,1388,1144,1714,3867,3450,4528
2020-04-27,1,13,,,,,,,86,68,110,1378,1130,1707,3954,3519,4638
2020-04-28,0,13,,,,,,,86,67,109,1368,1116,1700,4039,3587,4746
2020-04-29,2,15,,,,,,,85,66,108,1356,1102,1691,4124,3654,4854
2020-04-30,0,15,,,,,,,84,65,107,1345,1088,1682,4207,3719,4961
2020-05-01,1,16,,,,,,,83,64,106,1333,1074,1672,4290,3784,5067
2020-05-02,0,16,,,,,,,82,63,105,1320,1059,1661,4372,3848,5171
2020-05-03,0,16,,,,,,,81,63,104,1307,1045,1649,4452,3911,5275
2020-05-04,0,16,,,,,,,80,62,103,1294,1031,1637,4532,3973,5378
2020-05-05,1,17,,,,,,,79,61,102,1280,1017,1625,4610,4035,5480
2020-05-06,0,17,,,,,,,78,60,101,1266,1002,1611,4688,4095,5580
2020-05-07,1,18,,,,,,,77,59,100,1252,988,1598,4764,4154,5680
2020-05-08,0,18,,,,,,,76,58,99,1237,974,1584,4840,4213,5778
2020-05-09,0,18,,,,,,,75,57,98,1223,960,1569,4915,4271,5876
2020-05-10,0,18,,,,,,,74,57,97,1208,947,1555,4988,4328,5972
2020-05-11,0,18,,,,,,,73,56,96,1194,934,1540,5061,4384,6068
2020-05-12,,,0,0,1,18,18,19,72,56,96,1180,921,1526,5133,4440,6163
2020-05-13,,,0,0,1,19,18,20,71,55,95,1166,909,1512,5205,4496,6258
2020-05-14,,,0,0,1,19,19,20,71,55,95,1152,898,1498,5276,4552,6352
2020-05-15,,,0,0,1,20,19,21,70,55,94,1139,887,1485,5346,4607,6445
2020-05-16,,,0,0,1,20,19,21,70,55,94,1126,877,1472,5416,4662,6539
2020-05-17,,,0,0,1,21,20,22,69,55,94,1114,869,1461,5485,4717,6632
2020-05-18,,,0,0,1,21,20,22,69,55,93,1102,861,1450,5554,4773,6724
2020-05-19,,,0,0,1,22,20,23,68,54,93,1091,853,1439,5623,4827,6817
2020-05-20,,,0,0,1,22,21,24,68,54,93,1081,847,1430,5691,4882,6909
2020-05-21,,,0,0,1,22,21,24,67,53,92,1070,840,1421,5758,4936,7000
2020-05-22,,,0,0,1,23,21,25,67,52,92,1061,834,1412,5825,4988,7091
2020-05-23,,,0,0,1,23,22,25,66,51,91,1051,826,1404,5891,5040,7182
2020-05-24,,,0,0,1,24,22,26,65,50,90,1042,819,1397,5957,5090,7272
2020-05-25,,,0,0,1,24,22,26,65,49,90,1033,811,1389,6021,5139,7361
2020-05-26,,,0,0,1,24,23,27,64,48,89,1024,803,1382,6085,5187,7450
2020-05-27,,,0,0,1,25,23,27,63,47,88,1015,794,1375,6149,5234,7538
2020-05-28,,,0,0,1,25,23,28,62,45,88,1006,784,1368,6211,5280,7625
2020-05-29,,,0,0,1,26,24,28,62,44,87,997,773,1360,6273,5325,7711
2020-05-30,,,0,0,1,26,24,29,61,43,86,987,761,1351,6333,5369,7796
2020-05-31,,,0,0,1,26,24,29,60,42,85,977,749,1342,6393,5412,7880
2020-06-01,,,0,0,1,27,24,30,59,41,84,966,735,1333,6452,5453,7964
2020-06-02,,,0,0,1,27,25,30,58,40,83,955,720,1322,6510,5493,8046
2020-06-03,,,0,0,1,27,25,31,57,39,82,943,705,1311,6566,5533,8127
2020-06-04,,,0,0,1,28,25,31,56,38,80,931,688,1299,6622,5571,8207
2020-06-05,,,0,0,1,28,26,32,55,37,79,918,672,1286,6677,5608,8285
2020-06-06,,,0,0,1,29,26,32,54,35,78,905,655,1272,6730,5644,8363
2020-06-07,,,0,0,1,29,26,32,52,34,77,891,638,1258,6783,5679,8439
2020-06-08,,,0,0,1,29,26,33,51,33,75,877,622,1243,6834,5712,8514
2020-06-09,,,0,0,1,30,27,33,50,32,74,863,605,1227,6884,5745,8588
2020-06-10,,,0,0,1,30,27,34,49,31,73,848,589,1211,6933,5777,8660
2020-06-11,,,0,0,1,30,27,34,48,30,71,832,572,1194,6981,5807,8731
2020-06-12,,,0,0,1,31,27,35,47,29,70,816,555,1176,7027,5836,8800
2020-06-13,,,0,0,1,31,28,35,45,28,68,800,539,1158,7073,5864,8868
2020-06-14,,,0,0,1,31,28,36,44,27,67,784,522,1139,7117,5891,8934
2020-06-15,,,0,0,1,32,28,36,43,25,65,767,505,1120,7160,5917,8999
2020-06-16,,,0,0,1,32,28,37,42,24,64,749,489,1100,7201,5942,9063
2020-06-17,,,0,0,1,32,29,37,40,23,63,732,472,1080,7241,5966,9125
2020-06-18,,,0,0,1,33,29,37,39,22,61,714,455,1060,7280,5988,9186
2020-06-19,,,0,0,1,33,29,38,38,21,60,696,439,1039,7318,6010,9246
2020-06-20,,,0,0,1,33,29,38,36,20,58,678,422,1019,7354,6030,9304
2020-06-21,,,0,0,1,33,30,39,35,19,57,659,405,998,7389,6049,9360
2020-06-22,,,0,0,1,34,30,39,34,18,55,640,388,976,7423,6068,9415
2020-06-23,,,0,0,1,34,30,40,32,17,54,621,372,955,7455,6085,9468
2020-06-24,,,0,0,1,34,30,40,31,15,52,602,355,933,7486,6101,9520
2020-06-25,,,0,0,1,35,30,40,29,14,51,582,338,911,7515,6115,9570
2020-06-26,,,0,0,1,35,31,41,28,13,49,562,322,888,7543,6129,9619
2020-06-27,,,0,0,1,35,31,41,27,12,47,542,305,866,7570,6141,9665
2020-06-28,,,0,0,1,35,31,42,25,11,46,522,288,843,7595,6153,9710
2020-06-29,,,0,0,1,36,31,42,24,10,44,502,271,820,7619,6163,9754
2020-06-30,,,0,0,1,36,31,42,23,9,42,482,255,797,7641,6173,9796
2020-07-01,,,0,0,1,36,31,43,22,8,41,462,239,774,7663,6182,9836
2020-07-02,,,0,0,1,36,32,43,21,8,40,442,223,750,7683,6190,9875
2020-07-03,,,0,0,1,37,32,43,20,7,38,423,208,727,7703,6197,9913
2020-07-04,,,0,0,1,37,32,44,19,6,37,404,194,704,7722,6204,9950
2020-07-05,,,0,0,1,37,32,44,18,6,36,385,180,682,7739,6210,9985
2020-07-06,,,0,0,1,37,32,44,17,5,35,367,166,659,7756,6216,10019
2020-07-07,,,0,0,1,38,32,45,16,5,33,349,153,637,7772,6221,10052
2020-07-08,,,0,0,1,38,32,45,15,4,32,333,141,616,7787,6226,10083
2020-07-09,,,0,0,1,38,33,45,15,4,31,316,130,594,7802,6231,10114
2020-07-10,,,0,0,1,38,33,46,14,4,30,301,119,574,7816,6235,10143
2020-07-11,,,0,0,1,38,33,46,13,3,29,286,109,554,7829,6239,10172
2020-07-12,,,0,0,1,39,33,46,13,3,28,272,100,535,7842,6242,10200
2020-07-13,,,0,0,1,39,33,47,12,3,27,259,92,516,7854,6245,10226
2020-07-14,,,0,0,1,39,33,47,11,2,26,247,85,499,7865,6248,10252
2020-07-15,,,0,0,1,39,33,47,11,2,25,235,78,481,7876,6251,10277
2020-07-16,,,0,0,1,39,33,47,10,2,24,224,71,465,7887,6253,10300
2020-07-17,,,0,0,1,39,33,48,10,2,24,213,65,449,7897,6256,10324
2020-07-18,,,0,0,1,39,33,48,10,2,23,203,60,433,7906,6258,10346
2020-07-19,,,0,0,1,40,33,48,9,1,22,194,55,418,7915,6260,10367
2020-07-20,,,0,0,1,40,34,48,9,1,21,185,51,404,7924,6261,10388
2020-07-21,,,0,0,1,40,34,48,8,1,21,176,46,390,7932,6263,10408
2020-07-22,,,0,0,1,40,34,49,8,1,20,168,43,377,7940,6265,10428
2020-07-23,,,0,0,1,40,34,49,8,1,19,160,39,364,7948,6266,10446
2020-07-24,,,0,0,1,40,34,49,7,1,19,153,36,351,7955,6267,10464
2020-07-25,,,0,0,1,40,34,49,7,1,18,146,33,339,7962,6268,10482
2020-07-26,,,0,0,1,40,34,49,7,1,17,140,30,327,7969,6269,10499
2020-07-27,,,0,0,1,40,34,50,6,0,17,133,28,316,7975,6270,10515
2020-07-28,,,0,0,1,41,34,50,6,0,16,127,25,305,7981,6271,10531
2020-07-29,,,0,0,1,41,34,50,6,0,16,122,23,295,7987,6272,10546
2020-07-30,,,0,0,1,41,34,50,6,0,15,116,21,284,7993,6273,10560
2020-07-31,,,0,0,1,41,34,50,5,0,15,111,20,275,7998,6273,10575
2020-08-01,,,0,0,1,41,34,50,5,0,14,106,18,265,8003,6274,10588
2020-08-02,,,0,0,1,41,34,51,5,0,14,102,16,256,8008,6275,10601
2020-08-03,,,0,0,1,41,34,51,5,0,13,97,15,247,8013,6275,10614
2020-08-04,,,0,0,1,41,34,51,4,0,13,93,14,239,8017,6276,10626
