date,actual_deaths,total_deaths,predicted_deaths_mean,predicted_deaths_lower,predicted_deaths_upper,predicted_total_deaths_mean,predicted_total_deaths_lower,predicted_total_deaths_upper,predicted_new_infected_mean,predicted_new_infected_lower,predicted_new_infected_upper,predicted_current_infected_mean,predicted_current_infected_lower,predicted_current_infected_upper,predicted_total_infected_mean,predicted_total_infected_lower,predicted_total_infected_upper
2020-02-26,,,,,,,,,68,50,75,68,50,75,68,50,75
2020-02-27,,,,,,,,,68,50,75,136,100,150,136,100,150
2020-02-28,,,,,,,,,68,50,75,204,150,225,204,150,225
2020-02-29,,,,,,,,,68,50,75,272,200,300,272,200,300
2020-03-01,,,,,,,,,68,50,75,340,250,375,340,250,375
2020-03-02,,,,,,,,,68,50,75,408,300,450,408,300,450
2020-03-03,,,,,,,,,68,50,75,477,350,525,477,350,525
2020-03-04,,,,,,,,,68,50,75,545,400,600,545,400,600
2020-03-05,,,,,,,,,68,50,75,613,450,675,613,450,675
2020-03-06,,,,,,,,,178,134,222,791,584,897,791,584,897
2020-03-07,,,,,,,,,173,131,217,964,716,1114,964,716,1114
2020-03-08,,,,,,,,,177,135,222,1141,851,1336,1141,851,1336
2020-03-09,,,,,,,,,187,146,239,1327,997,1575,1327,997,1575
2020-03-10,,,,,,,,,209,163,276,1537,1161,1850,1537,1161,1850
2020-03-11,,,,,,,,,243,181,322,1780,1342,2172,1780,1342,2172
2020-03-12,,,,,,,,,260,190,343,1972,1483,2440,2040,1533,2515
2020-03-13,,,,,,,,,266,192,357,2170,1625,2721,2306,1725,2871
2020-03-14,,,,,,,,,272,193,369,2373,1768,3014,2578,1918,3239
2020-03-15,,,,,,,,,275,192,385,2581,1911,3323,2853,2111,3623
2020-03-16,,,,,,,,,280,194,396,2793,2055,3644,3134,2305,4019
2020-03-17,,,,,,,,,281,195,398,3006,2200,3966,3415,2500,4416
2020-03-18,,,,,,,,,278,196,396,3216,2347,4287,3693,2697,4812
2020-03-19,,,,,,,,,272,196,388,3420,2493,4599,3965,2893,5199
2020-03-20,,,,,,,,,266,193,375,3618,2636,4899,4231,3086,5574
2020-03-21,1,1,,,,,,,260,191,364,3700,2694,5040,4490,3278,5937
2020-03-22,0,1,,,,,,,253,190,347,3780,2752,5170,4744,3468,6284
2020-03-23,0,1,,,,,,,247,187,329,3850,2804,5277,4990,3656,6613
2020-03-24,1,2,,,,,,,240,184,317,3903,2842,5355,5230,3840,6929
2020-03-25,2,4,,,,,,,233,181,303,3926,2860,5382,5463,4021,7232
2020-03-26,0,4,,,,,,,227,178,291,3910,2856,5351,5689,4199,7523
2020-03-27,1,5,,,,,,,220,174,282,3870,2840,5290,5910,4373,7804
2020-03-28,2,7,,,,,,,215,170,274,3819,2818,5207,6125,4544,8078
2020-03-29,0,7,,,,,,,209,166,264,3756,2792,5103,6334,4711,8341
2020-03-30,0,7,,,,,,,204,159,257,3685,2759,4975,6538,4870,8598
2020-03-31,1,8,,,,,,,199,153,253,3604,2718,4832,6737,5024,8850
2020-04-01,0,8,,,,,,,195,148,248,3517,2671,4682,6932,5172,9098
2020-04-02,1,9,,,,,,,190,144,246,3430,2619,4532,7122,5316,9343
2020-04-03,0,9,,,,,,,186,138,240,3344,2561,4384,7308,5454,9583
2020-04-04,2,11,,,,,,,182,130,238,3260,2499,4247,7491,5585,9820
2020-04-05,2,13,,,,,,,179,126,236,3179,2434,4119,7669,5712,10056
2020-04-06,2,15,,,,,,,175,124,233,3101,2368,4005,7844,5836,10288
2020-04-07,0,15,,,,,,,172,120,232,3026,2301,3907,8016,5957,10519
2020-04-08,0,15,,,,,,,169,115,230,2955,2233,3820,8185,6073,10749
2020-04-09,1,16,,,,,,,165,111,229,2887,2163,3746,8350,6185,10977
2020-04-10,6,22,,,,,,,163,107,227,2823,2092,3682,8513,6292,11204
2020-04-11,1,23,,,,,,,160,103,225,2762,2022,3625,8672,6395,11429
2020-04-12,0,23,,,,,,,157,100,224,2705,1951,3575,8829,6496,11652
2020-04-13,1,24,,,,,,,154,96,222,2650,1882,3533,8984,6593,11873
2020-04-14,5,29,,,,,,,152,94,220,2597,1816,3495,9135,6687,12093
2020-04-15,1,30,,,,,,,149,91,218,2547,1754,3461,9285,6778,12311
2020-04-16,2,32,,,,,,,147,88,216,2499,1694,3429,9431,6867,12526
2020-04-17,1,33,,,,,,,144,86,214,2453,1636,3398,9576,6953,12740
2020-04-18,0,33,,,,,,,142,84,212,2409,1582,3370,9718,7037,12952
2020-04-19,2,35,,,,,,,140,82,210,2367,1534,3342,9858,7119,13162
2020-04-20,2,37,,,,,,,138,80,208,2326,1487,3315,9995,7200,13370
2020-04-21,1,38,,,,,,,136,78,206,2287,1441,3288,10131,7278,13576
2020-04-22,0,38,,,,,,,133,76,204,2248,1397,3260,10264,7354,13779
2020-04-23,2,40,,,,,,,131,74,202,2211,1356,3232,10396,7429,13981
2020-04-24,0,40,,,,,,,129,73,200,2175,1317,3203,10525,7503,14180
2020-04-25,1,41,,,,,,,127,71,197,2140,1282,3174,10652,7574,14377
2020-04-26,0,41,,,,,,,125,70,195,2105,1249,3144,10777,7645,14572
2020-04-27,0,41,,,,,,,123,68,193,2071,1217,3113,10901,7713,14764
2020-04-28,3,44,,,,,,,121,67,191,2038,1188,3082,11022,7781,14954
2020-04-29,1,45,,,,,,,119,66,188,2006,1160,3050,11141,7847,15142
2020-04-30,0,45,,,,,,,117,64,186,1974,1133,3018,11259,7912,15328
2020-05-01,0,45,,,,,,,116,63,184,1943,1108,2985,11374,7976,15511
2020-05-02,1,46,,,,,,,114,62,181,1912,1084,2952,11488,8038,15692
2020-05-03,0,46,,,,,,,112,61,179,1882,1061,2918,11600,8099,15870
2020-05-04,0,46,,,,,,,110,59,177,1852,1039,2885,11710,8159,16046
2020-05-05,0,46,,,,,,,108,58,174,1822,1018,2851,11818,8218,16220
2020-05-06,2,48,,,,,,,106,57,172,1793,997,2817,11924,8276,16392
2020-05-07,1,49,,,,,,,105,56,170,1765,977,2782,12029,8332,16561
2020-05-08,0,49,,,,,,,103,55,168,1736,958,2748,12132,8388,16728
2020-05-09,0,49,,,,,,,101,54,165,1708,940,2714,12233,8443,16893
2020-05-10,1,50,,,,,,,100,53,163,1681,921,2679,12333,8496,17056
2020-05-11,0,50,,,,,,,98,52,161,1654,904,2645,12432,8549,17216
2020-05-12,,,1,0,2,51,50,52,97,51,160,1628,887,2612,12529,8601,17375
2020-05-13,,,1,0,2,51,50,53,96,51,158,1603,870,2579,12625,8652,17533
2020-05-14,,,1,0,2,52,51,54,95,50,157,1578,854,2548,12719,8702,17690
2020-05-15,,,1,0,2,53,51,55,94,49,156,1554,839,2518,12813,8752,17845
2020-05-16,,,1,0,1,53,51,56,93,48,155,1532,825,2490,12906,8801,18000
2020-05-17,,,1,0,1,54,52,57,92,48,155,1510,811,2463,12998,8849,18154
2020-05-18,,,1,0,1,55,52,58,91,47,154,1489,797,2438,13089,8897,18308
2020-05-19,,,1,0,1,55,52,58,90,46,153,1470,784,2414,13179,8943,18460
2020-05-20,,,1,0,1,56,53,59,89,46,152,1451,771,2392,13268,8990,18612
2020-05-21,,,1,0,1,56,53,60,88,45,151,1432,759,2371,13357,9035,18762
2020-05-22,,,1,0,1,57,53,61,87,44,150,1415,747,2351,13444,9080,18912
2020-05-23,,,1,0,1,58,54,62,86,43,149,1398,735,2333,13530,9124,19060
2020-05-24,,,1,0,1,58,54,63,85,42,148,1381,723,2315,13614,9167,19207
2020-05-25,,,1,0,1,59,54,64,84,42,146,1365,712,2298,13698,9209,19353
2020-05-26,,,1,0,1,59,55,65,82,41,145,1349,701,2282,13780,9250,19497
2020-05-27,,,1,0,1,60,55,66,81,40,143,1333,689,2266,13861,9290,19640
2020-05-28,,,1,0,1,60,55,67,80,39,142,1316,677,2249,13941,9330,19782
2020-05-29,,,1,0,1,61,56,67,78,38,140,1300,665,2232,14019,9368,19921
2020-05-30,,,1,0,1,61,56,68,77,37,138,1283,653,2214,14096,9405,20059
2020-05-31,,,1,0,1,62,56,69,75,36,137,1265,641,2195,14171,9442,20195
2020-06-01,,,0,0,1,62,56,70,74,35,135,1247,628,2175,14245,9477,20329
2020-06-02,,,0,0,1,63,57,71,72,34,133,1229,615,2154,14318,9512,20461
2020-06-03,,,0,0,1,63,57,72,71,33,131,1209,601,2132,14388,9545,20592
2020-06-04,,,0,0,1,64,57,72,69,32,129,1189,588,2108,14458,9578,20720
2020-06-05,,,0,0,1,64,57,73,68,31,126,1169,573,2084,14525,9609,20845
2020-06-06,,,0,0,1,65,58,74,66,30,124,1148,559,2058,14591,9639,20969
2020-06-07,,,0,0,1,65,58,75,64,29,122,1126,545,2031,14656,9669,21090
2020-06-08,,,0,0,1,66,58,75,63,28,119,1104,530,2002,14718,9697,21209
2020-06-09,,,0,0,1,66,58,76,61,27,117,1081,515,1973,14779,9724,21326
2020-06-10,,,0,0,1,67,59,77,59,26,115,1058,500,1943,14838,9750,21440
2020-06-11,,,0,0,1,67,59,78,57,25,112,1034,485,1912,14895,9775,21552
2020-06-12,,,0,0,1,67,59,78,56,23,110,1010,469,1880,14951,9799,21661
2020-06-13,,,0,0,1,68,59,79,54,22,107,986,453,1847,15005,9822,21768
2020-06-14,,,0,0,1,68,60,80,52,21,106,961,438,1814,15057,9844,21873
2020-06-15,,,0,0,1,69,60,81,50,20,104,935,422,1782,15107,9864,21977
2020-06-16,,,0,0,1,69,60,81,48,19,103,910,406,1750,15155,9884,22079
2020-06-17,,,0,0,1,70,60,82,46,18,101,884,390,1719,15201,9902,22180
2020-06-18,,,0,0,1,70,60,83,44,17,100,857,373,1688,15246,9919,22279
2020-06-19,,,0,0,1,70,61,84,43,15,98,831,357,1657,15288,9935,22376
2020-06-20,,,0,0,1,71,61,84,41,14,96,804,340,1627,15329,9950,22472
2020-06-21,,,0,0,1,71,61,85,39,13,94,777,323,1597,15368,9963,22566
2020-06-22,,,0,0,1,72,61,86,37,11,93,749,306,1568,15405,9975,22658
2020-06-23,,,0,0,1,72,61,86,35,10,91,721,288,1539,15439,9986,22748
2020-06-24,,,0,0,1,72,61,87,33,9,89,693,270,1511,15472,9995,22836
2020-06-25,,,0,0,1,73,62,88,31,7,87,665,252,1483,15503,10003,22922
2020-06-26,,,0,0,1,73,62,88,29,6,85,637,234,1456,15532,10010,23007
2020-06-27,,,0,0,1,73,62,89,28,5,83,609,216,1429,15560,10016,23089
2020-06-28,,,0,0,1,74,62,89,26,5,81,581,199,1403,15586,10021,23170
2020-06-29,,,0,0,1,74,62,90,25,4,80,554,182,1377,15610,10026,23249
2020-06-30,,,0,0,1,74,62,91,23,4,78,527,165,1350,15634,10030,23326
2020-07-01,,,0,0,1,75,62,91,22,3,76,501,149,1323,15656,10033,23402
2020-07-02,,,0,0,1,75,63,92,21,3,75,476,134,1297,15677,10036,23476
2020-07-03,,,0,0,1,75,63,92,20,2,73,451,119,1270,15697,10039,23548
2020-07-04,,,0,0,1,75,63,93,19,2,71,427,106,1243,15716,10041,23619
2020-07-05,,,0,0,1,76,63,93,18,2,70,405,93,1217,15734,10043,23689
2020-07-06,,,0,0,1,76,63,94,17,1,68,383,82,1191,15751,10045,23757
2020-07-07,,,0,0,1,76,63,94,16,1,67,362,72,1166,15767,10047,23823
2020-07-08,,,0,0,1,76,63,95,15,1,66,343,62,1140,15782,10049,23888
2020-07-09,,,0,0,1,77,63,95,15,1,64,324,54,1116,15797,10050,23952
2020-07-10,,,0,0,1,77,63,96,14,1,63,307,48,1092,15811,10051,24014
2020-07-11,,,0,0,1,77,64,96,13,1,61,292,42,1069,15824,10052,24075
2020-07-12,,,0,0,1,77,64,97,13,0,60,277,37,1046,15836,10053,24134
2020-07-13,,,0,0,1,77,64,97,12,0,59,263,33,1023,15848,10054,24193
2020-07-14,,,0,0,1,78,64,98,11,0,58,249,29,1001,15860,10055,24250
2020-07-15,,,0,0,1,78,64,98,11,0,56,237,25,980,15871,10055,24306
2020-07-16,,,0,0,1,78,64,99,10,0,55,225,22,959,15881,10056,24360
2020-07-17,,,0,0,1,78,64,99,10,0,54,214,20,938,15891,10057,24414
2020-07-18,,,0,0,1,78,64,100,9,0,53,204,18,918,15901,10057,24466
2020-07-19,,,0,0,1,78,64,100,9,0,52,194,16,899,15910,10057,24517
2020-07-20,,,0,0,1,79,64,100,9,0,51,185,14,879,15918,10058,24568
2020-07-21,,,0,0,1,79,64,101,8,0,50,176,12,860,15926,10058,24617
2020-07-22,,,0,0,1,79,64,101,8,0,48,168,11,842,15934,10058,24665
2020-07-23,,,0,0,1,79,64,102,8,0,47,160,10,824,15942,10059,24712
2020-07-24,,,0,0,1,79,64,102,7,0,46,152,8,806,15949,10059,24757
2020-07-25,,,0,0,1,79,64,102,7,0,45,145,7,789,15956,10059,24802
2020-07-26,,,0,0,1,79,64,103,7,0,44,139,7,772,15963,10059,24846
2020-07-27,,,0,0,1,79,64,103,6,0,44,132,6,756,15969,10059,24889
2020-07-28,,,0,0,1,79,64,103,6,0,43,127,5,739,15975,10060,24932
2020-07-29,,,0,0,1,79,64,104,6,0,42,121,4,723,15981,10060,24973
2020-07-30,,,0,0,1,80,64,104,6,0,41,116,4,708,15986,10060,25013
2020-07-31,,,0,0,1,80,64,104,5,0,40,111,3,693,15992,10060,25053
2020-08-01,,,0,0,1,80,64,105,5,0,39,106,3,678,15997,10060,25091
2020-08-02,,,0,0,1,80,64,105,5,0,38,101,3,663,16002,10060,25129
2020-08-03,,,0,0,1,80,64,105,5,0,37,97,2,649,16006,10060,25166
2020-08-04,,,0,0,1,80,64,106,5,0,37,93,2,635,16011,10060,25202
