date,actual_deaths,total_deaths,predicted_deaths_mean,predicted_deaths_lower,predicted_deaths_upper,predicted_total_deaths_mean,predicted_total_deaths_lower,predicted_total_deaths_upper,predicted_new_infected_mean,predicted_new_infected_lower,predicted_new_infected_upper,predicted_current_infected_mean,predicted_current_infected_lower,predicted_current_infected_upper,predicted_total_infected_mean,predicted_total_infected_lower,predicted_total_infected_upper
2020-02-11,,,,,,,,,408,100,500,408,100,500,408,100,500
2020-02-12,,,,,,,,,408,100,500,817,200,1000,817,200,1000
2020-02-13,,,,,,,,,408,100,500,1225,300,1500,1225,300,1500
2020-02-14,,,,,,,,,408,100,500,1634,400,2000,1634,400,2000
2020-02-15,,,,,,,,,408,100,500,2042,500,2500,2042,500,2500
2020-02-16,,,,,,,,,408,100,500,2450,600,3000,2450,600,3000
2020-02-17,,,,,,,,,408,100,500,2859,700,3500,2859,700,3500
2020-02-18,,,,,,,,,408,100,500,3267,800,4000,3267,800,4000
2020-02-19,,,,,,,,,408,100,500,3675,900,4500,3675,900,4500
2020-02-20,,,,,,,,,1451,399,1989,5127,1299,6489,5127,1299,6489
2020-02-21,,,,,,,,,1447,399,1981,6574,1699,8469,6574,1699,8469
2020-02-22,,,,,,,,,1577,443,2191,8151,2142,10660,8151,2142,10660
2020-02-23,,,,,,,,,1840,532,2616,9991,2674,13275,9991,2674,13275
2020-02-24,,,,,,,,,2386,717,3497,12377,3392,16771,12377,3392,16771
2020-02-25,,,,,,,,,3246,1013,4879,15623,4405,21650,15623,4405,21650
2020-02-26,,,,,,,,,3968,1272,6040,19182,5578,27189,19590,5678,27689
2020-02-27,,,,,,,,,4697,1553,7230,23470,7032,33919,24287,7232,34919
2020-02-28,,,,,,,,,5654,1942,8799,28716,8874,42217,29941,9174,43717
2020-02-29,,,,,,,,,6895,2471,10805,35202,11245,52522,36836,11645,54522
2020-03-01,,,,,,,,,8477,3176,13279,43272,14322,65301,45313,14822,67801
2020-03-02,,,,,,,,,10216,4015,16032,53079,18238,80832,55530,18838,83832
2020-03-03,,,,,,,,,12105,5028,19352,64776,23166,99684,67635,23866,103184
2020-03-04,,,,,,,,,14217,6305,22417,78585,29372,121600,81852,30172,125600
2020-03-05,,,,,,,,,16561,7927,25153,94737,37199,146253,98413,38099,150753
2020-03-06,1,1,,,,,,,19063,9875,28107,112350,46675,172371,117476,47975,178859
2020-03-07,0,1,,,,,,,21549,11976,31692,132452,58253,202082,139025,59952,210550
2020-03-08,2,3,,,,,,,23872,13824,33212,154747,71634,233103,162897,73776,243762
2020-03-09,0,3,,,,,,,25948,15810,35768,178855,86912,266255,188845,89587,279529
2020-03-10,1,4,,,,,,,27710,17608,37893,204178,103803,300651,216555,107195,317422
2020-03-11,1,5,,,,,,,29104,19378,39197,230036,122168,334969,245659,126573,356619
2020-03-12,0,5,,,,,,,30093,20505,41173,256162,141400,370102,275752,147079,397791
2020-03-13,5,10,,,,,,,30685,20955,41734,282150,160802,404605,306437,168034,439524
2020-03-14,2,12,,,,,,,30929,21017,41439,307425,179877,437245,337366,189052,480962
2020-03-15,8,20,,,,,,,30893,21209,41726,331423,198616,468167,368259,210262,522688
2020-03-16,4,24,,,,,,,30645,21175,41435,353590,216615,496323,398904,231437,564123
2020-03-17,19,43,,,,,,,30239,21047,40677,373613,233646,520968,429142,252484,604799
2020-03-18,15,58,,,,,,,29719,20912,39536,391227,249530,541151,458862,273397,644335
2020-03-19,19,77,,,,,,,29121,20533,39017,406130,263759,557751,487983,293931,683351
2020-03-20,30,107,,,,,,,28470,20335,37707,418039,276167,570306,516452,314266,721058
2020-03-21,30,137,,,,,,,27787,20126,36318,426763,286418,578517,544239,334393,757375
2020-03-22,43,180,,,,,,,27086,19520,34881,432300,293961,581706,571326,353914,792256
2020-03-23,34,214,,,,,,,26379,19214,33756,434807,299351,582250,597705,373128,826011
2020-03-24,63,277,,,,,,,25672,18709,32810,434531,302250,579292,623377,391837,858821
2020-03-25,80,357,,,,,,,24970,18136,31949,431792,302777,573349,648347,409973,890770
2020-03-26,78,435,,,,,,,24278,17624,31084,426966,301024,565235,672625,427598,921853
2020-03-27,112,547,,,,,,,23598,17224,30292,420471,297744,554355,696223,444823,952145
2020-03-28,93,640,,,,,,,22932,16827,29636,412719,293616,542258,719155,461650,981781
2020-03-29,132,772,,,,,,,22281,16444,28857,404070,289043,529676,741436,478095,1010638
2020-03-30,93,865,,,,,,,21645,16040,28083,394822,283873,516033,763081,494135,1038721
2020-03-31,175,1040,,,,,,,21025,15476,27333,385202,278174,501931,784106,509612,1066054
2020-04-01,135,1175,,,,,,,20421,14960,26596,375384,272087,487851,804527,524572,1092650
2020-04-02,166,1341,,,,,,,19834,14472,25991,365499,265647,474305,824361,539045,1118640
2020-04-03,149,1490,,,,,,,19262,13891,25457,355640,259005,460745,843623,552936,1144096
2020-04-04,166,1656,,,,,,,18707,13291,24980,345877,251961,448018,862329,566228,1169076
2020-04-05,115,1771,,,,,,,18167,12605,24694,336257,244440,436395,880496,578833,1193769
2020-04-06,103,1874,,,,,,,17642,11975,24457,326812,236895,425971,898138,590809,1218226
2020-04-07,234,2108,,,,,,,17132,11375,24106,317565,229056,416321,915270,602185,1242331
2020-04-08,147,2255,,,,,,,16637,10848,23594,308530,221195,407104,931907,613033,1265925
2020-04-09,148,2403,,,,,,,16156,10419,23206,299716,213479,398361,948063,623452,1289130
2020-04-10,117,2520,,,,,,,15689,9904,22912,291127,205758,390189,963752,633356,1312042
2020-04-11,133,2653,,,,,,,15236,9389,22469,282764,197923,382366,978988,642746,1334510
2020-04-12,94,2747,,,,,,,14796,8880,22026,274628,189975,374755,993783,651626,1356536
2020-04-13,86,2833,,,,,,,14368,8310,21663,266716,181841,367561,1008152,659937,1378198
2020-04-14,122,2955,,,,,,,13954,7893,21432,259025,173694,360909,1022105,667830,1399630
2020-04-15,190,3145,,,,,,,13551,7510,21159,251551,165728,354735,1035657,675340,1420788
2020-04-16,182,3327,,,,,,,13161,7059,20960,244291,157827,349099,1048818,682399,1441748
2020-04-17,144,3471,,,,,,,12782,6628,20526,237239,149983,343635,1061600,689028,1462274
2020-04-18,142,3613,,,,,,,12414,6233,20207,230391,142326,338384,1074014,695262,1482480
2020-04-19,84,3697,,,,,,,12057,5864,19993,223741,134899,333397,1086071,701127,1502472
2020-04-20,67,3764,,,,,,,11711,5519,19776,217286,127813,328479,1097782,706646,1522248
2020-04-21,165,3929,,,,,,,11375,5220,19558,211018,121058,323579,1109156,711867,1541805
2020-04-22,139,4068,,,,,,,11048,4939,19337,204935,114622,318811,1120204,716807,1561142
2020-04-23,124,4192,,,,,,,10732,4707,19114,199029,108481,314331,1130936,721514,1580255
2020-04-24,112,4304,,,,,,,10425,4503,18890,193298,102565,310014,1141361,726018,1599144
2020-04-25,120,4424,,,,,,,10126,4309,18664,187735,96971,305766,1151487,730328,1617807
2020-04-26,67,4491,,,,,,,9837,4081,18436,182337,91663,301733,1161324,734410,1636243
2020-04-27,43,4534,,,,,,,9557,3839,18207,177098,86622,297915,1170881,738249,1654450
2020-04-28,48,4582,,,,,,,9284,3612,17978,172014,81924,294229,1180165,741862,1672427
2020-04-29,145,4727,,,,,,,9020,3399,17727,167080,77431,290525,1189186,745262,1690154
2020-04-30,84,4811,,,,,,,8764,3200,17485,162293,73122,286851,1197950,748463,1707639
2020-05-01,98,4909,,,,,,,8516,3014,17264,157648,69077,283155,1206466,751477,1724902
2020-05-02,94,5003,,,,,,,8276,2840,17045,153142,65289,279673,1214742,754317,1741946
2020-05-03,69,5072,,,,,,,8043,2686,16818,148771,61741,276284,1222785,757004,1758764
2020-05-04,26,5098,,,,,,,7818,2551,16597,144532,58428,272889,1230603,759556,1775360
2020-05-05,87,5185,,,,,,,7602,2423,16379,140424,55332,269491,1238205,761979,1791738
2020-05-06,36,5221,,,,,,,7394,2304,16163,136443,52417,266096,1245599,764284,1807901
2020-05-07,85,5306,,,,,,,7195,2193,15950,132589,49670,262709,1252793,766478,1823850
2020-05-08,71,5377,,,,,,,7006,2089,15750,128863,47052,259345,1259799,768567,1839599
2020-05-09,64,5441,,,,,,,6828,1997,15584,125267,44546,256039,1266628,770565,1855182
2020-05-10,18,5459,,,,,,,6663,1906,15403,121804,42142,252778,1273291,772471,1870585
2020-05-11,16,5475,,,,,,,6513,1825,15276,118479,39886,249617,1279804,774296,1885860
2020-05-12,,,58,27,99,5533,5502,5574,6378,1758,15098,115301,37805,246508,1286182,776055,1900958
2020-05-13,,,57,26,98,5590,5528,5672,6259,1686,15006,112275,35879,243537,1292441,777741,1915964
2020-05-14,,,55,24,97,5645,5553,5768,6155,1634,15033,109410,34114,240842,1298596,779376,1930996
2020-05-15,,,54,23,96,5699,5577,5864,6065,1582,14944,106711,32495,238301,1304661,780958,1945939
2020-05-16,,,52,22,95,5751,5599,5958,5985,1528,14744,104180,31009,235781,1310646,782487,1960682
2020-05-17,,,51,21,94,5802,5621,6051,5913,1490,14781,101817,29660,233518,1316559,783977,1975463
2020-05-18,,,49,20,92,5851,5641,6143,5846,1445,14954,99619,28419,231654,1322404,785423,1990417
2020-05-19,,,48,19,91,5899,5661,6234,5783,1425,14966,97584,27292,230023,1328187,786848,2005383
2020-05-20,,,46,18,90,5945,5679,6324,5723,1399,14965,95705,26268,228609,1333910,788248,2020347
2020-05-21,,,45,17,89,5990,5696,6412,5666,1368,14977,93978,25332,227423,1339577,789616,2035323
2020-05-22,,,44,16,88,6034,5712,6499,5612,1326,15037,92395,24465,226510,1345188,790943,2050360
2020-05-23,,,43,15,87,6076,5727,6586,5559,1276,15025,90948,23652,225785,1350747,792219,2065384
2020-05-24,,,41,14,86,6118,5741,6671,5507,1224,15017,89627,22879,225219,1356254,793444,2080401
2020-05-25,,,40,13,84,6158,5755,6755,5457,1181,14991,88420,22155,224807,1361711,794626,2095391
2020-05-26,,,39,12,83,6197,5768,6837,5407,1137,15026,87314,21467,224557,1367118,795763,2110416
2020-05-27,,,38,12,82,6235,5780,6919,5359,1088,15023,86295,20797,224481,1372477,796852,2125439
2020-05-28,,,37,11,81,6272,5791,7000,5311,1050,15007,85347,20161,224482,1377788,797903,2140445
2020-05-29,,,36,11,80,6308,5802,7080,5265,1006,15001,84456,19533,224451,1383052,798909,2155446
2020-05-30,,,35,10,79,6343,5813,7159,5219,981,14990,83610,18932,224497,1388271,799891,2170435
2020-05-31,,,34,10,79,6377,5823,7237,5174,938,14940,82799,18342,224693,1393445,800830,2185375
2020-06-01,,,33,9,78,6411,5833,7314,5129,906,14911,82015,17759,224823,1398574,801736,2200286
2020-06-02,,,33,9,77,6443,5842,7391,5084,868,14872,81254,17182,224741,1403658,802605,2215157
2020-06-03,,,32,8,76,6475,5851,7466,5040,840,14819,80512,16597,224593,1408699,803446,2229975
2020-06-04,,,31,8,76,6507,5859,7542,4997,806,14768,79785,16004,224397,1413695,804252,2244743
2020-06-05,,,31,8,76,6538,5867,7617,4953,770,14750,79072,15406,224169,1418649,805023,2259492
2020-06-06,,,30,7,75,6568,5875,7692,4909,738,14727,78369,14818,223860,1423558,805762,2274219
2020-06-07,,,30,7,74,6598,5883,7766,4864,705,14688,77674,14247,223523,1428422,806467,2288906
2020-06-08,,,30,7,75,6628,5890,7841,4817,674,14613,76984,13697,223119,1433239,807141,2303519
2020-06-09,,,29,7,75,6657,5898,7916,4767,643,14508,76295,13159,222636,1438006,807785,2318026
2020-06-10,,,29,7,75,6686,5905,7990,4713,617,14407,75601,12639,222017,1442719,808403,2332433
2020-06-11,,,29,6,75,6715,5912,8065,4652,585,14265,74895,12135,221259,1447371,808988,2346697
2020-06-12,,,28,6,75,6743,5919,8140,4584,557,14101,74167,11643,220353,1451955,809546,2360798
2020-06-13,,,28,6,76,6771,5925,8215,4507,530,13857,73409,11166,219209,1456462,810076,2374655
2020-06-14,,,28,6,76,6799,5932,8290,4422,507,13588,72613,10691,217807,1460884,810583,2388242
2020-06-15,,,28,6,76,6826,5938,8365,4334,484,13328,71773,10237,216195,1465218,811067,2401570
2020-06-16,,,27,5,76,6854,5944,8440,4243,462,13034,70887,9793,214318,1469461,811530,2414604
2020-06-17,,,27,5,76,6881,5949,8516,4153,442,12761,69956,9367,212207,1473614,811973,2427364
2020-06-18,,,27,5,76,6907,5955,8591,4064,422,12491,68979,8949,209879,1477678,812395,2439854
2020-06-19,,,27,5,75,6934,5960,8666,3974,399,12244,67957,8542,207355,1481652,812794,2452097
2020-06-20,,,26,5,75,6960,5965,8740,3885,377,11986,66889,8148,204591,1485537,813172,2464083
2020-06-21,,,26,4,75,6986,5970,8815,3797,355,11705,65777,7765,201568,1489335,813527,2475787
2020-06-22,,,26,4,75,7012,5975,8890,3710,334,11416,64623,7394,198296,1493045,813861,2487202
2020-06-23,,,26,4,75,7038,5979,8964,3628,316,11136,63434,7036,194820,1496673,814178,2498338
2020-06-24,,,25,4,75,7063,5984,9039,3547,299,10889,62214,6691,191201,1500219,814477,2509227
2020-06-25,,,25,4,74,7088,5988,9113,3466,282,10639,60967,6357,187433,1503686,814760,2519865
2020-06-26,,,25,4,74,7113,5992,9186,3388,266,10393,59702,6038,183562,1507073,815026,2530258
2020-06-27,,,25,3,74,7138,5996,9260,3310,251,10151,58429,5732,179612,1510384,815278,2540409
2020-06-28,,,24,3,74,7163,5999,9333,3235,237,9915,57158,5439,175669,1513619,815515,2550324
2020-06-29,,,24,3,74,7187,6003,9406,3162,224,9685,55897,5156,171767,1516781,815740,2560008
2020-06-30,,,24,3,73,7211,6006,9479,3090,211,9466,54654,4884,167905,1519871,815952,2569474
2020-07-01,,,24,3,73,7234,6009,9551,3020,200,9231,53430,4621,164101,1522891,816152,2578704
2020-07-02,,,23,3,72,7258,6013,9623,2951,188,9012,52227,4367,160353,1525841,816340,2587716
2020-07-03,,,23,2,71,7281,6015,9693,2883,178,8808,51047,4123,156670,1528725,816519,2596523
2020-07-04,,,23,2,70,7304,6018,9763,2817,168,8623,49890,3892,153049,1531542,816687,2605145
2020-07-05,,,22,2,69,7326,6021,9832,2753,159,8434,48757,3674,149497,1534295,816846,2613579
2020-07-06,,,22,2,68,7348,6023,9899,2690,150,8252,47650,3469,146043,1536985,816996,2621830
2020-07-07,,,22,2,67,7370,6026,9965,2628,142,8066,46568,3277,142694,1539613,817138,2629896
2020-07-08,,,21,2,65,7391,6028,10030,2568,134,7887,45508,3094,139445,1542181,817273,2637782
2020-07-09,,,21,2,64,7412,6030,10094,2509,126,7719,44470,2922,136275,1544690,817400,2645501
2020-07-10,,,20,2,63,7432,6032,10156,2451,120,7552,43455,2759,133188,1547141,817520,2653053
2020-07-11,,,20,1,62,7452,6034,10217,2395,113,7375,42463,2607,130170,1549536,817633,2660428
2020-07-12,,,19,1,60,7471,6036,10277,2340,107,7211,41492,2463,127230,1551876,817741,2667638
2020-07-13,,,19,1,59,7490,6038,10335,2286,102,7049,40543,2327,124364,1554162,817843,2674687
2020-07-14,,,19,1,57,7508,6040,10392,2234,96,6903,39615,2199,121582,1556396,817940,2681589
2020-07-15,,,18,1,56,7527,6041,10448,2182,90,6738,38707,2078,118854,1558578,818031,2688327
2020-07-16,,,18,1,55,7544,6043,10502,2132,85,6587,37819,1964,116210,1560710,818116,2694914
2020-07-17,,,17,1,54,7562,6044,10555,2083,80,6440,36951,1856,113639,1562793,818197,2701354
2020-07-18,,,17,1,52,7578,6046,10607,2035,76,6291,36103,1754,111122,1564827,818273,2707645
2020-07-19,,,17,1,51,7595,6047,10658,1988,72,6143,35273,1659,108643,1566815,818346,2713788
2020-07-20,,,16,1,50,7611,6048,10707,1942,69,6002,34462,1569,106211,1568757,818415,2719789
2020-07-21,,,16,1,49,7627,6049,10755,1897,65,5859,33669,1484,103818,1570654,818481,2725647
2020-07-22,,,15,1,48,7642,6050,10803,1853,62,5720,32894,1404,101471,1572507,818543,2731366
2020-07-23,,,15,1,47,7657,6051,10849,1811,59,5592,32137,1329,99176,1574318,818603,2736958
2020-07-24,,,15,0,45,7672,6052,10894,1769,56,5458,31397,1259,96915,1576087,818659,2742415
2020-07-25,,,14,0,44,7687,6053,10938,1728,52,5338,30673,1191,94700,1577814,818712,2747753
2020-07-26,,,14,0,44,7701,6054,10981,1688,50,5215,29966,1128,92540,1579502,818762,2752967
2020-07-27,,,14,0,43,7714,6055,11023,1649,47,5100,29275,1068,90428,1581151,818810,2758066
2020-07-28,,,13,0,42,7728,6056,11064,1611,45,4990,28600,1011,88369,1582762,818855,2763056
2020-07-29,,,13,0,41,7741,6056,11104,1574,43,4882,27940,958,86348,1584336,818898,2767937
2020-07-30,,,13,0,40,7754,6057,11144,1537,40,4772,27295,908,84381,1585873,818939,2772708
2020-07-31,,,13,0,39,7766,6058,11182,1502,38,4665,26665,860,82458,1587375,818977,2777372
2020-08-01,,,12,0,38,7779,6058,11220,1467,36,4547,26050,816,80565,1588842,819013,2781919
2020-08-02,,,12,0,37,7790,6059,11257,1433,34,4442,25448,773,78716,1590275,819047,2786360
2020-08-03,,,12,0,36,7802,6059,11293,1400,32,4340,24861,733,76912,1591676,819079,2790699
2020-08-04,,,11,0,36,7814,6060,11328,1368,30,4220,24286,694,75131,1593043,819110,2794919
