date,actual_deaths,total_deaths,predicted_deaths_mean,predicted_deaths_lower,predicted_deaths_upper,predicted_total_deaths_mean,predicted_total_deaths_lower,predicted_total_deaths_upper,predicted_new_infected_mean,predicted_new_infected_lower,predicted_new_infected_upper,predicted_current_infected_mean,predicted_current_infected_lower,predicted_current_infected_upper,predicted_total_infected_mean,predicted_total_infected_lower,predicted_total_infected_upper
2020-02-17,,,,,,,,,107,50,150,107,50,150,107,50,150
2020-02-18,,,,,,,,,107,50,150,215,100,300,215,100,300
2020-02-19,,,,,,,,,107,50,150,322,150,450,322,150,450
2020-02-20,,,,,,,,,107,50,150,429,200,600,429,200,600
2020-02-21,,,,,,,,,107,50,150,537,250,750,537,250,750
2020-02-22,,,,,,,,,107,50,150,644,300,900,644,300,900
2020-02-23,,,,,,,,,107,50,150,751,350,1050,751,350,1050
2020-02-24,,,,,,,,,107,50,150,859,400,1200,859,400,1200
2020-02-25,,,,,,,,,107,50,150,966,450,1350,966,450,1350
2020-02-26,,,,,,,,,287,148,414,1253,598,1764,1253,598,1764
2020-02-27,,,,,,,,,285,147,411,1538,746,2175,1538,746,2175
2020-02-28,,,,,,,,,299,156,431,1838,903,2605,1838,903,2605
2020-02-29,,,,,,,,,328,174,473,2166,1078,3078,2166,1078,3078
2020-03-01,,,,,,,,,388,212,560,2554,1290,3637,2554,1290,3637
2020-03-02,,,,,,,,,481,271,693,3034,1562,4330,3034,1562,4330
2020-03-03,,,,,,,,,552,316,792,3479,1828,4972,3586,1878,5122
2020-03-04,,,,,,,,,611,356,872,3983,2135,5694,4197,2235,5994
2020-03-05,,,,,,,,,681,404,1001,4557,2490,6544,4879,2640,6994
2020-03-06,,,,,,,,,763,462,1157,5212,2903,7551,5641,3103,8151
2020-03-07,,,,,,,,,862,533,1305,5967,3386,8705,6503,3636,9455
2020-03-08,,,,,,,,,961,605,1428,6821,3941,9983,7465,4241,10883
2020-03-09,,,,,,,,,1056,667,1540,7769,4558,11373,8521,4908,12423
2020-03-10,,,,,,,,,1148,714,1668,8810,5223,12891,9668,5623,14091
2020-03-11,,,,,,,,,1238,803,1767,9941,5977,14507,10907,6427,15857
2020-03-12,,,,,,,,,1327,890,1833,10981,6718,15926,12233,7317,17689
2020-03-13,,,,,,,,,1405,955,1953,12100,7526,17467,13638,8273,19641
2020-03-14,3,3,,,,,,,1468,1010,1989,13268,8380,19025,15106,9284,21630
2020-03-15,0,3,,,,,,,1512,1056,2060,14452,9262,20612,16618,10340,23690
2020-03-16,0,3,,,,,,,1539,1087,2104,15603,10137,22157,18157,11428,25793
2020-03-17,0,3,,,,,,,1548,1098,2098,16670,10965,23561,19705,12527,27891
2020-03-18,3,6,,,,,,,1540,1101,2072,17658,11749,24841,21244,13628,29963
2020-03-19,1,7,,,,,,,1515,1082,2049,18562,12474,26018,22760,14710,32011
2020-03-20,0,7,,,,,,,1478,1059,2008,19359,13129,27025,24237,15770,34019
2020-03-21,0,7,,,,,,,1430,1021,1935,20026,13688,27803,25667,16791,35953
2020-03-22,0,7,,,,,,,1376,978,1883,20539,14134,28381,27043,17770,37836
2020-03-23,3,10,,,,,,,1318,935,1791,20896,14464,28744,28360,18705,39626
2020-03-24,2,12,,,,,,,1258,884,1712,21098,14681,28915,29618,19590,41338
2020-03-25,2,14,,,,,,,1197,840,1635,21147,14807,28882,30815,20430,42973
2020-03-26,0,14,,,,,,,1137,793,1552,21046,14797,28668,31953,21224,44525
2020-03-27,5,19,,,,,,,1079,747,1471,20798,14653,28306,33032,21971,45995
2020-03-28,4,23,,,,,,,1023,711,1401,20416,14409,27755,34054,22682,47395
2020-03-29,2,25,,,,,,,969,678,1336,19917,14076,27102,35023,23360,48731
2020-03-30,7,32,,,,,,,917,639,1255,19322,13659,26296,35940,24000,49985
2020-03-31,7,39,,,,,,,869,599,1183,18652,13171,25375,36809,24600,51168
2020-04-01,5,44,,,,,,,823,572,1120,17927,12644,24397,37632,25172,52287
2020-04-02,6,50,,,,,,,780,526,1069,17167,12070,23394,38412,25699,53356
2020-04-03,9,59,,,,,,,739,494,1029,16392,11482,22373,39151,26193,54384
2020-04-04,3,62,,,,,,,702,468,979,15616,10891,21344,39853,26661,55363
2020-04-05,9,71,,,,,,,666,442,936,14852,10312,20346,40519,27104,56299
2020-04-06,5,76,,,,,,,633,423,889,14109,9756,19352,41152,27527,57187
2020-04-07,13,89,,,,,,,602,397,863,13394,9219,18424,41754,27925,58049
2020-04-08,12,101,,,,,,,573,374,830,12709,8709,17542,42327,28299,58879
2020-04-09,7,108,,,,,,,546,353,807,12059,8222,16714,42874,28653,59686
2020-04-10,5,113,,,,,,,521,334,781,11442,7763,15942,43395,28987,60466
2020-04-11,6,119,,,,,,,498,313,755,10861,7330,15226,43893,29301,61220
2020-04-12,9,128,,,,,,,476,295,726,10315,6914,14550,44369,29596,61945
2020-04-13,6,134,,,,,,,455,280,702,9801,6516,13916,44824,29877,62646
2020-04-14,5,139,,,,,,,436,265,683,9320,6143,13344,45260,30143,63329
2020-04-15,11,150,,,,,,,418,251,662,8869,5795,12823,45678,30395,63991
2020-04-16,2,152,,,,,,,401,238,641,8447,5461,12344,46079,30634,64631
2020-04-17,9,161,,,,,,,385,225,622,8053,5160,11897,46464,30859,65252
2020-04-18,3,164,,,,,,,371,214,606,7684,4880,11474,46835,31074,65857
2020-04-19,1,165,,,,,,,357,201,591,7339,4614,11085,47192,31276,66448
2020-04-20,16,181,,,,,,,344,194,576,7017,4366,10725,47536,31470,67023
2020-04-21,1,182,,,,,,,332,188,561,6715,4131,10398,47867,31659,67584
2020-04-22,5,187,,,,,,,320,177,547,6433,3911,10081,48187,31836,68130
2020-04-23,7,194,,,,,,,309,166,533,6169,3703,9784,48496,32002,68662
2020-04-24,5,199,,,,,,,299,156,519,5921,3505,9495,48795,32159,69181
2020-04-25,2,201,,,,,,,289,146,506,5689,3318,9221,49084,32306,69686
2020-04-26,0,201,,,,,,,280,138,493,5471,3143,8959,49364,32444,70179
2020-04-27,4,205,,,,,,,271,130,481,5267,2978,8715,49635,32575,70660
2020-04-28,1,206,,,,,,,263,123,469,5074,2821,8483,49898,32699,71128
2020-04-29,1,207,,,,,,,255,117,458,4893,2672,8258,50153,32816,71586
2020-04-30,3,210,,,,,,,247,111,447,4723,2532,8042,50401,32927,72032
2020-05-01,0,210,,,,,,,240,105,436,4562,2399,7838,50641,33033,72468
2020-05-02,1,211,,,,,,,233,100,426,4410,2274,7642,50874,33134,72893
2020-05-03,0,211,,,,,,,227,96,416,4266,2155,7452,51101,33230,73309
2020-05-04,3,214,,,,,,,221,91,406,4130,2045,7268,51322,33321,73715
2020-05-05,1,215,,,,,,,215,87,397,4001,1938,7089,51537,33409,74112
2020-05-06,1,216,,,,,,,209,84,388,3879,1834,6916,51746,33493,74500
2020-05-07,1,217,,,,,,,204,80,380,3762,1737,6749,51950,33574,74879
2020-05-08,1,218,,,,,,,199,77,371,3652,1649,6587,52148,33652,75249
2020-05-09,1,219,,,,,,,194,74,363,3547,1567,6432,52342,33726,75612
2020-05-10,0,219,,,,,,,189,72,357,3447,1492,6282,52531,33798,75968
2020-05-11,5,224,,,,,,,185,69,350,3352,1423,6139,52717,33868,76317
2020-05-12,,,2,0,3,226,224,227,181,67,345,3263,1360,6003,52898,33935,76662
2020-05-13,,,2,0,3,227,225,230,178,65,341,3178,1302,5874,53076,34001,77002
2020-05-14,,,2,0,3,229,226,233,175,63,338,3098,1249,5754,53251,34065,77339
2020-05-15,,,2,0,3,231,227,236,172,62,334,3023,1200,5641,53424,34128,77673
2020-05-16,,,1,0,3,232,228,238,170,61,334,2953,1156,5539,53593,34189,78006
2020-05-17,,,1,0,3,233,229,241,167,60,333,2886,1116,5446,53761,34250,78339
2020-05-18,,,1,0,3,235,229,243,165,59,333,2824,1079,5363,53926,34309,78672
2020-05-19,,,1,0,3,236,230,246,163,58,332,2766,1045,5288,54088,34367,79003
2020-05-20,,,1,0,3,238,231,248,160,57,333,2712,1015,5223,54249,34425,79335
2020-05-21,,,1,0,3,239,231,250,158,56,332,2661,988,5167,54407,34482,79666
2020-05-22,,,1,0,3,240,232,252,156,55,333,2612,963,5120,54562,34538,79999
2020-05-23,,,1,0,3,241,232,255,153,55,331,2567,941,5081,54715,34593,80330
2020-05-24,,,1,0,3,242,233,257,151,54,331,2524,920,5048,54866,34647,80660
2020-05-25,,,1,0,3,244,233,259,148,52,329,2483,901,5021,55014,34699,80988
2020-05-26,,,1,0,3,245,234,261,146,50,326,2443,882,4997,55160,34750,81314
2020-05-27,,,1,0,2,246,234,263,143,49,322,2405,864,4974,55303,34800,81636
2020-05-28,,,1,0,2,247,235,265,141,47,318,2367,846,4951,55444,34847,81953
2020-05-29,,,1,0,2,248,235,267,138,46,313,2330,828,4927,55582,34894,82266
2020-05-30,,,1,0,2,249,235,268,135,44,310,2293,810,4902,55717,34938,82575
2020-05-31,,,1,0,2,250,236,270,133,43,307,2256,792,4875,55849,34981,82881
2020-06-01,,,1,0,2,251,236,272,130,41,303,2218,773,4845,55979,35023,83184
2020-06-02,,,1,0,2,252,237,274,127,40,300,2181,753,4812,56106,35063,83483
2020-06-03,,,1,0,2,253,237,276,124,38,297,2142,734,4778,56230,35102,83780
2020-06-04,,,1,0,2,253,237,277,121,37,293,2103,713,4739,56352,35139,84073
2020-06-05,,,1,0,2,254,238,279,119,35,290,2064,692,4696,56470,35175,84362
2020-06-06,,,1,0,2,255,238,281,116,34,287,2024,671,4650,56586,35209,84648
2020-06-07,,,1,0,2,256,238,282,113,33,283,1983,649,4602,56699,35242,84931
2020-06-08,,,1,0,2,257,238,284,110,31,279,1942,627,4550,56808,35274,85210
2020-06-09,,,1,0,2,258,239,286,107,30,277,1901,604,4498,56915,35304,85486
2020-06-10,,,1,0,2,259,239,287,104,29,274,1859,583,4446,57019,35334,85760
2020-06-11,,,1,0,2,259,239,289,101,27,271,1817,561,4395,57120,35361,86030
2020-06-12,,,1,0,2,260,240,291,98,26,269,1774,540,4346,57217,35388,86299
2020-06-13,,,1,0,2,261,240,292,95,25,266,1730,519,4299,57312,35413,86564
2020-06-14,,,1,0,2,262,240,294,91,24,263,1686,499,4252,57403,35437,86826
2020-06-15,,,1,0,2,262,240,296,88,22,260,1642,478,4205,57492,35460,87086
2020-06-16,,,1,0,2,263,241,297,85,21,257,1598,458,4159,57577,35481,87342
2020-06-17,,,1,0,2,264,241,299,82,20,254,1553,438,4112,57659,35502,87595
2020-06-18,,,1,0,2,265,241,300,79,18,251,1507,419,4066,57738,35521,87846
2020-06-19,,,1,0,2,265,241,302,76,17,248,1461,399,4021,57813,35538,88093
2020-06-20,,,1,0,2,266,242,304,72,16,245,1415,380,3975,57886,35555,88337
2020-06-21,,,1,0,2,267,242,305,69,15,241,1369,360,3930,57955,35570,88578
2020-06-22,,,1,0,2,267,242,307,66,14,237,1322,341,3884,58021,35584,88815
2020-06-23,,,1,0,2,268,242,308,63,12,234,1275,322,3839,58083,35597,89048
2020-06-24,,,1,0,2,269,243,310,59,11,230,1228,304,3792,58143,35608,89278
2020-06-25,,,1,0,2,269,243,311,57,10,226,1181,285,3744,58200,35619,89503
2020-06-26,,,1,0,2,270,243,313,55,9,222,1135,267,3695,58254,35629,89724
2020-06-27,,,1,0,2,270,243,314,52,9,217,1089,250,3643,58306,35638,89941
2020-06-28,,,1,0,2,271,243,315,50,8,212,1044,233,3589,58356,35647,90153
2020-06-29,,,1,0,2,272,243,317,48,7,208,1000,217,3535,58404,35655,90360
2020-06-30,,,1,0,2,272,244,318,46,7,203,958,201,3478,58449,35662,90563
2020-07-01,,,1,0,2,273,244,320,44,6,199,916,186,3420,58493,35668,90762
2020-07-02,,,1,0,2,273,244,321,42,5,195,876,172,3361,58535,35674,90956
2020-07-03,,,1,0,2,274,244,322,40,5,191,837,158,3302,58575,35680,91147
2020-07-04,,,0,0,2,274,244,324,38,5,187,800,146,3241,58613,35685,91333
2020-07-05,,,0,0,2,275,244,325,37,4,183,764,134,3178,58650,35689,91515
2020-07-06,,,0,0,2,275,244,326,35,4,179,731,123,3116,58685,35693,91694
2020-07-07,,,0,0,2,275,245,328,34,3,175,699,113,3054,58719,35697,91868
2020-07-08,,,0,0,2,276,245,329,33,3,171,669,103,2991,58752,35701,92039
2020-07-09,,,0,0,2,276,245,330,31,3,168,641,95,2929,58784,35704,92206
2020-07-10,,,0,0,2,277,245,331,30,3,164,614,87,2867,58814,35707,92370
2020-07-11,,,0,0,2,277,245,333,29,2,160,589,80,2805,58843,35710,92529
2020-07-12,,,0,0,2,277,245,334,28,2,157,565,74,2745,58871,35712,92685
2020-07-13,,,0,0,2,278,245,335,27,2,153,542,67,2686,58898,35715,92838
2020-07-14,,,0,0,2,278,245,336,26,2,150,520,62,2628,58924,35717,92987
2020-07-15,,,0,0,2,278,245,337,25,1,146,500,57,2570,58949,35719,93133
2020-07-16,,,0,0,2,279,245,339,24,1,143,480,52,2514,58973,35720,93276
2020-07-17,,,0,0,2,279,245,340,23,1,140,461,47,2459,58996,35722,93415
2020-07-18,,,0,0,2,279,245,341,22,1,137,444,43,2405,59019,35723,93551
2020-07-19,,,0,0,2,280,245,342,22,1,134,427,40,2352,59040,35725,93684
2020-07-20,,,0,0,2,280,245,343,21,1,131,411,36,2300,59061,35726,93814
2020-07-21,,,0,0,2,280,245,344,20,1,128,396,33,2248,59081,35727,93941
2020-07-22,,,0,0,2,280,246,345,20,0,125,381,30,2198,59101,35728,94066
2020-07-23,,,0,0,1,280,246,346,19,0,122,368,27,2149,59120,35729,94187
2020-07-24,,,0,0,1,281,246,347,18,0,119,355,25,2100,59138,35729,94306
2020-07-25,,,0,0,1,281,246,348,18,0,117,342,22,2053,59156,35730,94422
2020-07-26,,,0,0,1,281,246,349,17,0,114,330,20,2007,59173,35731,94536
2020-07-27,,,0,0,1,281,246,350,17,0,111,319,18,1962,59190,35731,94647
2020-07-28,,,0,0,1,281,246,351,16,0,109,308,16,1918,59206,35732,94755
2020-07-29,,,0,0,1,282,246,352,16,0,107,298,15,1875,59221,35732,94861
2020-07-30,,,0,0,1,282,246,352,15,0,104,288,13,1833,59236,35733,94965
2020-07-31,,,0,0,1,282,246,353,15,0,102,278,12,1791,59251,35733,95066
2020-08-01,,,0,0,1,282,246,354,14,0,100,269,11,1751,59265,35733,95166
2020-08-02,,,0,0,1,282,246,355,14,0,97,260,10,1712,59279,35734,95263
2020-08-03,,,0,0,1,282,246,356,13,0,95,252,9,1674,59292,35734,95357
2020-08-04,,,0,0,1,283,246,356,13,0,93,244,8,1636,59305,35734,95450
