date,actual_deaths,total_deaths,predicted_deaths_mean,predicted_deaths_lower,predicted_deaths_upper,predicted_total_deaths_mean,predicted_total_deaths_lower,predicted_total_deaths_upper,predicted_new_infected_mean,predicted_new_infected_lower,predicted_new_infected_upper,predicted_current_infected_mean,predicted_current_infected_lower,predicted_current_infected_upper,predicted_total_infected_mean,predicted_total_infected_lower,predicted_total_infected_upper
2020-02-17,,,,,,,,,159,50,250,159,50,250,159,50,250
2020-02-18,,,,,,,,,159,50,250,317,100,500,317,100,500
2020-02-19,,,,,,,,,159,50,250,476,150,750,476,150,750
2020-02-20,,,,,,,,,159,50,250,635,200,1000,635,200,1000
2020-02-21,,,,,,,,,159,50,250,793,250,1250,793,250,1250
2020-02-22,,,,,,,,,159,50,250,952,300,1500,952,300,1500
2020-02-23,,,,,,,,,159,50,250,1111,350,1750,1111,350,1750
2020-02-24,,,,,,,,,159,50,250,1269,400,2000,1269,400,2000
2020-02-25,,,,,,,,,159,50,250,1428,450,2250,1428,450,2250
2020-02-26,,,,,,,,,415,149,650,1843,599,2900,1843,599,2900
2020-02-27,,,,,,,,,414,149,648,2257,749,3548,2257,749,3548
2020-02-28,,,,,,,,,433,159,678,2690,908,4226,2690,908,4226
2020-02-29,,,,,,,,,474,178,740,3164,1087,4966,3164,1087,4966
2020-03-01,,,,,,,,,558,219,868,3723,1306,5833,3723,1306,5833
2020-03-02,,,,,,,,,690,282,1067,4412,1588,6899,4412,1588,6899
2020-03-03,,,,,,,,,792,333,1221,5046,1871,7869,5205,1921,8119
2020-03-04,,,,,,,,,881,380,1352,5768,2201,8971,6085,2301,9471
2020-03-05,,,,,,,,,985,438,1506,6595,2590,10226,7071,2740,10976
2020-03-06,,,,,,,,,1110,511,1687,7546,3052,11663,8181,3252,12663
2020-03-07,,,,,,,,,1267,605,1915,8655,3607,13328,9448,3857,14578
2020-03-08,,,,,,,,,1433,707,2154,9930,4264,15231,10882,4564,16731
2020-03-09,,,,,,,,,1604,817,2409,11375,5032,17389,12485,5382,19139
2020-03-10,,,,,,,,,1787,942,2739,13003,5924,19878,14272,6324,21878
2020-03-11,,,,,,,,,1988,1087,3091,14832,6961,22718,16260,7411,24968
2020-03-12,1,1,,,,,,,2210,1255,3450,16627,8067,25517,18470,8667,28417
2020-03-13,1,2,,,,,,,2446,1445,3817,18659,9363,28685,20916,10112,32233
2020-03-14,1,3,,,,,,,2686,1651,4161,20912,10856,32168,23602,11764,36394
2020-03-15,0,3,,,,,,,2928,1881,4429,23366,12558,35857,26530,13645,40822
2020-03-16,1,4,,,,,,,3168,2132,4690,25976,14471,39679,29698,15778,45512
2020-03-17,1,5,,,,,,,3402,2403,4863,28688,16593,43476,33101,18181,50374
2020-03-18,0,5,,,,,,,3624,2669,5032,31521,18929,47286,36725,20851,55405
2020-03-19,0,5,,,,,,,3826,2852,5228,34465,21401,51162,40551,23703,60632
2020-03-20,0,5,,,,,,,4001,2933,5336,37481,23896,54992,44551,26637,65968
2020-03-21,0,5,,,,,,,4145,2999,5507,40516,26384,58812,48697,29636,71474
2020-03-22,2,7,,,,,,,4257,3059,5582,43505,28838,62478,52954,32695,77055
2020-03-23,1,8,,,,,,,4335,3095,5672,46407,31227,65996,57289,35791,82727
2020-03-24,2,10,,,,,,,4382,3142,5595,49186,33552,69182,61671,38934,88321
2020-03-25,4,14,,,,,,,4401,3179,5661,51800,35789,72105,66072,42114,93982
2020-03-26,2,16,,,,,,,4398,3201,5629,54210,37904,74643,70470,45315,99611
2020-03-27,0,16,,,,,,,4380,3204,5555,56381,39852,76749,74851,48519,105165
2020-03-28,2,18,,,,,,,4352,3194,5486,58286,41602,78418,79202,51714,110650
2020-03-29,4,22,,,,,,,4315,3174,5427,59915,43124,79684,83517,54889,116077
2020-03-30,9,31,,,,,,,4272,3163,5377,61259,44407,80633,87790,58053,121454
2020-03-31,2,33,,,,,,,4226,3163,5288,62317,45438,81230,92015,61216,126741
2020-04-01,10,43,,,,,,,4177,3139,5219,63091,46173,81586,96192,64355,131960
2020-04-02,14,57,,,,,,,4126,3131,5196,63593,46635,81751,100319,67487,137155
2020-04-03,14,71,,,,,,,4076,3107,5149,63843,46890,81672,104394,70594,142304
2020-04-04,8,79,,,,,,,4025,3055,5067,63867,47012,81403,108419,73649,147371
2020-04-05,15,94,,,,,,,3974,3006,4991,63696,47019,80887,112392,76656,152361
2020-04-06,13,107,,,,,,,3924,2956,5004,63362,46917,80310,116316,79613,157365
2020-04-07,22,129,,,,,,,3874,2890,5019,62901,46711,79657,120190,82503,162384
2020-04-08,30,159,,,,,,,3825,2798,5035,62345,46367,79098,124016,85301,167418
2020-04-09,15,174,,,,,,,3778,2697,4994,61722,45885,78430,127793,87999,172411
2020-04-10,7,181,,,,,,,3731,2618,4973,61054,45302,77774,131524,90617,177384
2020-04-11,27,208,,,,,,,3685,2541,4968,60359,44638,77188,135209,93158,182352
2020-04-12,24,232,,,,,,,3640,2457,4944,59647,43901,76646,138850,95616,187295
2020-04-13,13,245,,,,,,,3596,2355,4913,58929,43082,76132,142446,97971,192208
2020-04-14,18,263,,,,,,,3553,2283,4903,58210,42202,75657,145999,100255,197111
2020-04-15,23,286,,,,,,,3511,2201,4920,57495,41240,75290,149510,102457,202030
2020-04-16,28,314,,,,,,,3470,2129,4938,56788,40230,75009,152980,104586,206968
2020-04-17,18,332,,,,,,,3429,2066,4944,56091,39165,74756,156409,106652,211911
2020-04-18,15,347,,,,,,,3390,2001,4964,55405,38059,74571,159799,108653,216874
2020-04-19,13,360,,,,,,,3351,1910,4984,54732,36915,74488,163150,110564,221858
2020-04-20,20,380,,,,,,,3313,1839,5004,54071,35747,74501,166464,112404,226861
2020-04-21,21,401,,,,,,,3276,1766,5023,53424,34557,74520,169740,114170,231884
2020-04-22,25,426,,,,,,,3240,1694,5042,52789,33361,74542,172980,115864,236926
2020-04-23,28,454,,,,,,,3204,1625,5062,52168,32188,74569,176184,117489,241987
2020-04-24,40,494,,,,,,,3169,1558,5081,51559,31049,74656,179353,119048,247067
2020-04-25,30,524,,,,,,,3135,1495,5099,50963,29926,74782,182488,120544,252166
2020-04-26,11,535,,,,,,,3101,1436,5117,50379,28821,74931,185589,121980,257282
2020-04-27,27,562,,,,,,,3068,1378,5134,49808,27742,75121,188657,123358,262416
2020-04-28,34,596,,,,,,,3036,1325,5151,49247,26712,75358,191693,124684,267566
2020-04-29,28,624,,,,,,,3004,1272,5167,48698,25701,75622,194697,125957,272733
2020-04-30,20,644,,,,,,,2973,1221,5177,48160,24721,75879,197670,127179,277909
2020-05-01,7,651,,,,,,,2943,1173,5175,47633,23765,76117,200613,128352,283084
2020-05-02,13,664,,,,,,,2913,1126,5173,47116,22826,76347,203525,129478,288257
2020-05-03,14,678,,,,,,,2884,1081,5184,46610,21906,76566,206409,130560,293440
2020-05-04,20,698,,,,,,,2856,1039,5200,46115,21035,76782,209265,131600,298640
2020-05-05,18,716,,,,,,,2829,999,5217,45630,20195,76995,212094,132599,303856
2020-05-06,17,733,,,,,,,2803,960,5234,45157,19389,77206,214897,133560,309090
2020-05-07,22,755,,,,,,,2779,924,5246,44696,18620,77410,217675,134485,314335
2020-05-08,21,776,,,,,,,2757,891,5254,44248,17887,77602,220432,135377,319589
2020-05-09,9,785,,,,,,,2738,861,5256,43817,17190,77778,223170,136238,324844
2020-05-10,15,800,,,,,,,2722,834,5301,43404,16529,77979,225892,137073,330144
2020-05-11,11,811,,,,,,,2711,811,5328,43014,15904,78190,228603,137885,335472
2020-05-12,,,17,9,26,828,820,837,2705,792,5392,42651,15319,78448,231308,138677,340863
2020-05-13,,,16,8,26,844,829,862,2705,773,5461,42320,14766,78758,234013,139450,346324
2020-05-14,,,16,8,26,860,837,887,2711,760,5542,42026,14253,79134,236724,140211,351866
2020-05-15,,,16,8,26,876,845,912,2722,737,5601,41775,13769,79558,239446,140948,357466
2020-05-16,,,16,7,26,892,853,938,2737,711,5704,41570,13308,80086,242183,141660,363170
2020-05-17,,,16,7,26,908,860,963,2756,694,5849,41414,12875,80762,244939,142354,369018
2020-05-18,,,15,7,26,923,868,989,2778,687,6028,41308,12480,81606,247717,143041,375046
2020-05-19,,,15,6,26,938,874,1014,2801,662,6199,41253,12104,82605,250518,143704,381244
2020-05-20,,,15,6,26,954,881,1040,2826,637,6383,41250,11742,83771,253344,144341,387627
2020-05-21,,,15,6,26,969,887,1066,2852,616,6575,41299,11397,85112,256196,144958,394201
2020-05-22,,,15,6,26,983,894,1092,2880,600,6755,41401,11073,86621,259076,145558,400955
2020-05-23,,,15,5,26,998,899,1118,2909,587,6978,41553,10769,88344,261985,146146,407932
2020-05-24,,,15,5,26,1013,905,1144,2939,577,7225,41754,10484,90313,264924,146723,415156
2020-05-25,,,14,5,26,1027,911,1169,2970,563,7490,42002,10213,92502,267893,147287,422646
2020-05-26,,,14,5,27,1041,916,1195,3001,549,7765,42292,9951,94940,270895,147836,430411
2020-05-27,,,14,5,27,1056,921,1222,3034,537,8050,42621,9696,97598,273929,148374,438460
2020-05-28,,,14,4,27,1070,926,1248,3068,523,8343,42984,9446,100480,276997,148897,446803
2020-05-29,,,14,4,27,1084,930,1274,3102,510,8647,43376,9196,103584,280099,149407,455449
2020-05-30,,,14,4,27,1097,935,1300,3138,494,8960,43792,8953,106943,283237,149902,464409
2020-05-31,,,14,4,27,1111,939,1327,3175,478,9285,44229,8719,110524,286412,150380,473693
2020-06-01,,,14,4,27,1125,943,1353,3212,462,9618,44685,8488,114293,289624,150842,483310
2020-06-02,,,14,4,27,1138,947,1380,3250,447,9961,45158,8249,118225,292874,151290,493271
2020-06-03,,,14,4,28,1152,951,1408,3289,435,10314,45646,8021,122340,296164,151726,503584
2020-06-04,,,14,3,28,1166,955,1435,3329,422,10676,46149,7807,126634,299493,152148,514260
2020-06-05,,,14,3,28,1179,959,1463,3370,410,11047,46667,7601,131106,302862,152559,525306
2020-06-06,,,14,3,29,1193,963,1491,3410,398,11423,47197,7399,135775,306273,152958,536729
2020-06-07,,,14,3,29,1207,966,1520,3451,388,11801,47738,7200,140598,309723,153346,548530
2020-06-08,,,14,3,30,1221,970,1550,3490,375,12174,48289,6998,145548,313213,153722,560704
2020-06-09,,,14,3,31,1234,973,1580,3527,362,12533,48846,6797,150590,316740,154084,573236
2020-06-10,,,14,3,32,1249,977,1611,3559,349,12863,49404,6598,155687,320299,154434,586098
2020-06-11,,,14,3,33,1263,980,1644,3586,337,13145,49956,6398,160783,323885,154772,599243
2020-06-12,,,14,3,34,1277,983,1677,3604,330,13363,50491,6204,165803,327488,155102,612605
2020-06-13,,,14,3,35,1291,986,1711,3612,320,13505,51001,6014,170661,331100,155422,626110
2020-06-14,,,15,2,36,1306,989,1746,3612,308,13578,51474,5828,175279,334712,155730,639687
2020-06-15,,,15,2,37,1321,992,1783,3605,296,13600,51904,5646,179594,338317,156027,653287
2020-06-16,,,15,2,38,1336,994,1820,3595,284,13596,52287,5468,183573,341912,156311,666883
2020-06-17,,,15,2,40,1351,997,1859,3583,275,13580,52621,5296,187192,345495,156587,680462
2020-06-18,,,15,2,41,1366,1000,1900,3571,264,13556,52902,5125,190435,349066,156851,694018
2020-06-19,,,15,2,43,1381,1002,1942,3557,253,13519,53131,4955,193277,352624,157104,707537
2020-06-20,,,16,2,44,1397,1005,1986,3543,243,13479,53304,4788,195709,356166,157348,721015
2020-06-21,,,16,2,46,1413,1007,2031,3527,234,13434,53421,4624,197720,359694,157582,734449
2020-06-22,,,16,2,47,1428,1010,2078,3512,225,13388,53482,4461,199307,363206,157808,747836
2020-06-23,,,16,2,49,1445,1012,2126,3496,215,13340,53489,4301,200473,366702,158023,761176
2020-06-24,,,16,2,51,1461,1014,2177,3480,205,13291,53442,4143,201231,370182,158228,774467
2020-06-25,,,16,2,52,1477,1017,2228,3465,196,13243,53348,3990,201612,373647,158424,787709
2020-06-26,,,17,2,54,1494,1019,2282,3450,187,13192,53212,3840,201659,377097,158612,800901
2020-06-27,,,17,2,56,1511,1021,2338,3434,179,13140,53043,3689,201436,380531,158792,814041
2020-06-28,,,17,1,58,1528,1023,2395,3419,171,13088,52850,3541,201019,383950,158963,827128
2020-06-29,,,17,1,60,1545,1025,2454,3403,163,13035,52641,3396,200476,387353,159127,840163
2020-06-30,,,17,1,61,1563,1027,2515,3388,156,12981,52425,3256,199857,390741,159283,853144
2020-07-01,,,18,1,63,1580,1028,2577,3373,149,12927,52202,3121,199188,394114,159433,866070
2020-07-02,,,18,1,64,1598,1030,2641,3357,142,12872,51976,2989,198480,397471,159576,878942
2020-07-03,,,18,1,65,1616,1032,2706,3342,136,12816,51747,2861,197740,400813,159713,891758
2020-07-04,,,18,1,66,1634,1033,2772,3327,130,12760,51517,2738,196981,404140,159843,904517
2020-07-05,,,18,1,67,1652,1035,2839,3312,125,12703,51286,2620,196205,407452,159969,917220
2020-07-06,,,18,1,68,1670,1037,2906,3296,120,12646,51055,2507,195417,410748,160089,929865
2020-07-07,,,18,1,68,1688,1038,2973,3281,115,12587,50824,2396,194616,414030,160204,942452
2020-07-08,,,18,1,68,1705,1039,3041,3266,110,12529,50594,2291,193805,417296,160314,954980
2020-07-09,,,18,1,68,1723,1041,3109,3251,105,12469,50365,2191,192983,420547,160420,967449
2020-07-10,,,18,1,68,1741,1042,3176,3236,100,12410,50136,2095,192150,423783,160520,979858
2020-07-11,,,18,1,68,1759,1043,3244,3221,96,12349,49907,2004,191306,427004,160617,992207
2020-07-12,,,18,1,68,1777,1045,3311,3206,92,12288,49679,1917,190454,430210,160709,1004494
2020-07-13,,,18,1,68,1794,1046,3378,3191,88,12192,49451,1834,189558,433401,160798,1016686
2020-07-14,,,18,1,67,1812,1047,3445,3176,84,12130,49224,1755,188653,436577,160882,1028816
2020-07-15,,,17,1,67,1829,1048,3512,3161,80,12067,48997,1679,187739,439738,160963,1040882
2020-07-16,,,17,1,67,1847,1049,3578,3146,77,12004,48770,1607,186815,442884,161040,1052885
2020-07-17,,,17,0,67,1864,1050,3644,3131,74,11940,48544,1538,185883,446015,161115,1064825
2020-07-18,,,17,0,66,1881,1051,3710,3116,71,11876,48318,1473,184943,449132,161186,1076701
2020-07-19,,,17,0,66,1898,1052,3776,3101,68,11811,48093,1411,183994,452233,161254,1088511
2020-07-20,,,17,0,66,1915,1053,3841,3087,65,11747,47868,1351,183038,455320,161320,1100257
2020-07-21,,,17,0,66,1932,1054,3906,3072,62,11681,47643,1293,182074,458392,161383,1111938
2020-07-22,,,17,0,65,1949,1054,3971,3057,60,11616,47419,1238,181102,461449,161443,1123553
2020-07-23,,,17,0,65,1966,1055,4036,3042,57,11550,47195,1186,180123,464491,161501,1135102
2020-07-24,,,17,0,65,1983,1056,4100,3028,54,11483,46971,1136,179137,467518,161556,1146585
2020-07-25,,,17,0,65,2000,1056,4164,3013,52,11417,46748,1087,178144,470531,161608,1158001
2020-07-26,,,17,0,64,2016,1057,4228,2998,50,11350,46525,1041,177144,473529,161658,1169350
2020-07-27,,,17,0,64,2033,1058,4291,2983,47,11282,46303,997,176138,476513,161706,1180632
2020-07-28,,,16,0,64,2049,1058,4354,2969,45,11215,46080,954,175160,479481,161752,1191846
2020-07-29,,,16,0,63,2066,1059,4417,2954,43,11179,45859,914,174209,482435,161796,1203024
2020-07-30,,,16,0,63,2082,1059,4480,2939,41,11109,45637,875,173251,485375,161838,1214133
2020-07-31,,,16,0,63,2098,1060,4542,2925,40,11039,45416,837,172286,488300,161878,1225171
2020-08-01,,,16,0,62,2114,1061,4604,2910,38,10968,45195,801,171314,491210,161916,1236139
2020-08-02,,,16,0,62,2131,1061,4666,2896,36,10897,44974,766,170336,494106,161953,1247036
2020-08-03,,,16,0,62,2147,1061,4727,2881,34,10827,44754,733,169351,496987,161988,1257862
2020-08-04,,,16,0,61,2163,1062,4788,2867,33,10756,44534,701,168360,499854,162021,1268617
