date,actual_deaths,total_deaths,predicted_deaths_mean,predicted_deaths_lower,predicted_deaths_upper,predicted_total_deaths_mean,predicted_total_deaths_lower,predicted_total_deaths_upper,predicted_new_infected_mean,predicted_new_infected_lower,predicted_new_infected_upper,predicted_current_infected_mean,predicted_current_infected_lower,predicted_current_infected_upper,predicted_total_infected_mean,predicted_total_infected_lower,predicted_total_infected_upper
2020-02-10,,,,,,,,,225,100,300,225,100,300,225,100,300
2020-02-11,,,,,,,,,225,100,300,450,200,600,450,200,600
2020-02-12,,,,,,,,,225,100,300,675,300,900,675,300,900
2020-02-13,,,,,,,,,225,100,300,900,400,1200,900,400,1200
2020-02-14,,,,,,,,,225,100,300,1125,500,1500,1125,500,1500
2020-02-15,,,,,,,,,225,100,300,1349,600,1800,1349,600,1800
2020-02-16,,,,,,,,,225,100,300,1574,700,2100,1574,700,2100
2020-02-17,,,,,,,,,225,100,300,1799,800,2400,1799,800,2400
2020-02-18,,,,,,,,,225,100,300,2024,900,2700,2024,900,2700
2020-02-19,,,,,,,,,726,339,1020,2750,1239,3720,2750,1239,3720
2020-02-20,,,,,,,,,723,339,1017,3473,1579,4737,3473,1579,4737
2020-02-21,,,,,,,,,777,367,1101,4250,1946,5837,4250,1946,5837
2020-02-22,,,,,,,,,885,423,1270,5135,2369,7107,5135,2369,7107
2020-02-23,,,,,,,,,1111,541,1620,6246,2911,8726,6246,2911,8726
2020-02-24,,,,,,,,,1463,726,2171,7710,3637,10897,7710,3637,10897
2020-02-25,,,,,,,,,1749,880,2628,9234,4417,13224,9459,4517,13524
2020-02-26,,,,,,,,,2021,1034,3077,11030,5352,16000,11480,5552,16600
2020-02-27,,,,,,,,,2365,1234,3638,13170,6486,19338,13845,6786,20238
2020-02-28,,,,,,,,,2798,1494,4314,15743,7880,23352,16643,8280,24552
2020-02-29,,,,,,,,,3345,1831,5158,18863,9612,28209,19988,10112,29709
2020-03-01,,,,,,,,,3932,2207,6098,22571,11720,34007,23920,12320,35807
2020-03-02,,,,,,,,,4555,2618,7087,26901,14239,40793,28475,14939,42893
2020-03-03,,,,,,,,,5243,3071,8140,31919,17210,48632,33718,18010,51032
2020-03-04,,,,,,,,,6010,3491,9179,37704,20602,57511,39728,21502,60211
2020-03-05,1,1,,,,,,,6848,3998,10376,43826,24260,66868,46576,25500,70587
2020-03-06,0,1,,,,,,,7714,4656,11219,50817,28577,77069,54290,30156,81806
2020-03-07,0,1,,,,,,,8570,5262,12143,58610,33473,88111,62860,35419,93948
2020-03-08,1,2,,,,,,,9391,5956,12981,67116,39006,99822,72251,41376,106928
2020-03-09,0,2,,,,,,,10155,6526,13926,76160,44991,112127,82406,47903,120853
2020-03-10,1,3,,,,,,,10829,7236,14598,85525,51502,124554,93235,55139,135451
2020-03-11,1,4,,,,,,,11380,7816,15091,95157,58437,137018,104615,62955,150541
2020-03-12,0,4,,,,,,,11785,8256,15766,104920,65659,149707,116400,71211,166307
2020-03-13,7,11,,,,,,,12037,8545,15840,114593,72970,161909,128437,79757,182147
2020-03-14,2,13,,,,,,,12146,8724,15815,123940,80201,173409,140583,88481,197961
2020-03-15,1,14,,,,,,,12127,8632,15722,132722,87001,183973,152710,97114,213682
2020-03-16,0,14,,,,,,,11997,8575,15623,140787,93369,193498,164707,105690,229304
2020-03-17,13,27,,,,,,,11777,8581,15305,148009,99332,201716,176484,114271,244609
2020-03-18,1,28,,,,,,,11486,8315,14867,154251,104576,208444,187970,122587,259476
2020-03-19,13,41,,,,,,,11143,8073,14514,159385,109158,213778,199113,130660,273989
2020-03-20,13,54,,,,,,,10765,7853,14025,163303,113014,217427,209878,138514,288013
2020-03-21,21,75,,,,,,,10364,7557,13449,165952,115916,219657,220242,146072,301462
2020-03-22,23,98,,,,,,,9949,7299,12929,167332,117952,220443,230192,153371,314390
2020-03-23,22,120,,,,,,,9529,6997,12353,167469,118992,219816,239720,160368,326743
2020-03-24,2,122,,,,,,,9109,6686,11825,166423,119152,217714,248829,167055,338567
2020-03-25,31,153,,,,,,,8694,6388,11368,164289,118304,214484,257524,173444,349934
2020-03-26,38,191,,,,,,,8289,6072,10831,161198,116561,210224,265813,179517,360765
2020-03-27,40,231,,,,,,,7896,5803,10441,157309,114109,204899,273709,185320,371205
2020-03-28,33,264,,,,,,,7516,5574,9946,152788,111138,199004,281225,190895,381150
2020-03-29,36,300,,,,,,,7151,5333,9583,147793,107747,192773,288376,196229,390733
2020-03-30,59,359,,,,,,,6802,5076,9147,142468,104190,186197,295178,201305,399879
2020-03-31,74,433,,,,,,,6468,4763,8717,136939,100378,179292,301646,206068,408596
2020-04-01,55,488,,,,,,,6150,4469,8320,131313,96266,172307,307797,210538,416915
2020-04-02,48,536,,,,,,,5848,4206,8029,125675,92157,165469,313645,214744,424944
2020-04-03,55,591,,,,,,,5561,3913,7728,120093,87997,158683,319206,218658,432671
2020-04-04,75,666,,,,,,,5289,3696,7463,114617,83840,152121,324495,222355,440134
2020-04-05,49,715,,,,,,,5031,3437,7214,109284,79719,145886,329526,225792,447348
2020-04-06,50,765,,,,,,,4787,3241,6997,104122,75661,139954,334314,229033,454344
2020-04-07,56,821,,,,,,,4556,3013,6803,99150,71678,134404,338870,232047,461146
2020-04-08,74,895,,,,,,,4338,2795,6626,94379,67787,129205,343208,234842,467772
2020-04-09,53,948,,,,,,,4131,2596,6450,89816,63994,124287,347339,237438,474221
2020-04-10,54,1002,,,,,,,3935,2412,6205,85461,60334,119662,351274,239851,480426
2020-04-11,34,1036,,,,,,,3749,2236,6035,81314,56766,115256,355023,242087,486460
2020-04-12,70,1106,,,,,,,3573,2083,5886,77371,53274,111197,358597,244170,492346
2020-04-13,32,1138,,,,,,,3407,1942,5719,73628,49883,107332,362004,246112,498064
2020-04-14,36,1174,,,,,,,3251,1818,5580,70077,46625,103765,365255,247930,503644
2020-04-15,65,1239,,,,,,,3103,1697,5435,66712,43559,100483,368358,249628,509078
2020-04-16,42,1281,,,,,,,2963,1580,5247,63525,40670,97411,371322,251208,514325
2020-04-17,46,1327,,,,,,,2831,1466,5136,60508,37930,94518,374152,252675,519461
2020-04-18,41,1368,,,,,,,2705,1363,4970,57651,35380,91760,376857,254039,524431
2020-04-19,25,1393,,,,,,,2586,1269,4810,54949,32953,89107,379444,255308,529240
2020-04-20,36,1429,,,,,,,2474,1180,4682,52391,30696,86575,381918,256488,533922
2020-04-21,49,1478,,,,,,,2367,1103,4572,49971,28558,84150,384285,257591,538493
2020-04-22,31,1509,,,,,,,2266,1029,4469,47681,26574,81816,386551,258621,542962
2020-04-23,40,1549,,,,,,,2171,961,4368,45514,24740,79558,388722,259583,547329
2020-04-24,40,1589,,,,,,,2080,900,4264,43462,23045,77372,390802,260484,551593
2020-04-25,10,1599,,,,,,,1993,843,4174,41521,21476,75341,392795,261327,555766
2020-04-26,11,1610,,,,,,,1911,791,4082,39683,20032,73388,394706,262119,559848
2020-04-27,55,1665,,,,,,,1834,743,3987,37944,18692,71489,396540,262862,563835
2020-04-28,34,1699,,,,,,,1760,699,3895,36296,17449,69666,398300,263562,567730
2020-04-29,17,1716,,,,,,,1690,658,3807,34734,16289,67893,399989,264220,571536
2020-04-30,21,1737,,,,,,,1623,620,3721,33254,15212,66178,401612,264840,575256
2020-05-01,17,1754,,,,,,,1559,585,3636,31850,14217,64567,403171,265426,578891
2020-05-02,8,1762,,,,,,,1499,553,3555,30518,13304,62985,404670,265979,582446
2020-05-03,0,1762,,,,,,,1442,523,3474,29254,12463,61489,406112,266503,585919
2020-05-04,22,1784,,,,,,,1387,495,3394,28055,11690,60073,407499,266998,589313
2020-05-05,11,1795,,,,,,,1335,470,3318,26916,10980,58709,408834,267469,592631
2020-05-06,10,1805,,,,,,,1286,446,3244,25835,10324,57381,410120,267915,595874
2020-05-07,5,1810,,,,,,,1240,424,3167,24809,9718,56080,411360,268340,599041
2020-05-08,13,1823,,,,,,,1197,403,3097,23835,9160,54809,412557,268744,602138
2020-05-09,7,1830,,,,,,,1156,384,3032,22911,8644,53577,413713,269128,605170
2020-05-10,3,1833,,,,,,,1118,365,2966,22036,8166,52370,414831,269494,608136
2020-05-11,12,1845,,,,,,,1084,349,2906,21208,7725,51193,415915,269844,611041
2020-05-12,,,12,5,24,1857,1850,1869,1052,334,2858,20427,7316,50065,416967,270179,613899
2020-05-13,,,12,5,23,1869,1856,1892,1024,321,2811,19692,6938,48980,417992,270500,616709
2020-05-14,,,11,5,23,1881,1861,1914,999,311,2768,19001,6591,47942,418991,270811,619477
2020-05-15,,,11,4,22,1891,1866,1936,976,299,2730,18355,6270,46952,419967,271110,622207
2020-05-16,,,10,4,22,1902,1871,1957,956,289,2703,17751,5973,46019,420923,271399,624910
2020-05-17,,,10,4,21,1912,1875,1978,936,280,2675,17189,5700,45139,421859,271680,627584
2020-05-18,,,10,3,21,1921,1879,1998,918,272,2642,16665,5449,44307,422777,271952,630226
2020-05-19,,,9,3,20,1931,1883,2018,901,264,2615,16179,5217,43527,423678,272216,632840
2020-05-20,,,9,3,20,1939,1886,2038,884,255,2589,15728,5002,42798,424562,272471,635429
2020-05-21,,,8,3,20,1948,1889,2057,868,245,2551,15310,4801,42106,425431,272717,637980
2020-05-22,,,8,3,19,1956,1893,2075,853,234,2539,14923,4611,41478,426283,272951,640518
2020-05-23,,,8,2,19,1964,1896,2093,838,222,2507,14564,4430,40888,427121,273174,643025
2020-05-24,,,8,2,18,1971,1898,2111,823,211,2466,14231,4257,40321,427944,273386,645491
2020-05-25,,,7,2,18,1979,1901,2128,808,203,2428,13921,4094,39783,428752,273589,647918
2020-05-26,,,7,2,17,1985,1903,2145,794,196,2399,13631,3940,39276,429546,273785,650317
2020-05-27,,,7,2,17,1992,1906,2162,780,186,2379,13358,3792,38797,430326,273971,652696
2020-05-28,,,6,2,17,1999,1908,2178,766,177,2366,13100,3648,38353,431092,274149,655061
2020-05-29,,,6,2,16,2005,1910,2194,753,168,2353,12854,3506,37937,431845,274318,657414
2020-05-30,,,6,2,16,2011,1912,2210,739,160,2335,12617,3368,37541,432584,274478,659748
2020-05-31,,,6,1,16,2017,1914,2225,726,155,2324,12387,3234,37162,433310,274634,662071
2020-06-01,,,6,1,15,2022,1916,2240,713,149,2302,12164,3104,36789,434023,274784,664373
2020-06-02,,,5,1,15,2028,1918,2254,700,142,2280,11946,2974,36428,434723,274927,666653
2020-06-03,,,5,1,15,2033,1919,2269,687,136,2265,11732,2847,36078,435410,275064,668917
2020-06-04,,,5,1,15,2038,1921,2283,675,131,2258,11523,2723,35746,436085,275195,671174
2020-06-05,,,5,1,14,2043,1923,2297,662,125,2241,11316,2604,35436,436747,275321,673415
2020-06-06,,,5,1,14,2048,1924,2310,650,120,2232,11113,2489,35129,437397,275441,675647
2020-06-07,,,5,1,14,2053,1926,2324,637,114,2224,10913,2381,34845,438034,275555,677870
2020-06-08,,,5,1,14,2058,1927,2337,625,110,2215,10716,2280,34594,438659,275666,680084
2020-06-09,,,5,1,14,2062,1928,2350,613,105,2205,10521,2182,34371,439272,275771,682289
2020-06-10,,,5,1,14,2067,1930,2364,601,101,2191,10327,2087,34163,439873,275873,684479
2020-06-11,,,4,1,13,2071,1931,2377,588,97,2177,10136,1999,33960,440462,275970,686656
2020-06-12,,,4,1,13,2075,1932,2389,576,93,2162,9946,1915,33757,441038,276064,688818
2020-06-13,,,4,1,13,2080,1933,2402,564,89,2142,9757,1836,33546,441601,276154,690959
2020-06-14,,,4,1,13,2084,1934,2414,551,85,2120,9568,1761,33331,442152,276240,693078
2020-06-15,,,4,1,13,2088,1936,2427,538,82,2101,9381,1687,33108,442691,276322,695179
2020-06-16,,,4,1,13,2092,1937,2439,526,78,2085,9194,1616,32891,443216,276400,697264
2020-06-17,,,4,0,12,2096,1938,2451,513,74,2061,9007,1547,32672,443730,276475,699324
2020-06-18,,,4,0,12,2100,1938,2463,501,70,2035,8820,1482,32442,444231,276546,701358
2020-06-19,,,4,0,12,2104,1939,2475,488,67,2014,8634,1417,32198,444719,276613,703372
2020-06-20,,,4,0,12,2107,1940,2486,476,63,1991,8448,1355,31948,445195,276676,705363
2020-06-21,,,4,0,12,2111,1941,2498,464,59,1972,8262,1295,31688,445659,276736,707334
2020-06-22,,,4,0,12,2115,1942,2510,451,56,1952,8076,1237,31416,446110,276793,709285
2020-06-23,,,4,0,12,2118,1943,2521,441,52,1933,7891,1179,31134,446551,276845,711218
2020-06-24,,,3,0,12,2122,1943,2532,430,48,1914,7709,1121,30843,446981,276893,713131
2020-06-25,,,3,0,12,2125,1944,2544,420,43,1894,7528,1064,30546,447401,276937,715024
2020-06-26,,,3,0,12,2129,1945,2555,410,39,1876,7349,1006,30244,447811,276977,716900
2020-06-27,,,3,0,12,2132,1945,2566,400,36,1857,7173,949,29939,448211,277013,718756
2020-06-28,,,3,0,12,2135,1946,2577,391,33,1839,7001,892,29636,448602,277046,720595
2020-06-29,,,3,0,12,2138,1946,2588,382,30,1821,6831,837,29337,448983,277077,722415
2020-06-30,,,3,0,12,2141,1947,2599,373,27,1803,6666,782,29040,449356,277104,724218
2020-07-01,,,3,0,11,2144,1947,2610,365,25,1785,6504,729,28739,449721,277129,726002
2020-07-02,,,3,0,11,2147,1948,2621,356,22,1768,6347,677,28446,450077,277152,727769
2020-07-03,,,3,0,11,2150,1948,2632,348,20,1750,6195,627,28161,450425,277173,729519
2020-07-04,,,3,0,11,2153,1949,2643,341,19,1733,6047,579,27880,450766,277192,731251
2020-07-05,,,3,0,11,2156,1949,2654,333,17,1715,5904,533,27604,451099,277210,732966
2020-07-06,,,3,0,11,2159,1950,2664,326,15,1699,5766,489,27330,451425,277225,734664
2020-07-07,,,3,0,11,2162,1950,2675,319,14,1682,5634,447,27061,451744,277240,736346
2020-07-08,,,3,0,11,2164,1951,2685,312,13,1666,5505,408,26794,452056,277253,738011
2020-07-09,,,3,0,11,2167,1951,2695,305,12,1647,5380,371,26528,452361,277265,739658
2020-07-10,,,2,0,11,2169,1951,2706,299,10,1629,5259,338,26263,452660,277276,741287
2020-07-11,,,2,0,11,2172,1952,2716,293,9,1613,5142,309,26000,452953,277286,742899
2020-07-12,,,2,0,10,2174,1952,2726,287,9,1596,5029,281,25739,453240,277295,744495
2020-07-13,,,2,0,10,2176,1952,2735,281,8,1581,4919,257,25481,453520,277303,746076
2020-07-14,,,2,0,10,2179,1953,2745,275,7,1564,4812,234,25224,453795,277311,747639
2020-07-15,,,2,0,10,2181,1953,2755,269,7,1549,4709,213,24970,454065,277318,749188
2020-07-16,,,2,0,10,2183,1953,2764,264,6,1533,4608,195,24718,454329,277325,750720
2020-07-17,,,2,0,10,2185,1953,2774,259,5,1517,4511,178,24467,454588,277330,752236
2020-07-18,,,2,0,10,2187,1953,2783,254,5,1499,4416,162,24216,454841,277336,753735
2020-07-19,,,2,0,10,2189,1954,2792,249,5,1485,4324,148,23968,455090,277341,755219
2020-07-20,,,2,0,10,2191,1954,2802,244,4,1470,4235,135,23723,455334,277345,756688
2020-07-21,,,2,0,10,2193,1954,2811,239,4,1455,4148,124,23479,455573,277350,758143
2020-07-22,,,2,0,10,2195,1954,2820,234,3,1440,4064,113,23237,455807,277353,759582
2020-07-23,,,2,0,9,2197,1954,2829,230,3,1424,3981,103,22995,456037,277357,761006
2020-07-24,,,2,0,9,2198,1954,2837,226,3,1410,3902,94,22758,456263,277360,762416
2020-07-25,,,2,0,9,2200,1954,2846,221,2,1398,3824,86,22527,456484,277363,763814
2020-07-26,,,2,0,9,2202,1955,2855,217,2,1384,3749,79,22299,456702,277366,765197
2020-07-27,,,2,0,9,2203,1955,2863,213,2,1372,3675,72,22074,456915,277368,766569
2020-07-28,,,2,0,9,2205,1955,2872,209,2,1357,3603,66,21851,457124,277370,767926
2020-07-29,,,2,0,9,2207,1955,2880,205,2,1342,3534,61,21629,457329,277372,769267
2020-07-30,,,2,0,9,2208,1955,2889,202,1,1327,3466,56,21407,457531,277374,770594
2020-07-31,,,2,0,9,2210,1955,2897,198,1,1312,3400,51,21185,457729,277376,771905
2020-08-01,,,1,0,9,2211,1955,2905,194,1,1294,3335,46,20963,457923,277377,773199
2020-08-02,,,1,0,9,2213,1955,2913,191,1,1279,3272,42,20743,458114,277379,774477
2020-08-03,,,1,0,8,2214,1955,2921,187,1,1265,3211,39,20523,458301,277380,775741
2020-08-04,,,1,0,8,2216,1955,2929,184,1,1250,3151,35,20303,458485,277381,776991
