date,actual_deaths,total_deaths,predicted_deaths_mean,predicted_deaths_lower,predicted_deaths_upper,predicted_total_deaths_mean,predicted_total_deaths_lower,predicted_total_deaths_upper
2020-02-14,,,,,,,,
2020-02-15,,,,,,,,
2020-02-16,,,,,,,,
2020-02-17,,,,,,,,
2020-02-18,,,,,,,,
2020-02-19,,,,,,,,
2020-02-20,,,,,,,,
2020-02-21,,,,,,,,
2020-02-22,,,,,,,,
2020-02-23,,,,,,,,
2020-02-24,,,,,,,,
2020-02-25,,,,,,,,
2020-02-26,,,,,,,,
2020-02-27,,,,,,,,
2020-02-28,,,,,,,,
2020-02-29,,,,,,,,
2020-03-01,,,,,,,,
2020-03-02,,,,,,,,
2020-03-03,,,,,,,,
2020-03-04,,,,,,,,
2020-03-05,,,,,,,,
2020-03-06,,,,,,,,
2020-03-07,,,,,,,,
2020-03-08,,,,,,,,
2020-03-09,,,,,,,,
2020-03-10,,,,,,,,
2020-03-11,,,,,,,,
2020-03-12,4,4,,,,,,
2020-03-13,0,4,,,,,,
2020-03-14,1,5,,,,,,
2020-03-15,0,5,,,,,,
2020-03-16,1,6,,,,,,
2020-03-17,5,11,,,,,,
2020-03-18,2,13,,,,,,
2020-03-19,5,18,,,,,,
2020-03-20,2,20,,,,,,
2020-03-21,4,24,,,,,,
2020-03-22,3,27,,,,,,
2020-03-23,0,27,,,,,,
2020-03-24,13,40,,,,,,
2020-03-25,13,53,,,,,,
2020-03-26,12,65,,,,,,
2020-03-27,13,78,,,,,,
2020-03-28,23,101,,,,,,
2020-03-29,22,123,,,,,,
2020-03-30,10,133,,,,,,
2020-03-31,20,153,,,,,,
2020-04-01,18,171,,,,,,
2020-04-02,32,203,,,,,,
2020-04-03,34,237,,,,,,
2020-04-04,39,276,,,,,,
2020-04-05,43,319,,,,,,
2020-04-06,24,343,,,,,,
2020-04-07,31,374,,,,,,
2020-04-08,68,442,,,,,,
2020-04-09,,,49,38,60,491,480,502
2020-04-10,,,49,36,64,539,516,566
2020-04-11,,,49,33,66,588,548,632
2020-04-12,,,48,30,67,636,578,699
2020-04-13,,,47,28,68,682,606,766
2020-04-14,,,45,25,69,728,631,836
2020-04-15,,,43,22,70,771,652,906
2020-04-16,,,42,20,70,813,672,976
2020-04-17,,,40,18,71,852,690,1047
2020-04-18,,,38,16,70,890,706,1117
2020-04-19,,,36,14,68,926,720,1185
2020-04-20,,,34,12,66,959,732,1251
2020-04-21,,,32,11,63,991,743,1314
2020-04-22,,,30,10,60,1021,753,1374
2020-04-23,,,28,9,57,1050,762,1431
2020-04-24,,,27,8,54,1076,770,1485
2020-04-25,,,25,7,52,1101,777,1536
2020-04-26,,,24,6,50,1125,783,1587
2020-04-27,,,22,5,48,1147,788,1635
2020-04-28,,,21,5,46,1168,793,1681
2020-04-29,,,20,4,44,1188,797,1725
2020-04-30,,,19,4,43,1207,801,1768
2020-05-01,,,18,3,41,1225,804,1809
2020-05-02,,,17,3,40,1241,807,1849
2020-05-03,,,16,3,38,1257,810,1888
2020-05-04,,,15,2,37,1272,812,1925
2020-05-05,,,14,2,35,1286,814,1960
2020-05-06,,,13,2,34,1300,816,1994
2020-05-07,,,13,2,31,1312,818,2025
2020-05-08,,,12,2,30,1325,820,2056
2020-05-09,,,11,1,29,1336,821,2085
2020-05-10,,,11,1,28,1347,822,2113
2020-05-11,,,10,1,27,1357,823,2140
2020-05-12,,,10,1,26,1367,824,2166
2020-05-13,,,9,1,25,1376,825,2191
2020-05-14,,,9,1,24,1385,826,2215
2020-05-15,,,8,1,23,1394,827,2238
2020-05-16,,,8,1,22,1402,828,2260
2020-05-17,,,8,1,21,1410,829,2281
2020-05-18,,,7,1,20,1417,830,2301
2020-05-19,,,7,1,20,1424,831,2321
2020-05-20,,,7,1,19,1431,832,2340
2020-05-21,,,6,0,18,1437,832,2358
2020-05-22,,,6,0,17,1443,832,2376
2020-05-23,,,6,0,17,1449,832,2392
2020-05-24,,,6,0,16,1454,832,2408
2020-05-25,,,5,0,15,1460,832,2424
2020-05-26,,,5,0,15,1465,832,2439
2020-05-27,,,5,0,14,1470,832,2453
2020-05-28,,,5,0,14,1474,832,2467
2020-05-29,,,4,0,13,1479,832,2480
2020-05-30,,,4,0,13,1483,832,2493
2020-05-31,,,4,0,12,1487,832,2505
2020-06-01,,,4,0,12,1491,832,2517
2020-06-02,,,4,0,11,1494,832,2528
2020-06-03,,,4,0,11,1498,832,2540
2020-06-04,,,3,0,10,1501,832,2550
2020-06-05,,,3,0,10,1504,832,2560
2020-06-06,,,3,0,10,1508,832,2570
2020-06-07,,,3,0,9,1510,832,2579
2020-06-08,,,3,0,9,1513,832,2588
2020-06-09,,,3,0,9,1516,832,2597
2020-06-10,,,2,0,8,1518,832,2605
2020-06-11,,,2,0,8,1520,832,2613
2020-06-12,,,2,0,8,1523,832,2621
2020-06-13,,,2,0,7,1525,832,2628
2020-06-14,,,2,0,7,1527,832,2635
2020-06-15,,,2,0,7,1529,832,2642
2020-06-16,,,2,0,6,1531,832,2648
2020-06-17,,,2,0,6,1532,832,2654
2020-06-18,,,2,0,6,1534,832,2660
2020-06-19,,,2,0,6,1536,832,2666
2020-06-20,,,1,0,5,1537,832,2672
2020-06-21,,,1,0,5,1538,832,2677
2020-06-22,,,1,0,5,1540,832,2682
2020-06-23,,,1,0,5,1541,832,2687
2020-06-24,,,1,0,4,1542,832,2691
2020-06-25,,,1,0,4,1543,832,2695
2020-06-26,,,1,0,4,1544,832,2699
2020-06-27,,,1,0,4,1545,832,2703
2020-06-28,,,1,0,4,1546,832,2707
2020-06-29,,,1,0,3,1547,832,2710
2020-06-30,,,1,0,3,1547,832,2713
