date,actual_deaths,total_deaths,predicted_deaths_mean,predicted_deaths_lower,predicted_deaths_upper,predicted_total_deaths_mean,predicted_total_deaths_lower,predicted_total_deaths_upper,predicted_new_infected_mean,predicted_new_infected_lower,predicted_new_infected_upper,predicted_current_infected_mean,predicted_current_infected_lower,predicted_current_infected_upper,predicted_total_infected_mean,predicted_total_infected_lower,predicted_total_infected_upper,r_values_mean
2020-03-07,,,,,,,,,62,40,80,62,40,80,62,40,80,1.23407527053
2020-03-08,,,,,,,,,62,40,80,125,80,160,125,80,160,1.23347163094
2020-03-09,,,,,,,,,62,40,80,187,120,240,187,120,240,1.23333792604
2020-03-10,,,,,,,,,62,40,80,249,160,320,249,160,320,1.23317458552
2020-03-11,,,,,,,,,62,40,80,312,200,400,312,200,400,1.23297502795
2020-03-12,,,,,,,,,62,40,80,374,240,480,374,240,480,1.23273120192
2020-03-13,,,,,,,,,62,40,80,436,280,560,436,280,560,1.23243325201
2020-03-14,,,,,,,,,62,40,80,498,320,640,498,320,640,1.23206910487
2020-03-15,,,,,,,,,62,40,80,561,360,720,561,360,720,1.23162395368
2020-03-16,,,,,,,,,136,87,178,697,447,898,697,447,898,1.23103416809
2020-03-17,,,,,,,,,135,87,177,832,535,1074,832,535,1074,1.23036259617
2020-03-18,,,,,,,,,139,89,182,971,625,1255,971,625,1255,1.22953496365
2020-03-19,,,,,,,,,147,95,192,1118,720,1447,1118,720,1447,1.22852402245
2020-03-20,,,,,,,,,164,106,215,1282,826,1661,1282,826,1661,1.22728682093
2020-03-21,,,,,,,,,191,123,251,1473,950,1911,1473,950,1911,1.22576980611
2020-03-22,,,,,,,,,210,136,277,1621,1046,2108,1683,1086,2188,1.22390540634
2020-03-23,,,,,,,,,225,145,296,1784,1151,2324,1909,1231,2484,1.22160866198
2020-03-24,,,,,,,,,241,155,318,1963,1267,2561,2150,1387,2801,1.2187742692
2020-03-25,,,,,,,,,259,166,341,2159,1394,2821,2409,1554,3141,1.21526987392
2020-03-26,,,,,,,,,280,180,394,2377,1534,3134,2689,1734,3534,1.21093190115
2020-03-27,,,,,,,,,302,194,435,2617,1689,3489,2990,1929,3969,1.20556631946
2020-03-28,,,,,,,,,321,206,473,2876,1855,3881,3312,2135,4441,1.19895807499
2020-03-29,,,,,,,,,341,219,509,3154,2035,4309,3652,2355,4949,1.19089724374
2020-03-30,,,,,,,,,360,231,542,3451,2227,4771,4012,2587,5491,1.18122370857
2020-03-31,1,1,,,,,,,379,245,572,3695,2384,5166,4391,2832,6063,1.16988423997
2020-04-01,1,2,,,,,,,399,258,598,3958,2555,5588,4790,3090,6661,1.1569797805
2020-04-02,2,4,,,,,,,417,271,619,4236,2737,6025,5207,3362,7279,1.14277510077
2020-04-03,0,4,,,,,,,434,284,635,4523,2926,6467,5640,3647,7913,1.12766060958
2020-04-04,1,5,,,,,,,449,297,647,4808,3118,6899,6090,3944,8560,1.11208438665
2020-04-05,3,8,,,,,,,464,310,662,5081,3304,7310,6554,4255,9221,1.09648545115
2020-04-06,5,13,,,,,,,478,321,675,5348,3490,7709,7031,4577,9896,1.08124884076
2020-04-07,0,13,,,,,,,490,332,692,5612,3677,8104,7521,4909,10587,1.06668635778
2020-04-08,0,13,,,,,,,501,342,704,5873,3864,8491,8022,5251,11291,1.0530373633
2020-04-09,3,16,,,,,,,511,351,715,6125,4048,8865,8534,5603,12005,1.04048018693
2020-04-10,3,19,,,,,,,521,360,725,6366,4228,9196,9055,5963,12730,1.02914342512
2020-04-11,4,23,,,,,,,529,369,737,6593,4404,9498,9584,6333,13466,1.01910910167
2020-04-12,3,26,,,,,,,537,379,745,6808,4576,9770,10120,6712,14211,1.01040704489
2020-04-13,3,29,,,,,,,544,389,750,7011,4746,10012,10664,7102,14960,1.00300779534
2020-04-14,4,33,,,,,,,550,398,753,7201,4913,10222,11214,7501,15713,0.99682387253
2020-04-15,3,36,,,,,,,556,408,760,7378,5076,10410,11769,7909,16472,0.991723715553
2020-04-16,4,40,,,,,,,561,415,766,7540,5234,10577,12330,8325,17237,0.987553692945
2020-04-17,2,42,,,,,,,566,423,767,7689,5386,10725,12896,8748,18004,0.984159357686
2020-04-18,3,45,,,,,,,571,429,766,7827,5531,10856,13467,9178,18769,0.981399864558
2020-04-19,2,47,,,,,,,575,435,766,7953,5669,10975,14042,9613,19534,0.979154571106
2020-04-20,4,51,,,,,,,579,441,763,8068,5800,11076,14621,10055,20297,0.977323970646
2020-04-21,4,55,,,,,,,583,445,760,8174,5924,11161,15205,10501,21056,0.975827643591
2020-04-22,3,58,,,,,,,587,451,756,8270,6043,11225,15791,10953,21812,0.974601169413
2020-04-23,2,60,,,,,,,590,455,752,8359,6156,11272,16382,11408,22563,0.973593041785
2020-04-24,3,63,,,,,,,594,455,748,8442,6260,11305,16975,11864,23310,0.972762005559
2020-04-25,4,67,,,,,,,597,458,750,8518,6359,11330,17572,12323,24060,0.972074904808
2020-04-26,5,72,,,,,,,600,460,754,8588,6450,11347,18172,12783,24813,0.971504993889
2020-04-27,3,75,,,,,,,603,460,757,8654,6530,11359,18774,13243,25569,0.971030624609
2020-04-28,4,79,,,,,,,605,458,761,8716,6600,11369,19380,13702,26329,0.970634224857
2020-04-29,5,84,,,,,,,608,460,770,8774,6661,11386,19987,14162,27098,0.970301499216
2020-04-30,5,89,,,,,,,610,460,774,8828,6713,11400,20597,14623,27872,0.970020798308
2020-05-01,4,93,,,,,,,612,459,782,8880,6757,11417,21210,15082,28654,0.969782617258
2020-05-02,4,97,,,,,,,614,461,794,8928,6795,11444,21824,15544,29447,0.969579194021
2020-05-03,2,99,,,,,,,616,463,795,8974,6829,11474,22441,16008,30242,0.969404185847
2020-05-04,4,103,,,,,,,618,458,798,9017,6852,11506,23059,16466,31040,0.969252407559
2020-05-05,4,107,,,,,,,620,452,804,9058,6863,11547,23679,16918,31843,0.969119619127
2020-05-06,5,112,,,,,,,622,449,805,9096,6866,11592,24301,17368,32648,0.969002352828
2020-05-07,4,116,,,,,,,623,447,809,9133,6862,11645,24924,17815,33456,0.968897772357
2020-05-08,5,121,,,,,,,625,444,814,9167,6851,11708,25549,18259,34270,0.968803557835
2020-05-09,5,126,,,,,,,626,441,820,9200,6836,11779,26175,18700,35089,0.968717811863
2020-05-10,5,131,,,,,,,627,437,829,9230,6815,11859,26802,19138,35918,0.968638982744
2020-05-11,4,135,,,,,,,628,433,839,9259,6788,11945,27431,19571,36757,0.96856580169
2020-05-12,7,142,,,,,,,629,429,850,9286,6758,12037,28060,20001,37606,0.968497231459
2020-05-13,4,146,,,,,,,630,426,860,9311,6725,12136,28690,20427,38465,0.968432424327
2020-05-14,5,151,,,,,,,631,422,870,9334,6687,12237,29321,20850,39335,0.968370687697
2020-05-15,5,156,,,,,,,632,416,875,9356,6643,12338,29953,21266,40209,0.968311455946
2020-05-16,4,160,,,,,,,632,410,879,9375,6594,12435,30585,21676,41088,0.968254267389
2020-05-17,5,165,,,,,,,633,404,883,9394,6537,12524,31218,22081,41970,0.968198745418
2020-05-18,6,171,,,,,,,633,400,898,9410,6473,12626,31851,22481,42868,0.968144583068
2020-05-19,4,175,,,,,,,633,396,908,9425,6411,12736,32484,22877,43775,0.968091530376
2020-05-20,4,179,,,,,,,634,392,919,9439,6350,12851,33118,23269,44694,0.968039384039
2020-05-21,6,185,,,,,,,634,387,929,9450,6289,12975,33751,23657,45622,0.967987978944
2020-05-22,5,190,,,,,,,634,383,940,9461,6226,13106,34385,24041,46562,0.967937181236
2020-05-23,4,194,,,,,,,633,379,950,9469,6160,13242,35018,24420,47511,0.967886882641
2020-05-24,5,199,,,,,,,633,375,960,9476,6094,13382,35651,24795,48471,0.96783699582
2020-05-25,5,204,,,,,,,633,370,970,9482,6028,13523,36284,25166,49440,0.967787450567
2020-05-26,4,208,,,,,,,632,365,981,9486,5960,13664,36917,25532,50421,0.967738190694
2020-05-27,6,214,,,,,,,632,361,991,9489,5891,13806,37549,25893,51411,0.96768917148
2020-05-28,5,219,,,,,,,631,356,1002,9490,5821,13948,38180,26249,52412,0.967640357586
2020-05-29,5,224,,,,,,,631,351,1012,9489,5751,14089,38810,26601,53424,0.967591721347
2020-05-30,5,229,,,,,,,630,346,1022,9487,5681,14237,39440,26947,54446,0.967543241374
2020-05-31,6,235,,,,,,,629,341,1033,9484,5612,14391,40069,27289,55478,0.967494901404
2020-06-01,5,240,,,,,,,628,335,1043,9479,5542,14551,40697,27624,56521,0.96744668937
2020-06-02,3,243,,,,,,,627,328,1054,9473,5471,14706,41324,27953,57574,0.967398596628
2020-06-03,5,248,,,,,,,626,323,1064,9465,5398,14862,41949,28276,58637,0.967350617332
2020-06-04,5,253,,,,,,,624,317,1074,9456,5324,15017,42574,28594,59711,0.967302747919
2020-06-05,6,259,,,,,,,623,312,1085,9445,5248,15173,43197,28906,60795,0.967254986688
2020-06-06,4,263,,,,,,,622,307,1095,9433,5172,15328,43818,29213,61889,0.967207333455
2020-06-07,6,269,,,,,,,621,302,1106,9421,5095,15484,44439,29516,62994,0.967159789273
2020-06-08,7,276,,,,,,,620,298,1116,9407,5018,15640,45059,29814,64110,0.967112351098
2020-06-09,6,282,,,,,,,619,293,1127,9393,4941,15797,45678,30107,65237,0.967064975896
2020-06-10,6,288,,,,,,,618,288,1138,9379,4864,15954,46295,30396,66374,0.967017666955
2020-06-11,5,293,,,,,,,617,283,1149,9364,4786,16112,46912,30680,67523,0.966970425642
2020-06-12,5,298,,,,,,,616,278,1160,9348,4708,16270,47528,30958,68682,0.966923251046
2020-06-13,5,303,,,,,,,615,273,1171,9333,4630,16429,48144,31232,69852,0.966876137549
2020-06-14,5,308,,,,,,,614,269,1182,9318,4553,16589,48758,31501,71034,0.966829075468
2020-06-15,4,312,,,,,,,614,265,1193,9303,4477,16749,49372,31767,72227,0.966782059203
2020-06-16,,,5,2,7,317,314,319,613,261,1205,9288,4403,16911,49985,32028,73431,
2020-06-17,,,5,2,8,321,317,326,612,257,1216,9274,4332,17073,50597,32285,74646,
2020-06-18,,,4,2,8,326,319,334,612,253,1227,9260,4262,17237,51209,32538,75873,
2020-06-19,,,4,2,8,330,322,341,611,249,1239,9247,4194,17401,51820,32788,77111,
2020-06-20,,,4,2,8,335,324,348,611,245,1250,9234,4127,17567,52431,33034,78361,
2020-06-21,,,4,2,8,339,327,355,610,242,1262,9223,4062,17734,53041,33276,79623,
2020-06-22,,,4,2,8,343,329,363,610,238,1274,9212,3998,17902,53651,33515,80896,
2020-06-23,,,4,2,8,348,332,370,609,234,1286,9202,3935,18072,54260,33749,82182,
2020-06-24,,,4,2,8,352,334,378,609,230,1298,9192,3872,18242,54869,33980,83479,
2020-06-25,,,4,2,8,357,336,385,609,226,1310,9183,3810,18414,55478,34207,84788,
2020-06-26,,,4,2,8,361,339,393,608,223,1322,9174,3750,18587,56087,34430,86109,
2020-06-27,,,4,2,8,366,341,401,608,219,1334,9166,3691,18760,56695,34650,87442,
2020-06-28,,,4,2,8,370,343,408,608,215,1346,9159,3633,18935,57303,34865,88787,
2020-06-29,,,4,2,8,375,345,416,608,212,1358,9152,3576,19112,57910,35078,90145,
2020-06-30,,,4,2,8,379,347,424,608,208,1371,9146,3520,19289,58518,35287,91515,
2020-07-01,,,4,2,9,383,349,432,607,205,1383,9141,3464,19467,59125,35492,92898,
2020-07-02,,,4,2,9,388,351,440,607,202,1395,9136,3409,19647,59733,35694,94293,
2020-07-03,,,4,2,9,392,353,449,607,198,1408,9131,3355,19828,60340,35893,95700,
2020-07-04,,,4,1,9,397,355,457,607,195,1421,9127,3301,20010,60948,36089,97120,
2020-07-05,,,4,1,9,401,357,465,607,192,1433,9124,3248,20193,61555,36282,98553,
2020-07-06,,,4,1,9,405,359,474,607,189,1446,9121,3195,20377,62162,36472,99999,
2020-07-07,,,4,1,9,410,361,482,608,186,1459,9119,3143,20562,62770,36658,101458,
2020-07-08,,,4,1,9,414,363,491,608,183,1472,9117,3092,20748,63378,36842,102929,
2020-07-09,,,4,1,9,419,365,499,608,180,1485,9116,3042,20936,63985,37023,104414,
2020-07-10,,,4,1,9,423,367,508,608,178,1498,9115,2994,21124,64594,37201,105912,
2020-07-11,,,4,1,9,427,368,517,608,175,1511,9115,2946,21314,65202,37377,107423,
2020-07-12,,,4,1,9,432,370,526,608,172,1525,9116,2899,21505,65810,37549,108947,
2020-07-13,,,4,1,10,436,372,535,609,170,1538,9116,2854,21697,66419,37720,110484,
2020-07-14,,,4,1,10,440,374,544,609,167,1551,9118,2809,21890,67028,37887,112035,
2020-07-15,,,4,1,10,445,375,553,609,165,1565,9120,2765,22084,67638,38052,113599,
2020-07-16,,,4,1,10,449,377,562,610,162,1578,9122,2722,22280,68247,38215,115177,
2020-07-17,,,4,1,10,453,378,572,610,160,1592,9125,2680,22476,68858,38375,116768,
2020-07-18,,,4,1,10,458,380,581,611,157,1606,9128,2639,22674,69468,38533,118373,
2020-07-19,,,4,1,10,462,382,591,611,155,1619,9132,2598,22872,70079,38688,119992,
2020-07-20,,,4,1,10,466,383,600,612,152,1633,9136,2558,23072,70691,38841,121625,
2020-07-21,,,4,1,10,471,385,610,612,150,1647,9140,2519,23272,71303,38991,123271,
2020-07-22,,,4,1,10,475,386,620,613,147,1661,9146,2480,23474,71916,39138,124932,
2020-07-23,,,4,1,10,479,388,630,613,145,1675,9151,2441,23677,72529,39284,126606,
2020-07-24,,,4,1,10,484,389,640,614,143,1689,9157,2403,23881,73143,39427,128294,
2020-07-25,,,4,1,11,488,390,650,614,140,1703,9164,2366,24086,73757,39568,129997,
2020-07-26,,,4,1,11,492,392,660,615,138,1717,9170,2329,24292,74372,39706,131714,
2020-07-27,,,4,1,11,497,393,670,616,136,1732,9178,2293,24499,74988,39843,133445,
2020-07-28,,,4,1,11,501,395,680,616,134,1746,9185,2257,24707,75604,39977,135191,
2020-07-29,,,4,1,11,505,396,691,617,132,1760,9193,2222,24916,76222,40110,136950,
2020-07-30,,,4,1,11,510,397,701,618,130,1775,9202,2187,25126,76840,40240,138725,
2020-07-31,,,4,1,11,514,399,712,619,128,1789,9211,2153,25337,77458,40368,140514,
2020-08-01,,,4,1,11,518,400,722,620,126,1804,9220,2119,25549,78078,40495,142317,
2020-08-02,,,4,1,11,523,401,733,620,124,1819,9230,2086,25762,78698,40619,144135,
2020-08-03,,,4,1,11,527,402,744,621,122,1833,9240,2053,25976,79319,40742,145968,
2020-08-04,,,4,1,11,531,403,755,622,120,1848,9251,2021,26191,79942,40863,147815,
2020-08-05,,,4,1,12,536,405,766,623,119,1863,9262,1990,26407,80565,40982,149678,
2020-08-06,,,4,1,12,540,406,777,624,117,1878,9273,1960,26624,81188,41099,151555,
2020-08-07,,,4,1,12,544,407,789,625,115,1893,9285,1930,26842,81813,41215,153447,
2020-08-08,,,4,1,12,549,408,800,626,113,1908,9297,1901,27060,82439,41329,155354,
2020-08-09,,,4,1,12,553,409,811,627,112,1923,9309,1873,27280,83066,41441,157277,
2020-08-10,,,4,1,12,557,410,823,628,110,1938,9322,1845,27501,83694,41552,159214,
2020-08-11,,,4,1,12,562,411,835,629,109,1953,9335,1818,27722,84323,41661,161167,
2020-08-12,,,4,1,12,566,413,846,630,107,1968,9348,1791,27944,84953,41769,163134,
2020-08-13,,,4,1,12,570,414,858,631,106,1983,9362,1765,28167,85584,41875,165117,
2020-08-14,,,4,1,12,575,415,870,632,104,1999,9376,1739,28391,86216,41980,167115,
2020-08-15,,,4,1,13,579,416,882,633,103,2014,9391,1714,28616,86849,42083,169129,
2020-08-16,,,4,1,13,584,417,894,634,101,2030,9405,1690,28842,87483,42185,171158,
2020-08-17,,,4,0,13,588,418,907,636,100,2045,9421,1666,29068,88119,42285,173203,
2020-08-18,,,4,0,13,592,419,919,637,99,2060,9436,1642,29295,88755,42385,175262,
2020-08-19,,,4,0,13,597,420,931,638,97,2076,9452,1619,29523,89393,42482,177338,
2020-08-20,,,4,0,13,601,420,944,639,96,2092,9468,1597,29752,90032,42579,179429,
2020-08-21,,,4,0,13,606,421,957,640,95,2107,9484,1575,29981,90673,42674,181536,
2020-08-22,,,4,0,13,610,422,969,642,94,2123,9501,1553,30211,91314,42769,183658,
2020-08-23,,,4,0,13,614,423,982,643,92,2139,9518,1532,30442,91957,42862,185796,
2020-08-24,,,4,0,13,619,424,995,644,91,2154,9535,1512,30674,92601,42953,187950,
2020-08-25,,,4,0,14,623,425,1008,645,90,2170,9553,1492,30906,93247,43044,190119,
2020-08-26,,,4,0,14,628,426,1021,647,89,2186,9571,1472,31139,93893,43133,192305,
2020-08-27,,,4,0,14,632,427,1035,648,88,2202,9589,1453,31372,94541,43222,194506,
2020-08-28,,,4,0,14,637,428,1048,649,87,2218,9607,1434,31606,95191,43309,196723,
2020-08-29,,,4,0,14,641,428,1062,651,86,2233,9626,1415,31841,95841,43395,198956,
2020-08-30,,,4,0,14,645,429,1075,652,85,2249,9645,1397,32076,96494,43481,201205,
2020-08-31,,,4,0,14,650,430,1089,654,84,2265,9664,1380,32312,97147,43565,203469,
2020-09-01,,,4,0,14,654,431,1103,655,83,2281,9683,1362,32548,97802,43648,205750,
2020-09-02,,,4,0,14,659,432,1117,656,82,2297,9703,1345,32785,98458,43730,208047,
2020-09-03,,,4,0,15,663,432,1131,658,81,2313,9723,1329,33022,99116,43812,210360,
2020-09-04,,,4,0,15,668,433,1145,659,80,2329,9743,1313,33260,99775,43892,212689,
2020-09-05,,,5,0,15,672,434,1159,661,79,2345,9763,1297,33498,100436,43972,215033,
2020-09-06,,,5,0,15,677,435,1173,662,78,2361,9784,1281,33737,101098,44050,217394,
2020-09-07,,,5,0,15,681,435,1188,664,77,2378,9805,1266,33976,101762,44128,219772,
2020-09-08,,,5,0,15,686,436,1203,665,76,2394,9826,1251,34215,102427,44205,222165,
2020-09-09,,,5,0,15,690,437,1217,667,76,2410,9847,1237,34455,103094,44281,224574,
2020-09-10,,,5,0,15,695,437,1232,668,75,2426,9868,1222,34695,103762,44356,226999,
2020-09-11,,,5,0,15,700,438,1247,670,74,2442,9890,1209,34936,104431,44431,229441,
2020-09-12,,,5,0,16,704,439,1262,671,73,2458,9912,1195,35176,105103,44505,231899,
2020-09-13,,,5,0,16,709,439,1277,673,72,2474,9934,1182,35417,105775,44577,234372,
2020-09-14,,,5,0,16,713,440,1292,674,72,2490,9956,1169,35658,106450,44650,236862,
2020-09-15,,,5,0,16,718,441,1308,676,71,2507,9978,1156,35900,107125,44721,239369,
2020-09-16,,,5,0,16,722,441,1323,677,70,2523,10001,1143,36141,107803,44792,241891,
2020-09-17,,,5,0,16,727,442,1339,679,70,2539,10024,1131,36383,108482,44862,244429,
2020-09-18,,,5,0,16,732,443,1354,681,69,2555,10046,1119,36625,109162,44931,246984,
2020-09-19,,,5,0,16,736,443,1370,682,68,2571,10069,1107,36867,109845,45000,249555,
2020-09-20,,,5,0,16,741,444,1386,684,68,2587,10092,1096,37109,110528,45068,252142,
2020-09-21,,,5,0,17,746,444,1402,685,67,2603,10116,1085,37350,111214,45136,254744,
2020-09-22,,,5,0,17,750,445,1418,687,66,2620,10139,1074,37592,111901,45202,257363,
2020-09-23,,,5,0,17,755,446,1435,689,66,2636,10162,1063,37834,112589,45269,259999,
2020-09-24,,,5,0,17,760,446,1451,690,65,2652,10186,1053,38076,113280,45334,262650,
2020-09-25,,,5,0,17,764,447,1468,692,65,2668,10210,1042,38318,113971,45399,265317,
2020-09-26,,,5,0,17,769,447,1484,693,64,2684,10234,1032,38560,114665,45464,268000,
2020-09-27,,,5,0,17,774,448,1501,695,63,2700,10257,1022,38801,115360,45527,270700,
2020-09-28,,,5,0,17,778,449,1518,697,63,2716,10281,1013,39043,116057,45591,273415,
2020-09-29,,,5,0,17,783,449,1535,698,62,2732,10306,1003,39284,116755,45654,276146,
2020-09-30,,,5,0,18,788,450,1552,700,62,2748,10330,994,39525,117455,45716,278893,
2020-10-01,,,5,0,18,793,450,1569,702,61,2763,10354,985,39766,118157,45778,281656,
