date,actual_deaths,total_deaths,predicted_deaths_mean,predicted_deaths_lower,predicted_deaths_upper,predicted_total_deaths_mean,predicted_total_deaths_lower,predicted_total_deaths_upper,predicted_new_infected_mean,predicted_new_infected_lower,predicted_new_infected_upper,predicted_current_infected_mean,predicted_current_infected_lower,predicted_current_infected_upper,predicted_total_infected_mean,predicted_total_infected_lower,predicted_total_infected_upper,r_values_mean
2020-02-24,,,,,,,,,54,25,75,54,25,75,54,25,75,1.57602339181
2020-02-25,,,,,,,,,54,25,75,109,50,150,109,50,150,1.57529275753
2020-02-26,,,,,,,,,54,25,75,163,75,225,163,75,225,1.57503572805
2020-02-27,,,,,,,,,54,25,75,218,100,300,218,100,300,1.57468799557
2020-02-28,,,,,,,,,54,25,75,272,125,375,272,125,375,1.57421743126
2020-02-29,,,,,,,,,54,25,75,326,150,450,326,150,450,1.57358049636
2020-03-01,,,,,,,,,54,25,75,381,175,525,381,175,525,1.5727182082
2020-03-02,,,,,,,,,54,25,75,435,200,600,435,200,600,1.57155071824
2020-03-03,,,,,,,,,54,25,75,489,225,675,489,225,675,1.56997006722
2020-03-04,,,,,,,,,136,64,201,625,289,876,625,289,876,1.567739413
2020-03-05,,,,,,,,,135,64,200,760,354,1075,760,354,1075,1.56483396821
2020-03-06,,,,,,,,,140,67,209,900,422,1284,900,422,1284,1.56089396366
2020-03-07,,,,,,,,,152,73,227,1052,496,1510,1052,496,1510,1.55558837929
2020-03-08,,,,,,,,,176,86,267,1227,582,1777,1227,582,1777,1.54845656143
2020-03-09,,,,,,,,,213,106,326,1440,688,2102,1440,688,2102,1.5389019998
2020-03-10,,,,,,,,,240,121,372,1626,785,2399,1680,810,2474,1.52617071596
2020-03-11,,,,,,,,,261,134,409,1833,894,2733,1941,944,2883,1.50935456289
2020-03-12,,,,,,,,,285,149,440,2063,1019,3097,2226,1094,3322,1.48745264858
2020-03-13,,,,,,,,,310,167,472,2319,1162,3494,2536,1262,3794,1.45951905858
2020-03-14,,,,,,,,,340,190,510,2604,1327,3929,2876,1452,4304,1.42492351076
2020-03-15,,,,,,,,,366,213,538,2916,1516,4391,3243,1666,4841,1.38362761452
2020-03-16,,,,,,,,,388,237,554,3250,1728,4870,3630,1903,5395,1.33628437406
2020-03-17,,,,,,,,,405,263,561,3600,1966,5355,4035,2166,5955,1.2840820507
2020-03-18,,,,,,,,,420,283,550,3966,2225,5830,4455,2450,6505,1.22848126847
2020-03-19,1,1,,,,,,,431,299,562,4261,2459,6191,4886,2749,7066,1.17103714794
2020-03-20,0,1,,,,,,,439,309,576,4566,2705,6567,5326,3059,7641,1.11331806453
2020-03-21,0,1,,,,,,,442,318,576,4868,2956,6934,5768,3378,8217,1.05683842094
2020-03-22,0,1,,,,,,,441,316,568,5158,3199,7274,6209,3695,8784,1.002985126
2020-03-23,0,1,,,,,,,436,309,556,5418,3421,7563,6646,4004,9339,0.952968873505
2020-03-24,0,1,,,,,,,429,305,562,5635,3621,7799,7075,4309,9901,0.907805704327
2020-03-25,0,1,,,,,,,419,301,566,5814,3800,7993,7494,4611,10466,0.868287286304
2020-03-26,2,3,,,,,,,408,295,560,5960,3962,8144,7901,4906,11026,0.83489235535
2020-03-27,0,3,,,,,,,395,287,543,6070,4099,8247,8296,5194,11568,0.807665438475
2020-03-28,2,5,,,,,,,382,279,525,6142,4211,8300,8679,5473,12093,0.786178386776
2020-03-29,1,6,,,,,,,369,271,506,6171,4293,8295,9047,5745,12598,0.769651409659
2020-03-30,0,6,,,,,,,356,264,482,6161,4344,8239,9403,6010,13080,0.757164135337
2020-03-31,0,6,,,,,,,343,257,467,6116,4363,8152,9746,6267,13547,0.747833687654
2020-04-01,0,6,,,,,,,331,250,452,6042,4351,8044,10077,6518,13999,0.740906642707
2020-04-02,1,7,,,,,,,319,244,437,5941,4312,7931,10396,6763,14435,0.735781436253
2020-04-03,1,8,,,,,,,307,237,422,5817,4251,7791,10703,7000,14857,0.731995262594
2020-04-04,4,12,,,,,,,296,230,407,5673,4171,7623,10999,7231,15264,0.729199296047
2020-04-05,3,15,,,,,,,286,224,391,5516,4078,7438,11285,7456,15655,0.727133605671
2020-04-06,1,16,,,,,,,275,216,373,5351,3978,7244,11560,7673,16027,0.725605754538
2020-04-07,2,18,,,,,,,266,209,358,5180,3878,7046,11826,7882,16384,0.724473805359
2020-04-08,1,19,,,,,,,257,201,346,5008,3774,6829,12083,8084,16730,0.723633287499
2020-04-09,1,20,,,,,,,248,195,334,4837,3668,6597,12331,8279,17063,0.723007388058
2020-04-10,1,21,,,,,,,240,189,322,4669,3561,6360,12570,8468,17385,0.722539650175
2020-04-11,0,21,,,,,,,232,183,311,4505,3458,6128,12802,8652,17696,0.722188574347
2020-04-12,2,23,,,,,,,224,178,301,4347,3356,5904,13026,8830,17996,0.721923643367
2020-04-13,2,25,,,,,,,217,172,291,4195,3257,5689,13243,9003,18286,0.72172240249
2020-04-14,6,31,,,,,,,210,166,281,4049,3159,5487,13452,9169,18567,0.721568317353
2020-04-15,2,33,,,,,,,203,160,271,3909,3062,5292,13655,9329,18838,0.721449203252
2020-04-16,2,35,,,,,,,197,154,262,3775,2965,5102,13852,9484,19100,0.721356073361
2020-04-17,1,36,,,,,,,191,147,253,3647,2869,4917,14043,9632,19352,0.721282293815
2020-04-18,3,39,,,,,,,185,143,244,3525,2774,4740,14228,9775,19596,0.721222963479
2020-04-19,8,47,,,,,,,179,137,236,3408,2680,4569,14407,9912,19832,0.721171443562
2020-04-20,0,47,,,,,,,174,131,228,3296,2587,4405,14581,10044,20059,0.721128046654
2020-04-21,1,48,,,,,,,169,126,220,3189,2497,4253,14749,10171,20279,0.721090967937
2020-04-22,0,48,,,,,,,163,122,214,3087,2410,4109,14913,10293,20493,0.721058433127
2020-04-23,2,50,,,,,,,159,117,207,2989,2326,3970,15071,10410,20699,0.721029721197
2020-04-24,1,51,,,,,,,154,113,200,2895,2244,3837,15225,10524,20899,0.721003570966
2020-04-25,3,54,,,,,,,149,109,195,2804,2165,3710,15375,10634,21094,0.720987719294
2020-04-26,1,55,,,,,,,145,105,191,2718,2087,3589,15520,10739,21284,0.720972522455
2020-04-27,4,59,,,,,,,141,102,186,2635,2011,3474,15660,10842,21470,0.720958051555
2020-04-28,4,63,,,,,,,137,98,182,2555,1937,3366,15797,10940,21652,0.720944421622
2020-04-29,4,67,,,,,,,133,94,178,2477,1865,3263,15930,11034,21829,0.720931812393
2020-04-30,2,69,,,,,,,129,90,174,2403,1796,3166,16059,11125,22003,0.720920499634
2020-05-01,6,75,,,,,,,125,87,170,2331,1728,3073,16184,11213,22173,0.720910901869
2020-05-02,2,77,,,,,,,121,84,166,2262,1665,2986,16305,11297,22338,0.720903650102
2020-05-03,2,79,,,,,,,118,80,162,2195,1602,2904,16423,11378,22500,0.720899691802
2020-05-04,1,80,,,,,,,114,77,158,2130,1543,2827,16537,11456,22658,0.720900445866
2020-05-05,3,83,,,,,,,111,74,155,2067,1486,2753,16648,11531,22812,0.7209080335
2020-05-06,2,85,,,,,,,107,72,151,2006,1432,2684,16755,11603,22963,0.72092562193
2020-05-07,1,86,,,,,,,104,69,147,1947,1379,2617,16859,11672,23109,0.720957935528
2020-05-08,0,86,,,,,,,101,66,143,1889,1328,2553,16960,11739,23252,0.721012014696
2020-05-09,1,87,,,,,,,98,63,140,1833,1278,2493,17058,11802,23392,0.721098339875
2020-05-10,3,90,,,,,,,95,60,136,1778,1229,2434,17153,11863,23527,0.721232490412
2020-05-11,1,91,,,,,,,92,58,133,1725,1181,2376,17245,11921,23659,0.721437579586
2020-05-12,0,91,,,,,,,89,56,129,1673,1136,2318,17334,11978,23788,0.721747799728
2020-05-13,3,94,,,,,,,86,54,125,1623,1091,2261,17420,12032,23912,0.72221351908
2020-05-14,0,94,,,,,,,83,52,122,1573,1049,2205,17503,12084,24034,0.722908467922
2020-05-15,1,95,,,,,,,80,50,118,1525,1008,2149,17583,12134,24151,0.72393956052
2020-05-16,0,95,,,,,,,78,48,115,1478,969,2093,17661,12182,24265,0.72545964614
2020-05-17,0,95,,,,,,,75,46,112,1432,931,2039,17737,12229,24377,0.727682607021
2020-05-18,0,95,,,,,,,73,44,109,1387,895,1985,17810,12273,24485,0.730898089858
2020-05-19,1,96,,,,,,,71,42,106,1343,860,1932,17880,12316,24590,0.735478908863
2020-05-20,0,96,,,,,,,69,41,103,1301,827,1881,17949,12358,24693,0.741867324656
2020-05-21,1,97,,,,,,,67,40,101,1260,794,1831,18015,12398,24793,0.750518915878
2020-05-22,2,99,,,,,,,65,38,99,1221,764,1783,18080,12436,24891,0.761782677115
2020-05-23,0,99,,,,,,,64,37,97,1184,735,1736,18144,12474,24988,0.775719192263
2020-05-24,0,99,,,,,,,62,36,95,1148,708,1692,18206,12510,25083,0.791916510983
2020-05-25,1,100,,,,,,,61,35,93,1115,682,1649,18268,12546,25176,0.809427416819
2020-05-26,1,101,,,,,,,61,34,92,1084,659,1608,18329,12581,25267,0.822634424486
2020-05-27,0,101,,,,,,,60,34,91,1055,637,1571,18389,12615,25358,0.835268187988
2020-05-28,1,102,,,,,,,60,34,91,1029,617,1537,18449,12649,25449,0.846850864449
2020-05-29,1,103,,,,,,,60,34,91,1005,599,1506,18508,12683,25539,0.857063438338
2020-05-30,0,103,,,,,,,59,33,90,984,582,1478,18567,12717,25628,0.86576257036
2020-05-31,0,103,,,,,,,59,33,90,965,567,1453,18627,12750,25718,0.872957227008
2020-06-01,0,103,,,,,,,59,32,90,949,554,1432,18686,12783,25808,0.878763701528
2020-06-02,0,103,,,,,,,59,32,90,935,542,1413,18745,12816,25898,0.883357759004
2020-06-03,0,103,,,,,,,59,32,91,923,532,1399,18803,12849,25988,0.886935616479
2020-06-04,0,103,,,,,,,59,32,92,914,523,1388,18862,12881,26080,0.889687734427
2020-06-05,0,103,,,,,,,59,31,93,906,514,1380,18921,12913,26173,0.891784356882
2020-06-06,1,104,,,,,,,59,31,95,900,507,1376,18980,12944,26267,0.893369676093
2020-06-07,0,104,,,,,,,59,31,96,895,501,1375,19039,12976,26362,0.894561374619
2020-06-08,0,104,,,,,,,59,30,97,892,496,1376,19098,13007,26458,0.895453013286
2020-06-09,2,106,,,,,,,59,30,97,889,491,1380,19157,13037,26555,0.896117585777
2020-06-10,0,106,,,,,,,59,29,97,888,486,1385,19216,13067,26651,0.896611264904
2020-06-11,0,106,,,,,,,59,29,98,887,481,1391,19276,13096,26749,0.896976848035
2020-06-12,1,107,,,,,,,59,29,99,886,476,1399,19335,13125,26847,0.897246703054
2020-06-13,0,107,,,,,,,59,28,100,886,470,1408,19394,13154,26947,0.897445177923
2020-06-14,0,107,,,,,,,60,28,100,886,465,1418,19454,13182,27046,0.897590514951
2020-06-15,0,107,,,,,,,60,27,101,887,460,1429,19514,13210,27147,0.897696341698
2020-06-16,,,0,0,1,107,107,108,60,27,102,888,454,1441,19573,13238,27248,
2020-06-17,,,0,0,1,108,107,108,60,27,104,889,448,1454,19633,13265,27351,
2020-06-18,,,0,0,1,108,107,109,60,26,105,890,443,1468,19693,13292,27456,
2020-06-19,,,0,0,1,108,107,109,60,26,107,891,437,1483,19754,13318,27562,
2020-06-20,,,0,0,1,109,107,110,60,25,108,893,431,1497,19814,13344,27669,
2020-06-21,,,0,0,1,109,108,110,60,25,110,894,425,1512,19874,13370,27778,
2020-06-22,,,0,0,1,109,108,111,61,25,111,896,419,1527,19935,13395,27889,
2020-06-23,,,0,0,1,110,108,111,61,25,113,898,413,1543,19996,13420,28001,
2020-06-24,,,0,0,1,110,108,112,61,24,114,900,407,1561,20057,13445,28115,
2020-06-25,,,0,0,1,110,108,112,61,24,115,902,402,1579,20118,13469,28230,
2020-06-26,,,0,0,1,111,108,113,61,23,117,903,396,1598,20179,13493,28346,
2020-06-27,,,0,0,1,111,109,113,61,23,118,905,391,1617,20240,13517,28463,
2020-06-28,,,0,0,1,111,109,114,61,23,119,907,385,1636,20301,13540,28582,
2020-06-29,,,0,0,1,111,109,114,61,22,120,908,380,1656,20362,13563,28702,
2020-06-30,,,0,0,1,112,109,115,61,22,121,909,374,1676,20423,13585,28822,
2020-07-01,,,0,0,1,112,109,115,61,22,122,910,369,1696,20484,13608,28944,
2020-07-02,,,0,0,1,112,109,116,61,21,123,911,364,1716,20544,13629,29066,
2020-07-03,,,0,0,1,113,110,116,61,21,124,912,359,1734,20605,13651,29190,
2020-07-04,,,0,0,1,113,110,117,60,21,125,912,354,1753,20666,13672,29314,
2020-07-05,,,0,0,1,113,110,117,60,21,126,912,349,1770,20726,13694,29439,
2020-07-06,,,0,0,1,114,110,118,60,20,126,911,345,1787,20786,13715,29565,
2020-07-07,,,0,0,1,114,110,119,60,20,127,911,340,1803,20846,13735,29691,
2020-07-08,,,0,0,1,114,110,119,60,20,127,910,336,1817,20905,13756,29818,
2020-07-09,,,0,0,1,115,111,120,59,20,128,908,331,1831,20965,13777,29945,
2020-07-10,,,0,0,1,115,111,120,59,20,128,906,327,1843,21024,13797,30072,
2020-07-11,,,0,0,1,115,111,121,59,20,128,904,324,1854,21083,13817,30200,
2020-07-12,,,0,0,1,116,111,121,58,20,128,901,320,1864,21141,13837,30327,
2020-07-13,,,0,0,1,116,111,122,58,19,128,899,317,1874,21199,13857,30455,
2020-07-14,,,0,0,1,116,111,123,58,19,129,895,314,1882,21257,13877,30583,
2020-07-15,,,0,0,1,117,111,123,57,19,129,892,311,1890,21315,13897,30711,
2020-07-16,,,0,0,1,117,112,124,57,19,129,888,308,1897,21372,13916,30840,
2020-07-17,,,0,0,1,117,112,124,57,19,129,884,305,1903,21428,13935,30969,
2020-07-18,,,0,0,1,118,112,125,56,18,129,880,302,1908,21485,13954,31097,
2020-07-19,,,0,0,1,118,112,126,56,18,129,875,299,1913,21541,13972,31226,
2020-07-20,,,0,0,1,118,112,126,55,18,129,870,297,1916,21596,13991,31355,
2020-07-21,,,0,0,1,119,112,127,55,18,129,865,294,1919,21651,14009,31484,
2020-07-22,,,0,0,1,119,112,128,55,18,129,860,291,1921,21706,14027,31612,
2020-07-23,,,0,0,1,119,112,128,54,17,128,855,288,1921,21760,14045,31739,
2020-07-24,,,0,0,1,120,112,129,54,17,127,849,286,1921,21814,14063,31866,
2020-07-25,,,0,0,1,120,113,129,53,17,127,843,283,1920,21867,14080,31992,
2020-07-26,,,0,0,1,120,113,130,53,17,126,837,280,1918,21920,14097,32117,
2020-07-27,,,0,0,1,120,113,131,52,17,125,831,277,1915,21972,14115,32242,
2020-07-28,,,0,0,1,121,113,131,52,17,124,825,274,1911,22024,14132,32365,
2020-07-29,,,0,0,1,121,113,132,52,16,123,819,271,1905,22076,14149,32488,
2020-07-30,,,0,0,1,121,113,133,51,16,122,813,268,1899,22127,14165,32610,
2020-07-31,,,0,0,1,122,113,134,51,16,122,806,266,1892,22178,14182,32731,
2020-08-01,,,0,0,1,122,113,134,50,16,122,800,264,1884,22228,14199,32852,
2020-08-02,,,0,0,1,122,113,135,50,16,121,794,261,1876,22278,14216,32973,
2020-08-03,,,0,0,1,123,114,136,50,16,121,787,259,1867,22328,14232,33093,
2020-08-04,,,0,0,1,123,114,136,49,16,120,781,257,1858,22377,14248,33212,
2020-08-05,,,0,0,1,123,114,137,49,16,120,775,255,1849,22426,14265,33332,
2020-08-06,,,0,0,1,124,114,138,48,16,120,768,253,1840,22474,14281,33451,
2020-08-07,,,0,0,1,124,114,138,48,16,120,762,252,1831,22522,14297,33570,
2020-08-08,,,0,0,1,124,114,139,48,15,119,756,250,1823,22570,14313,33689,
2020-08-09,,,0,0,1,125,114,140,47,15,119,750,248,1816,22617,14329,33807,
2020-08-10,,,0,0,1,125,114,140,47,15,119,744,246,1809,22664,14344,33926,
2020-08-11,,,0,0,1,125,114,141,46,15,119,738,245,1803,22710,14360,34044,
2020-08-12,,,0,0,1,125,115,142,46,15,118,732,243,1797,22756,14375,34162,
2020-08-13,,,0,0,1,126,115,142,46,15,118,726,241,1792,22802,14390,34280,
2020-08-14,,,0,0,1,126,115,143,45,14,118,720,239,1788,22848,14405,34397,
2020-08-15,,,0,0,1,126,115,144,45,14,118,715,237,1783,22893,14420,34514,
2020-08-16,,,0,0,1,127,115,144,45,14,117,709,235,1779,22937,14434,34631,
2020-08-17,,,0,0,1,127,115,145,44,14,117,704,233,1775,22982,14449,34747,
2020-08-18,,,0,0,1,127,115,146,44,14,116,698,230,1771,23026,14463,34863,
2020-08-19,,,0,0,1,127,115,146,44,14,116,693,228,1766,23070,14477,34978,
2020-08-20,,,0,0,1,128,115,147,44,14,115,688,226,1762,23114,14491,35093,
2020-08-21,,,0,0,1,128,115,148,43,13,114,683,224,1756,23157,14505,35207,
2020-08-22,,,0,0,1,128,115,148,43,13,114,678,221,1751,23200,14519,35320,
2020-08-23,,,0,0,1,128,116,149,43,13,113,673,219,1745,23243,14533,35433,
2020-08-24,,,0,0,1,129,116,150,42,13,113,668,217,1738,23285,14547,35545,
2020-08-25,,,0,0,1,129,116,150,42,13,112,663,215,1731,23327,14560,35656,
2020-08-26,,,0,0,1,129,116,151,42,13,111,659,213,1723,23369,14574,35767,
2020-08-27,,,0,0,1,130,116,152,42,13,111,654,212,1715,23411,14587,35877,
2020-08-28,,,0,0,1,130,116,152,41,13,110,650,210,1707,23452,14600,35986,
2020-08-29,,,0,0,1,130,116,153,41,13,109,646,208,1698,23493,14614,36095,
2020-08-30,,,0,0,1,130,116,153,41,13,108,642,207,1689,23534,14627,36203,
2020-08-31,,,0,0,1,131,116,154,41,13,108,638,205,1680,23575,14640,36310,
2020-09-01,,,0,0,1,131,116,155,41,13,107,634,204,1670,23616,14653,36417,
2020-09-02,,,0,0,1,131,116,155,40,12,106,630,203,1660,23656,14666,36523,
2020-09-03,,,0,0,1,131,116,156,40,12,106,626,201,1650,23696,14679,36628,
2020-09-04,,,0,0,1,132,117,157,40,12,105,623,200,1640,23736,14692,36733,
2020-09-05,,,0,0,1,132,117,157,40,12,104,619,199,1630,23776,14705,36836,
2020-09-06,,,0,0,1,132,117,158,40,12,104,616,198,1620,23815,14717,36940,
2020-09-07,,,0,0,1,132,117,159,39,12,103,612,197,1610,23855,14730,37042,
2020-09-08,,,0,0,1,133,117,159,39,12,102,609,196,1599,23894,14743,37144,
2020-09-09,,,0,0,1,133,117,160,39,12,102,606,195,1589,23933,14755,37245,
2020-09-10,,,0,0,1,133,117,160,39,12,101,603,194,1578,23972,14768,37345,
2020-09-11,,,0,0,1,133,117,161,39,12,100,600,193,1568,24010,14781,37445,
2020-09-12,,,0,0,1,133,117,162,38,12,99,597,192,1558,24049,14793,37543,
2020-09-13,,,0,0,1,134,117,162,38,12,99,594,191,1547,24087,14806,37642,
2020-09-14,,,0,0,1,134,117,163,38,12,98,591,191,1537,24125,14818,37739,
2020-09-15,,,0,0,1,134,117,163,38,12,97,588,190,1526,24163,14830,37836,
2020-09-16,,,0,0,1,134,117,164,38,12,97,586,189,1516,24201,14843,37932,
2020-09-17,,,0,0,1,135,118,165,38,12,96,583,189,1505,24239,14855,38027,
2020-09-18,,,0,0,1,135,118,165,38,12,95,581,188,1494,24277,14867,38122,
2020-09-19,,,0,0,1,135,118,166,37,12,94,578,187,1484,24314,14880,38216,
2020-09-20,,,0,0,1,135,118,166,37,12,94,576,187,1473,24351,14892,38309,
2020-09-21,,,0,0,1,135,118,167,37,12,93,573,186,1463,24389,14904,38402,
2020-09-22,,,0,0,1,136,118,167,37,12,92,571,186,1452,24426,14916,38494,
2020-09-23,,,0,0,1,136,118,168,37,12,92,569,185,1442,24463,14929,38585,
2020-09-24,,,0,0,1,136,118,169,37,12,91,567,185,1431,24500,14941,38675,
2020-09-25,,,0,0,1,136,118,169,37,12,90,565,184,1420,24536,14953,38765,
2020-09-26,,,0,0,1,137,118,170,37,12,90,563,184,1410,24573,14965,38854,
2020-09-27,,,0,0,1,137,118,170,37,12,89,561,184,1399,24609,14977,38942,
2020-09-28,,,0,0,1,137,118,171,36,12,88,559,183,1389,24646,14989,39030,
2020-09-29,,,0,0,1,137,118,171,36,12,87,557,183,1378,24682,15001,39117,
2020-09-30,,,0,0,1,137,118,172,36,12,87,555,182,1368,24718,15013,39203,
2020-10-01,,,0,0,1,138,119,172,36,12,86,553,182,1357,24754,15025,39289,
