date,actual_deaths,total_deaths,predicted_deaths_mean,predicted_deaths_lower,predicted_deaths_upper,predicted_total_deaths_mean,predicted_total_deaths_lower,predicted_total_deaths_upper,predicted_new_infected_mean,predicted_new_infected_lower,predicted_new_infected_upper,predicted_current_infected_mean,predicted_current_infected_lower,predicted_current_infected_upper,predicted_total_infected_mean,predicted_total_infected_lower,predicted_total_infected_upper,r_values_mean
2020-02-27,,,,,,,,,316,213,350,316,213,350,316,213,350,2.2794604914
2020-02-28,,,,,,,,,316,213,350,632,426,700,632,426,700,2.26525593671
2020-02-29,,,,,,,,,316,213,350,948,639,1050,948,639,1050,2.26025560435
2020-03-01,,,,,,,,,316,213,350,1265,852,1400,1265,852,1400,2.253508943
2020-03-02,,,,,,,,,316,213,350,1581,1066,1750,1581,1066,1750,2.24442301682
2020-03-03,,,,,,,,,316,213,350,1897,1279,2100,1897,1279,2100,2.23221976798
2020-03-04,,,,,,,,,316,213,350,2213,1492,2450,2213,1492,2450,2.21589309371
2020-03-05,,,,,,,,,316,213,350,2529,1705,2800,2529,1705,2800,2.19417121917
2020-03-06,,,,,,,,,316,213,350,2845,1919,3150,2845,1919,3150,2.16550333026
2020-03-07,,,,,,,,,984,626,1266,3829,2545,4416,3829,2545,4416,2.12771275451
2020-03-08,,,,,,,,,964,637,1248,4794,3183,5663,4794,3183,5663,2.07963811614
2020-03-09,,,,,,,,,1009,640,1336,5803,3824,6999,5803,3824,6999,2.01903189341
2020-03-10,,,,,,,,,1108,726,1514,6911,4550,8512,6911,4550,8512,1.94455461603
2020-03-11,,,,,,,,,1316,853,1837,8227,5404,10349,8227,5404,10349,1.85539562683
2020-03-12,,,,,,,,,1615,1011,2250,9842,6416,12598,9842,6416,12598,1.75174940935
2020-03-13,,,,,,,,,1778,1080,2447,11304,7284,14695,11620,7497,15045,1.63517437807
2020-03-14,,,,,,,,,1856,1079,2661,12844,8150,17006,13476,8577,17706,1.50878599932
2020-03-15,,,,,,,,,1920,1064,2855,14448,9002,19510,15396,9641,20560,1.37709765403
2020-03-16,,,,,,,,,1966,1043,2793,16098,9832,21953,17363,10685,23353,1.24546700298
2020-03-17,,,,,,,,,2002,1046,2767,17784,10665,24369,19365,11731,26119,1.11940755332
2020-03-18,,,,,,,,,1982,1041,2787,19451,11493,26806,21348,12772,28906,1.00390380297
2020-03-19,,,,,,,,,1915,1025,2694,21049,12306,29150,23262,13798,31600,0.902802693122
2020-03-20,,,,,,,,,1824,1007,2514,22557,13100,31313,25086,14806,34113,0.818333003357
2020-03-21,,,,,,,,,1727,989,2381,23968,13876,33343,26813,15795,36493,0.75084830695
2020-03-22,1,1,,,,,,,1632,972,2224,24616,14222,34302,28445,16768,38717,0.698990726583
2020-03-23,0,1,,,,,,,1539,959,2096,25191,14544,35150,29985,17727,40813,0.660304251578
2020-03-24,2,3,,,,,,,1447,942,1947,25629,14846,35762,31432,18670,42760,0.631998329137
2020-03-25,3,6,,,,,,,1358,923,1798,25879,15043,36045,32790,19593,44557,0.611508473721
2020-03-26,3,9,,,,,,,1275,904,1681,25838,15093,35890,34065,20498,46238,0.59674378831
2020-03-27,0,9,,,,,,,1199,888,1573,25421,14969,35213,35264,21386,47811,0.586111995188
2020-03-28,2,11,,,,,,,1130,866,1470,24773,14755,34236,36393,22252,49280,0.578444825684
2020-03-29,5,16,,,,,,,1067,845,1374,23984,14520,32949,37460,23098,50654,0.572900977406
2020-03-30,7,23,,,,,,,1009,814,1287,23072,14271,31380,38469,23912,51940,0.568879522916
2020-03-31,8,31,,,,,,,956,770,1206,22061,13998,29793,39424,24683,53145,0.565952222758
2020-04-01,8,39,,,,,,,908,730,1133,20967,13682,28159,40332,25414,54278,0.563813646777
2020-04-02,5,44,,,,,,,864,688,1059,19848,13330,26431,41196,26103,55336,0.562245428988
2020-04-03,9,53,,,,,,,824,655,1004,18757,12959,24740,42020,26758,56339,0.561090957378
2020-04-04,6,59,,,,,,,788,619,948,17721,12571,23174,42807,27377,57287,0.560237531225
2020-04-05,8,67,,,,,,,754,590,898,16748,12172,21691,43562,27968,58184,0.559603778002
2020-04-06,11,78,,,,,,,724,564,868,15840,11764,20335,44285,28533,59052,0.559130754363
2020-04-07,10,88,,,,,,,696,542,843,14996,11347,19083,44981,29075,59895,0.558775632362
2020-04-08,11,99,,,,,,,670,521,825,14219,10926,17961,45651,29596,60720,0.55850720393
2020-04-09,13,112,,,,,,,646,498,803,13507,10501,16966,46297,30095,61523,0.558302668944
2020-04-10,7,119,,,,,,,624,482,785,12856,10079,16070,46921,30577,62307,0.558145331577
2020-04-11,10,129,,,,,,,603,467,769,12260,9658,15265,47524,31044,63076,0.558022940921
2020-04-12,9,138,,,,,,,584,453,754,11715,9245,14549,48108,31497,63829,0.557926490935
2020-04-13,5,143,,,,,,,566,440,738,11214,8839,13913,48674,31938,64567,0.55784934964
2020-04-14,18,161,,,,,,,549,420,724,10755,8445,13350,49223,32358,65290,0.557786625554
2020-04-15,5,166,,,,,,,533,401,709,10332,8076,12853,49757,32760,65998,0.557734705708
2020-04-16,3,169,,,,,,,518,384,695,9943,7730,12416,50275,33145,66693,0.557690109821
2020-04-17,4,173,,,,,,,504,368,681,9583,7410,12038,50779,33513,67373,0.557650253211
2020-04-18,8,181,,,,,,,490,354,667,9249,7109,11701,51269,33867,68040,0.557613105319
2020-04-19,5,186,,,,,,,477,341,654,8939,6831,11407,51746,34209,68693,0.557580904967
2020-04-20,8,194,,,,,,,465,329,640,8649,6570,11149,52211,34538,69333,0.55755267924
2020-04-21,7,201,,,,,,,453,318,627,8378,6323,10908,52663,34856,69960,0.557526838884
2020-04-22,7,208,,,,,,,441,307,614,8123,6089,10679,53105,35164,70574,0.557507779973
2020-04-23,2,210,,,,,,,430,297,602,7883,5865,10456,53534,35462,71175,0.557489268958
2020-04-24,4,214,,,,,,,419,288,589,7657,5655,10241,53954,35750,71764,0.557471315075
2020-04-25,4,218,,,,,,,409,279,577,7441,5453,10033,54362,36030,72340,0.557453942672
2020-04-26,2,220,,,,,,,398,271,564,7236,5257,9828,54760,36302,72903,0.557437197347
2020-04-27,3,223,,,,,,,388,263,552,7040,5067,9627,55149,36565,73455,0.557421155429
2020-04-28,4,227,,,,,,,378,255,540,6853,4883,9428,55527,36821,73994,0.557405938209
2020-04-29,0,227,,,,,,,369,248,528,6673,4711,9232,55896,37069,74522,0.557391733262
2020-04-30,9,236,,,,,,,359,241,516,6499,4550,9039,56255,37310,75037,0.557378826337
2020-05-01,4,240,,,,,,,350,234,504,6331,4399,8848,56605,37545,75541,0.557367648985
2020-05-02,5,245,,,,,,,341,227,492,6168,4258,8660,56946,37772,76032,0.55735884964
2020-05-03,3,248,,,,,,,332,220,481,6010,4125,8473,57278,37993,76512,0.557353399659
2020-05-04,4,252,,,,,,,323,214,469,5855,3998,8288,57601,38208,76981,0.557352751416
2020-05-05,5,257,,,,,,,314,208,457,5705,3877,8105,57916,38416,77437,0.557359073851
2020-05-06,5,262,,,,,,,306,201,446,5558,3761,7923,58221,38618,77883,0.557375603145
2020-05-07,8,270,,,,,,,297,195,434,5414,3649,7743,58518,38813,78316,0.557407164225
2020-05-08,3,273,,,,,,,288,189,423,5272,3541,7564,58806,39003,78739,0.557460945042
2020-05-09,3,276,,,,,,,280,183,411,5133,3436,7387,59086,39187,79150,0.557547643408
2020-05-10,4,280,,,,,,,271,177,400,4996,3334,7210,59358,39365,79549,0.557683159539
2020-05-11,2,282,,,,,,,263,172,389,4860,3235,7035,59621,39537,79938,0.557891080512
2020-05-12,1,283,,,,,,,255,166,378,4727,3138,6861,59876,39703,80315,0.558206297344
2020-05-13,7,290,,,,,,,247,160,367,4595,3043,6687,60122,39864,80681,0.558680205272
2020-05-14,3,293,,,,,,,239,154,356,4465,2949,6515,60361,40019,81037,0.55938803565
2020-05-15,2,295,,,,,,,231,149,345,4336,2858,6345,60592,40169,81381,0.560438877082
2020-05-16,1,296,,,,,,,223,144,334,4209,2768,6175,60815,40313,81715,0.561988684887
2020-05-17,2,298,,,,,,,215,138,324,4084,2679,6007,61030,40452,82039,0.564255684907
2020-05-18,-1,297,,,,,,,208,134,315,3960,2592,5841,61238,40586,82353,0.567535402983
2020-05-19,5,302,,,,,,,201,129,306,3838,2507,5678,61439,40715,82658,0.572208216779
2020-05-20,2,304,,,,,,,195,125,297,3718,2424,5518,61634,40840,82955,0.57872535424
2020-05-21,2,306,,,,,,,189,121,289,3601,2343,5361,61822,40961,83243,0.58755162404
2020-05-22,6,312,,,,,,,183,117,282,3488,2265,5209,62006,41079,83525,0.599043079109
2020-05-23,2,314,,,,,,,178,114,276,3377,2190,5062,62184,41194,83800,0.613261501788
2020-05-24,1,315,,,,,,,174,111,271,3272,2118,4921,62358,41305,84070,0.629786550147
2020-05-25,2,317,,,,,,,170,109,266,3170,2049,4787,62528,41415,84336,0.647651763704
2020-05-26,0,317,,,,,,,165,106,261,3072,1983,4659,62693,41521,84596,0.661125677004
2020-05-27,0,317,,,,,,,160,103,256,2977,1920,4537,62853,41624,84852,0.674014690814
2020-05-28,2,319,,,,,,,156,99,256,2887,1859,4426,63009,41724,85107,0.685831362981
2020-05-29,0,319,,,,,,,151,96,255,2799,1801,4325,63160,41821,85361,0.696250237681
2020-05-30,0,319,,,,,,,146,91,254,2714,1743,4235,63306,41912,85615,0.705125103996
2020-05-31,1,320,,,,,,,141,85,253,2632,1685,4153,63446,41998,85868,0.712465148656
2020-06-01,1,321,,,,,,,135,79,252,2551,1625,4080,63581,42077,86119,0.718389065834
2020-06-02,2,323,,,,,,,129,72,250,2472,1563,4015,63710,42150,86368,0.723076229871
2020-06-03,2,325,,,,,,,123,65,249,2394,1499,3958,63833,42215,86616,0.726726870726
2020-06-04,1,326,,,,,,,119,60,246,2318,1435,3907,63952,42276,86861,0.729535339877
2020-06-05,1,327,,,,,,,115,57,243,2245,1371,3861,64067,42333,87104,0.731675330615
2020-06-06,0,327,,,,,,,112,53,241,2173,1308,3820,64179,42387,87344,0.733293882673
2020-06-07,0,327,,,,,,,108,50,238,2103,1243,3781,64286,42438,87581,0.734511030373
2020-06-08,1,328,,,,,,,104,47,234,2033,1179,3745,64391,42485,87815,0.735422246227
2020-06-09,0,328,,,,,,,101,44,232,1964,1114,3711,64491,42529,88046,0.736102009035
2020-06-10,2,330,,,,,,,98,42,229,1897,1050,3679,64589,42571,88275,0.736607622468
2020-06-11,-2,328,,,,,,,95,40,227,1831,987,3650,64685,42611,88501,0.736982732504
2020-06-12,1,329,,,,,,,93,38,224,1768,926,3618,64777,42650,88724,0.737260347098
2020-06-13,-1,328,,,,,,,90,36,222,1707,865,3584,64867,42686,88945,0.737465299845
2020-06-14,1,329,,,,,,,88,35,219,1649,808,3549,64955,42721,89164,0.737616197995
2020-06-15,1,330,,,,,,,86,33,217,1594,756,3513,65040,42755,89380,0.73772694027
2020-06-16,,,1,0,2,331,330,332,83,32,214,1543,710,3475,65124,42787,89594,
2020-06-17,,,1,0,2,332,331,333,82,31,212,1495,669,3438,65206,42819,89806,
2020-06-18,,,1,0,2,333,331,335,80,30,210,1452,634,3399,65285,42849,90015,
2020-06-19,,,1,0,2,333,332,336,78,29,208,1411,603,3361,65363,42879,90222,
2020-06-20,,,1,0,2,334,332,337,76,28,205,1372,574,3323,65440,42908,90427,
2020-06-21,,,1,0,2,335,333,339,75,28,203,1336,548,3286,65514,42936,90630,
2020-06-22,,,1,0,2,336,333,340,73,27,201,1301,526,3250,65588,42964,90831,
2020-06-23,,,1,0,2,336,334,341,72,27,199,1269,505,3215,65660,42991,91030,
2020-06-24,,,1,0,2,337,334,343,71,26,197,1239,488,3181,65730,43017,91226,
2020-06-25,,,1,0,2,338,334,344,69,26,195,1210,471,3147,65800,43043,91421,
2020-06-26,,,1,0,2,338,335,345,68,25,192,1183,457,3112,65868,43069,91612,
2020-06-27,,,1,0,2,339,335,347,67,25,190,1157,444,3078,65934,43094,91801,
2020-06-28,,,1,0,2,340,335,348,65,25,187,1132,433,3043,66000,43119,91988,
2020-06-29,,,1,0,2,340,336,349,64,24,184,1109,422,3008,66064,43144,92172,
2020-06-30,,,1,0,2,341,336,351,63,24,181,1087,413,2973,66127,43169,92352,
2020-07-01,,,1,0,2,341,336,352,62,24,178,1065,405,2937,66189,43193,92530,
2020-07-02,,,1,0,2,342,336,353,61,23,176,1045,397,2900,66250,43217,92705,
2020-07-03,,,1,0,2,342,336,354,60,23,173,1025,391,2863,66310,43240,92877,
2020-07-04,,,0,0,2,343,337,355,59,23,170,1006,385,2825,66369,43264,93047,
2020-07-05,,,0,0,2,343,337,357,58,23,166,988,379,2786,66427,43287,93213,
2020-07-06,,,0,0,2,344,337,358,57,23,163,970,374,2746,66484,43311,93375,
2020-07-07,,,0,0,2,344,337,359,56,23,160,952,370,2705,66540,43334,93535,
2020-07-08,,,0,0,2,345,337,360,55,22,157,936,366,2663,66595,43357,93692,
2020-07-09,,,0,0,2,345,338,361,54,22,154,919,362,2619,66649,43380,93845,
2020-07-10,,,0,0,2,346,338,362,53,22,151,903,358,2575,66703,43402,93996,
2020-07-11,,,0,0,2,346,338,363,53,22,148,888,355,2531,66755,43425,94143,
2020-07-12,,,0,0,2,346,338,364,52,22,144,873,353,2486,66807,43447,94287,
2020-07-13,,,0,0,2,347,338,366,51,22,141,858,350,2440,66858,43470,94428,
2020-07-14,,,0,0,2,347,338,367,50,22,138,844,348,2394,66908,43492,94565,
2020-07-15,,,0,0,2,348,339,368,49,22,135,830,345,2348,66957,43514,94700,
2020-07-16,,,0,0,2,348,339,369,49,22,132,817,343,2301,67006,43537,94831,
2020-07-17,,,0,0,2,348,339,370,48,22,129,804,341,2255,67054,43559,94959,
2020-07-18,,,0,0,2,349,339,371,47,22,126,791,340,2208,67101,43581,95085,
2020-07-19,,,0,0,2,349,339,372,47,21,123,779,338,2161,67148,43603,95207,
2020-07-20,,,0,0,1,349,339,373,46,21,120,767,337,2114,67194,43625,95326,
2020-07-21,,,0,0,1,350,339,374,45,21,119,755,335,2069,67239,43646,95444,
2020-07-22,,,0,0,1,350,339,375,45,21,117,744,334,2026,67284,43668,95561,
2020-07-23,,,0,0,1,350,340,376,44,21,114,733,333,1983,67328,43690,95674,
2020-07-24,,,0,0,1,351,340,377,44,21,112,723,332,1941,67372,43712,95786,
2020-07-25,,,0,0,1,351,340,378,43,21,110,712,330,1900,67415,43733,95895,
2020-07-26,,,0,0,1,351,340,378,43,21,107,702,329,1860,67458,43755,96002,
2020-07-27,,,0,0,1,352,340,379,42,21,105,693,328,1821,67500,43776,96107,
2020-07-28,,,0,0,1,352,340,380,42,21,103,684,328,1783,67541,43798,96210,
2020-07-29,,,0,0,1,352,340,381,41,21,101,675,327,1745,67583,43819,96310,
2020-07-30,,,0,0,1,353,340,382,41,21,99,666,326,1710,67623,43841,96409,
2020-07-31,,,0,0,1,353,341,383,40,21,97,657,325,1675,67664,43862,96506,
2020-08-01,,,0,0,1,353,341,383,40,21,96,649,324,1642,67703,43883,96601,
2020-08-02,,,0,0,1,353,341,384,39,21,95,642,323,1611,67743,43905,96695,
2020-08-03,,,0,0,1,354,341,385,39,21,93,634,323,1581,67782,43926,96787,
2020-08-04,,,0,0,1,354,341,386,39,21,91,627,322,1553,67821,43947,96878,
2020-08-05,,,0,0,1,354,341,387,38,21,90,620,321,1524,67859,43968,96968,
2020-08-06,,,0,0,1,355,341,387,38,21,89,613,320,1496,67897,43989,97056,
2020-08-07,,,0,0,1,355,341,388,38,21,87,607,320,1469,67935,44010,97143,
2020-08-08,,,0,0,1,355,342,389,37,21,86,601,319,1442,67973,44031,97228,
2020-08-09,,,0,0,1,355,342,389,37,20,84,595,318,1417,68010,44052,97312,
2020-08-10,,,0,0,1,356,342,390,37,20,83,589,318,1393,68047,44073,97394,
2020-08-11,,,0,0,1,356,342,391,37,20,82,584,317,1369,68083,44094,97476,
2020-08-12,,,0,0,1,356,342,391,36,20,81,578,316,1347,68120,44115,97556,
2020-08-13,,,0,0,1,356,342,392,36,20,80,574,316,1326,68156,44136,97635,
2020-08-14,,,0,0,1,357,342,392,36,20,79,569,315,1305,68192,44156,97713,
2020-08-15,,,0,0,1,357,342,393,36,20,78,564,315,1285,68228,44177,97791,
2020-08-16,,,0,0,1,357,343,394,36,20,77,560,314,1266,68263,44198,97867,
2020-08-17,,,0,0,1,357,343,394,35,20,76,556,313,1248,68299,44219,97942,
2020-08-18,,,0,0,1,357,343,395,35,20,75,552,313,1229,68334,44239,98016,
2020-08-19,,,0,0,1,358,343,395,35,20,74,548,312,1212,68369,44260,98090,
2020-08-20,,,0,0,1,358,343,396,35,20,73,544,312,1195,68404,44280,98162,
2020-08-21,,,0,0,1,358,343,396,35,20,72,541,311,1179,68438,44301,98234,
2020-08-22,,,0,0,1,358,343,397,35,20,72,538,311,1163,68473,44321,98305,
2020-08-23,,,0,0,1,359,343,397,34,20,71,535,310,1148,68507,44342,98375,
2020-08-24,,,0,0,1,359,343,398,34,20,70,532,310,1134,68542,44362,98445,
2020-08-25,,,0,0,1,359,344,398,34,20,69,529,309,1120,68576,44383,98514,
2020-08-26,,,0,0,1,359,344,399,34,20,69,526,308,1107,68610,44403,98582,
2020-08-27,,,0,0,1,359,344,399,34,20,68,524,308,1094,68644,44423,98650,
2020-08-28,,,0,0,1,360,344,400,34,20,68,521,307,1082,68677,44444,98717,
2020-08-29,,,0,0,1,360,344,400,34,20,67,519,307,1070,68711,44464,98783,
2020-08-30,,,0,0,1,360,344,401,34,20,66,517,306,1059,68745,44484,98849,
2020-08-31,,,0,0,1,360,344,401,33,20,66,515,306,1048,68778,44504,98915,
2020-09-01,,,0,0,1,360,344,402,33,20,65,513,305,1038,68811,44524,98980,
2020-09-02,,,0,0,1,361,344,402,33,20,65,511,305,1028,68845,44545,99044,
2020-09-03,,,0,0,1,361,345,402,33,20,64,509,304,1019,68878,44565,99108,
2020-09-04,,,0,0,1,361,345,403,33,20,64,507,304,1010,68911,44585,99171,
2020-09-05,,,0,0,1,361,345,403,33,20,64,506,304,1001,68944,44605,99234,
2020-09-06,,,0,0,1,361,345,404,33,20,63,504,303,993,68977,44625,99297,
2020-09-07,,,0,0,1,362,345,404,33,20,63,503,303,985,69010,44645,99359,
2020-09-08,,,0,0,1,362,345,405,33,20,62,501,303,977,69043,44665,99421,
2020-09-09,,,0,0,1,362,345,405,33,20,62,500,302,969,69076,44686,99483,
2020-09-10,,,0,0,1,362,345,405,33,20,62,499,302,962,69108,44706,99544,
2020-09-11,,,0,0,1,362,345,406,33,20,61,498,302,956,69141,44726,99605,
2020-09-12,,,0,0,1,362,346,406,33,20,61,497,302,949,69174,44746,99665,
2020-09-13,,,0,0,1,363,346,406,33,20,61,496,302,943,69206,44766,99726,
2020-09-14,,,0,0,1,363,346,407,33,20,60,495,302,937,69239,44786,99786,
2020-09-15,,,0,0,1,363,346,407,33,20,60,494,301,931,69272,44806,99845,
2020-09-16,,,0,0,1,363,346,408,32,20,60,493,301,926,69304,44826,99905,
2020-09-17,,,0,0,1,363,346,408,32,20,60,492,301,920,69336,44846,99964,
2020-09-18,,,0,0,1,364,346,408,32,20,59,491,301,915,69369,44866,100023,
2020-09-19,,,0,0,1,364,346,409,32,20,59,490,301,910,69401,44887,100081,
2020-09-20,,,0,0,1,364,346,409,32,20,59,489,301,906,69434,44907,100140,
2020-09-21,,,0,0,1,364,347,409,32,20,59,489,301,901,69466,44927,100198,
2020-09-22,,,0,0,1,364,347,410,32,20,58,488,301,897,69498,44947,100256,
2020-09-23,,,0,0,1,364,347,410,32,20,58,487,301,893,69530,44967,100314,
2020-09-24,,,0,0,1,365,347,410,32,20,58,487,301,889,69563,44987,100371,
2020-09-25,,,0,0,1,365,347,411,32,20,58,486,301,885,69595,45007,100428,
2020-09-26,,,0,0,1,365,347,411,32,20,58,486,301,881,69627,45027,100486,
2020-09-27,,,0,0,1,365,347,411,32,20,58,485,301,878,69659,45047,100543,
2020-09-28,,,0,0,1,365,347,412,32,20,57,485,301,874,69691,45067,100600,
2020-09-29,,,0,0,1,366,347,412,32,20,57,484,301,871,69723,45087,100656,
2020-09-30,,,0,0,1,366,347,412,32,20,57,484,301,868,69755,45107,100713,
2020-10-01,,,0,0,1,366,348,413,32,20,57,483,301,865,69787,45127,100769,
