date,actual_deaths,total_deaths,predicted_deaths_mean,predicted_deaths_lower,predicted_deaths_upper,predicted_total_deaths_mean,predicted_total_deaths_lower,predicted_total_deaths_upper,predicted_new_infected_mean,predicted_new_infected_lower,predicted_new_infected_upper,predicted_current_infected_mean,predicted_current_infected_lower,predicted_current_infected_upper,predicted_total_infected_mean,predicted_total_infected_lower,predicted_total_infected_upper,r_values_mean
2020-02-26,,,,,,,,,38,25,40,38,25,40,38,25,40,1.80877192982
2020-02-27,,,,,,,,,38,25,40,76,50,80,76,50,80,1.79596305342
2020-02-28,,,,,,,,,38,25,40,114,75,120,114,75,120,1.79136250812
2020-02-29,,,,,,,,,38,25,40,153,100,160,153,100,160,1.78510967858
2020-03-01,,,,,,,,,38,25,40,191,125,200,191,125,200,1.77662674402
2020-03-02,,,,,,,,,38,25,40,229,150,240,229,150,240,1.76515978269
2020-03-03,,,,,,,,,38,25,40,267,175,280,267,175,280,1.74976135081
2020-03-04,,,,,,,,,38,25,40,305,200,320,305,200,320,1.72931925315
2020-03-05,,,,,,,,,38,25,40,343,225,360,343,225,360,1.70267744224
2020-03-06,,,,,,,,,101,73,127,445,298,487,445,298,487,1.6687743201
2020-03-07,,,,,,,,,99,72,125,544,370,612,544,370,612,1.62731983527
2020-03-08,,,,,,,,,102,75,132,646,446,743,646,446,743,1.57838294325
2020-03-09,,,,,,,,,109,79,147,754,526,889,754,526,889,1.52277171439
2020-03-10,,,,,,,,,124,89,175,878,615,1064,878,615,1064,1.46167685331
2020-03-11,,,,,,,,,147,98,218,1025,714,1282,1025,714,1282,1.39649411413
2020-03-12,,,,,,,,,160,105,250,1148,794,1491,1186,819,1531,1.32871437186
2020-03-13,,,,,,,,,168,108,273,1277,878,1724,1353,928,1804,1.25991614325
2020-03-14,,,,,,,,,175,111,297,1414,964,1980,1528,1039,2100,1.19181576259
2020-03-15,,,,,,,,,181,115,313,1557,1055,2253,1709,1155,2413,1.12629667034
2020-03-16,,,,,,,,,189,119,328,1708,1149,2540,1899,1274,2740,1.06535808637
2020-03-17,,,,,,,,,194,123,334,1864,1248,2834,2093,1398,3074,1.01091206924
2020-03-18,,,,,,,,,196,126,332,2021,1349,3126,2289,1524,3406,0.964423677614
2020-03-19,,,,,,,,,197,128,325,2180,1453,3410,2485,1653,3730,0.926535124424
2020-03-20,,,,,,,,,197,130,319,2338,1559,3688,2682,1784,4048,0.896923141091
2020-03-21,1,1,,,,,,,197,133,314,2434,1619,3876,2879,1917,4362,0.874521423028
2020-03-22,0,1,,,,,,,197,135,310,2531,1683,4060,3075,2053,4671,0.857940041778
2020-03-23,0,1,,,,,,,196,137,305,2625,1744,4233,3271,2191,4976,0.845819949339
2020-03-24,1,2,,,,,,,195,138,300,2711,1803,4386,3465,2329,5275,0.837013578937
2020-03-25,2,4,,,,,,,193,140,294,2780,1854,4505,3658,2469,5569,0.830626740182
2020-03-26,0,4,,,,,,,192,141,289,2825,1897,4575,3850,2611,5857,0.825992136537
2020-03-27,1,5,,,,,,,190,143,283,2854,1935,4608,4040,2754,6139,0.822622675031
2020-03-28,2,7,,,,,,,189,143,278,2875,1970,4613,4229,2898,6416,0.820166453363
2020-03-29,0,7,,,,,,,187,143,271,2888,2002,4588,4416,3042,6687,0.818370266133
2020-03-30,0,7,,,,,,,185,143,264,2892,2030,4538,4601,3185,6950,0.817052051216
2020-03-31,1,8,,,,,,,184,143,255,2886,2054,4465,4785,3328,7205,0.816080754373
2020-04-01,0,8,,,,,,,182,143,249,2874,2074,4380,4966,3472,7453,0.815361847029
2020-04-02,1,9,,,,,,,180,142,244,2858,2090,4291,5146,3614,7696,0.814826979705
2020-04-03,0,9,,,,,,,178,142,239,2840,2103,4205,5325,3757,7935,0.814426608508
2020-04-04,2,11,,,,,,,177,141,235,2819,2114,4121,5501,3899,8169,0.814124734833
2020-04-05,2,13,,,,,,,175,141,230,2797,2122,4037,5676,4040,8399,0.813895141292
2020-04-06,2,15,,,,,,,173,140,226,2774,2127,3953,5849,4181,8624,0.81371869146
2020-04-07,0,15,,,,,,,171,140,222,2749,2130,3870,6020,4321,8845,0.813581388079
2020-04-08,0,15,,,,,,,169,139,218,2724,2130,3788,6189,4460,9063,0.813472973936
2020-04-09,1,16,,,,,,,167,138,214,2698,2129,3708,6357,4599,9276,0.813385920951
2020-04-10,6,22,,,,,,,166,136,210,2672,2124,3629,6522,4735,9485,0.813314696864
2020-04-11,1,23,,,,,,,164,135,206,2646,2116,3552,6686,4871,9690,0.813255231404
2020-04-12,0,23,,,,,,,162,133,202,2619,2106,3476,6848,5004,9892,0.813204526714
2020-04-13,1,24,,,,,,,160,132,198,2592,2095,3403,7007,5137,10090,0.813160372715
2020-04-14,5,29,,,,,,,158,131,195,2564,2084,3335,7165,5269,10284,0.813121138924
2020-04-15,1,30,,,,,,,156,129,193,2537,2070,3272,7322,5399,10477,0.813084942821
2020-04-16,2,32,,,,,,,154,128,189,2509,2055,3212,7476,5527,10665,0.813051465344
2020-04-17,1,33,,,,,,,152,125,185,2482,2038,3154,7628,5653,10850,0.813020101728
2020-04-18,0,33,,,,,,,150,123,182,2454,2019,3098,7778,5776,11032,0.812990079552
2020-04-19,2,35,,,,,,,148,120,181,2426,1998,3044,7927,5897,11212,0.812961155892
2020-04-20,2,37,,,,,,,146,118,178,2397,1975,2991,8073,6015,11390,0.812933599597
2020-04-21,1,38,,,,,,,145,115,175,2369,1950,2940,8218,6131,11564,0.812909702363
2020-04-22,0,38,,,,,,,143,113,173,2341,1923,2891,8360,6245,11736,0.812886146591
2020-04-23,2,40,,,,,,,141,111,171,2312,1895,2845,8501,6356,11907,0.812862949951
2020-04-24,0,40,,,,,,,139,108,169,2283,1866,2801,8640,6465,12076,0.812840138081
2020-04-25,1,41,,,,,,,137,106,168,2254,1835,2759,8776,6571,12243,0.812817748404
2020-04-26,0,41,,,,,,,135,104,166,2225,1805,2718,8911,6676,12408,0.812795835939
2020-04-27,0,41,,,,,,,133,102,164,2196,1773,2680,9044,6778,12572,0.812774481974
2020-04-28,3,44,,,,,,,131,99,162,2167,1740,2644,9174,6878,12733,0.812753807002
2020-04-29,1,45,,,,,,,129,97,160,2138,1706,2609,9303,6975,12893,0.812733990021
2020-04-30,0,45,,,,,,,127,95,158,2108,1671,2574,9430,7071,13051,0.812715297302
2020-05-01,0,45,,,,,,,125,93,156,2078,1637,2541,9554,7165,13206,0.812698125295
2020-05-02,1,46,,,,,,,123,91,154,2049,1602,2510,9677,7256,13360,0.812683064618
2020-05-03,0,46,,,,,,,121,89,152,2019,1569,2480,9797,7345,13511,0.812670995446
2020-05-04,0,46,,,,,,,118,87,150,1989,1535,2449,9916,7433,13661,0.812663229684
2020-05-05,0,46,,,,,,,116,85,148,1959,1502,2419,10032,7518,13808,0.812661722746
2020-05-06,2,48,,,,,,,114,83,146,1929,1470,2390,10146,7601,13953,0.812669388815
2020-05-07,1,49,,,,,,,112,81,143,1898,1437,2360,10259,7682,14096,0.812690569626
2020-05-08,0,49,,,,,,,110,79,141,1868,1405,2330,10369,7762,14237,0.81273173046
2020-05-09,0,49,,,,,,,108,77,139,1837,1374,2300,10477,7839,14375,0.81280249098
2020-05-10,1,50,,,,,,,106,75,137,1807,1342,2269,10583,7914,14512,0.812917146562
2020-05-11,0,50,,,,,,,104,73,135,1776,1311,2238,10687,7987,14646,0.8130969014
2020-05-12,0,50,,,,,,,102,71,132,1745,1281,2206,10789,8059,14778,0.813373119612
2020-05-13,4,54,,,,,,,100,69,130,1715,1250,2174,10889,8128,14907,0.813791999333
2020-05-14,0,54,,,,,,,98,67,128,1684,1220,2142,10987,8196,15035,0.814421162693
2020-05-15,0,54,,,,,,,96,65,126,1653,1190,2110,11083,8262,15160,0.815358662842
2020-05-16,1,55,,,,,,,94,64,124,1622,1161,2078,11177,8326,15283,0.81674467678
2020-05-17,1,56,,,,,,,92,62,122,1592,1132,2045,11269,8388,15404,0.818775350036
2020-05-18,3,59,,,,,,,90,60,120,1562,1103,2013,11359,8449,15523,0.821716304483
2020-05-19,1,60,,,,,,,89,59,118,1532,1075,1981,11447,8508,15641,0.825909424583
2020-05-20,0,60,,,,,,,87,57,116,1502,1047,1949,11534,8566,15756,0.831760270444
2020-05-21,1,61,,,,,,,86,56,115,1474,1020,1918,11620,8622,15871,0.839686600364
2020-05-22,0,61,,,,,,,85,55,114,1446,994,1889,11705,8677,15985,0.85000841038
2020-05-23,2,63,,,,,,,84,53,114,1420,969,1862,11789,8731,16099,0.862781189867
2020-05-24,0,63,,,,,,,83,53,115,1395,945,1839,11872,8784,16213,0.877627078766
2020-05-25,0,63,,,,,,,83,51,116,1372,921,1818,11955,8836,16329,0.893677356322
2020-05-26,2,65,,,,,,,83,50,117,1351,898,1800,12038,8886,16446,0.905780475234
2020-05-27,1,66,,,,,,,82,49,119,1331,876,1787,12120,8935,16564,0.917357662601
2020-05-28,2,68,,,,,,,82,48,121,1314,855,1777,12202,8984,16684,0.927970802982
2020-05-29,0,68,,,,,,,83,47,123,1298,835,1773,12285,9031,16807,0.937327349083
2020-05-30,2,70,,,,,,,83,46,126,1286,815,1773,12368,9078,16932,0.945295802828
2020-05-31,0,70,,,,,,,83,45,128,1275,797,1777,12452,9123,17060,0.951884411705
2020-06-01,0,70,,,,,,,84,44,131,1267,779,1786,12535,9168,17190,0.957199851025
2020-06-02,1,71,,,,,,,84,44,134,1261,763,1800,12619,9212,17323,0.961403336263
2020-06-03,0,71,,,,,,,85,43,137,1257,747,1819,12704,9256,17459,0.964674818639
2020-06-04,0,71,,,,,,,85,42,140,1255,732,1843,12789,9298,17598,0.967188953363
2020-06-05,0,71,,,,,,,86,42,143,1255,718,1870,12875,9340,17741,0.969101858631
2020-06-06,0,71,,,,,,,86,41,146,1257,704,1902,12962,9382,17886,0.970545764497
2020-06-07,0,71,,,,,,,87,40,149,1260,691,1937,13048,9423,18035,0.971628592503
2020-06-08,0,71,,,,,,,88,40,153,1264,679,1974,13136,9463,18187,0.972436141969
2020-06-09,1,72,,,,,,,88,39,156,1269,666,2014,13224,9503,18343,0.973035346676
2020-06-10,2,74,,,,,,,89,39,159,1276,655,2056,13313,9542,18501,0.973477713937
2020-06-11,0,74,,,,,,,90,38,163,1283,645,2101,13403,9581,18664,0.973802486148
2020-06-12,0,74,,,,,,,90,38,167,1291,635,2146,13493,9619,18830,0.974039342849
2020-06-13,1,75,,,,,,,91,37,170,1299,625,2193,13584,9656,19000,0.974210609519
2020-06-14,0,75,,,,,,,92,37,174,1308,616,2242,13676,9694,19174,0.974333011885
2020-06-15,1,76,,,,,,,93,36,178,1317,607,2292,13768,9730,19351,0.974419043302
2020-06-16,,,0,0,1,76,76,77,93,36,182,1326,598,2343,13862,9767,19532,
2020-06-17,,,0,0,1,77,76,78,94,35,186,1336,590,2395,13956,9803,19717,
2020-06-18,,,0,0,1,77,76,78,95,35,190,1347,582,2448,14051,9838,19907,
2020-06-19,,,0,0,1,78,77,79,96,35,194,1357,574,2502,14146,9873,20100,
2020-06-20,,,0,0,1,78,77,80,97,34,198,1368,567,2557,14243,9908,20297,
2020-06-21,,,0,0,1,79,77,80,97,34,202,1379,560,2613,14340,9942,20499,
2020-06-22,,,0,0,1,79,77,81,98,34,206,1390,553,2670,14439,9977,20705,
2020-06-23,,,0,0,1,80,78,82,99,33,211,1402,547,2729,14538,10010,20915,
2020-06-24,,,0,0,1,80,78,82,100,33,215,1414,540,2788,14638,10044,21130,
2020-06-25,,,0,0,1,80,78,83,101,32,219,1425,534,2848,14739,10077,21349,
2020-06-26,,,0,0,1,81,78,84,101,32,223,1437,528,2908,14840,10109,21572,
2020-06-27,,,0,0,1,81,78,85,102,32,227,1449,522,2969,14942,10142,21799,
2020-06-28,,,0,0,1,82,79,86,103,31,231,1460,516,3030,15045,10173,22030,
2020-06-29,,,0,0,1,82,79,86,103,31,236,1472,511,3092,15148,10205,22265,
2020-06-30,,,0,0,1,83,79,87,104,31,240,1483,505,3154,15252,10236,22504,
2020-07-01,,,0,0,1,83,79,88,104,30,244,1494,500,3216,15356,10267,22747,
2020-07-02,,,0,0,1,84,80,89,105,30,248,1505,494,3278,15461,10297,22994,
2020-07-03,,,0,0,1,84,80,90,105,30,251,1515,489,3339,15566,10327,23245,
2020-07-04,,,0,0,1,85,80,91,106,29,255,1525,483,3400,15671,10357,23500,
2020-07-05,,,0,0,1,85,80,91,106,29,258,1534,478,3461,15777,10387,23757,
2020-07-06,,,0,0,1,86,80,92,106,29,262,1543,473,3520,15883,10416,24019,
2020-07-07,,,0,0,1,86,81,93,106,28,265,1551,467,3579,15990,10444,24283,
2020-07-08,,,0,0,1,87,81,94,107,28,269,1558,462,3637,16096,10473,24552,
2020-07-09,,,1,0,1,87,81,95,107,27,272,1565,456,3694,16203,10501,24823,
2020-07-10,,,1,0,2,88,81,96,107,27,275,1571,451,3749,16309,10528,25098,
2020-07-11,,,1,0,2,88,81,97,107,27,278,1576,446,3805,16416,10555,25376,
2020-07-12,,,1,0,2,89,82,98,107,26,282,1581,440,3859,16523,10582,25657,
2020-07-13,,,1,0,2,89,82,100,107,26,285,1585,435,3913,16630,10609,25942,
2020-07-14,,,1,0,2,90,82,101,107,26,288,1589,429,3966,16737,10635,26230,
2020-07-15,,,1,0,2,90,82,102,107,25,292,1592,424,4017,16843,10660,26521,
2020-07-16,,,1,0,2,91,82,103,106,25,294,1594,418,4068,16950,10686,26815,
2020-07-17,,,1,0,2,91,82,104,106,25,297,1595,413,4117,17056,10711,27111,
2020-07-18,,,1,0,2,92,83,105,106,24,299,1596,408,4164,17162,10736,27409,
2020-07-19,,,1,0,2,92,83,106,106,24,301,1596,402,4210,17268,10760,27709,
2020-07-20,,,1,0,2,93,83,108,105,24,303,1596,397,4255,17373,10784,28012,
2020-07-21,,,1,0,2,94,83,109,105,23,305,1595,391,4299,17478,10808,28317,
2020-07-22,,,1,0,2,94,83,110,105,23,307,1593,386,4341,17583,10831,28623,
2020-07-23,,,1,0,2,95,83,112,104,23,308,1591,381,4380,17687,10854,28931,
2020-07-24,,,1,0,2,95,84,113,104,22,310,1589,376,4418,17791,10877,29241,
2020-07-25,,,1,0,2,96,84,114,104,22,311,1585,371,4454,17895,10900,29551,
2020-07-26,,,1,0,2,96,84,116,103,22,312,1582,366,4487,17998,10922,29862,
2020-07-27,,,1,0,2,97,84,117,103,21,313,1578,361,4518,18101,10944,30174,
2020-07-28,,,1,0,2,97,84,118,102,21,313,1573,356,4546,18203,10965,30487,
2020-07-29,,,1,0,2,98,84,120,102,21,314,1568,351,4572,18305,10987,30801,
2020-07-30,,,1,0,2,99,85,121,101,21,315,1563,347,4595,18406,11008,31115,
2020-07-31,,,1,0,2,99,85,123,101,20,315,1557,342,4616,18507,11028,31430,
2020-08-01,,,1,0,2,100,85,124,100,20,316,1551,338,4635,18607,11049,31745,
2020-08-02,,,1,0,2,100,85,126,100,20,316,1545,333,4652,18707,11069,32061,
2020-08-03,,,1,0,2,101,85,127,99,20,316,1538,329,4668,18806,11089,32377,
2020-08-04,,,1,0,2,101,85,129,99,19,316,1531,325,4681,18904,11109,32692,
2020-08-05,,,1,0,2,102,85,130,98,19,316,1524,320,4692,19003,11129,33008,
2020-08-06,,,1,0,2,103,86,132,98,19,316,1517,316,4701,19100,11148,33324,
2020-08-07,,,1,0,2,103,86,133,97,19,316,1510,313,4709,19197,11167,33640,
2020-08-08,,,1,0,2,104,86,135,96,19,316,1502,309,4715,19294,11187,33955,
2020-08-09,,,1,0,2,104,86,136,96,18,315,1495,305,4719,19390,11205,34270,
2020-08-10,,,1,0,2,105,86,138,95,18,315,1487,302,4722,19485,11224,34584,
2020-08-11,,,1,0,2,105,86,140,95,18,314,1479,299,4724,19580,11243,34898,
2020-08-12,,,1,0,2,106,86,141,94,18,313,1471,296,4724,19674,11261,35210,
2020-08-13,,,1,0,2,107,86,143,94,18,313,1463,293,4722,19768,11280,35523,
2020-08-14,,,1,0,2,107,87,145,93,18,312,1455,290,4720,19861,11298,35835,
2020-08-15,,,1,0,2,108,87,146,93,18,312,1447,287,4717,19954,11316,36146,
2020-08-16,,,1,0,2,108,87,148,92,18,311,1439,285,4712,20046,11334,36457,
2020-08-17,,,1,0,2,109,87,150,92,17,311,1431,282,4707,20138,11352,36767,
2020-08-18,,,1,0,2,109,87,151,91,17,310,1423,280,4701,20229,11370,37077,
2020-08-19,,,1,0,2,110,87,153,91,17,310,1415,278,4694,20320,11388,37386,
2020-08-20,,,1,0,2,110,87,155,90,17,309,1407,276,4687,20410,11405,37694,
2020-08-21,,,1,0,2,111,87,156,90,17,308,1399,274,4679,20499,11423,38002,
2020-08-22,,,1,0,2,111,87,158,89,17,308,1391,273,4671,20589,11440,38310,
2020-08-23,,,1,0,2,112,88,160,89,17,307,1384,271,4662,20677,11458,38617,
2020-08-24,,,1,0,2,113,88,161,88,17,307,1376,269,4654,20766,11475,38923,
2020-08-25,,,1,0,2,113,88,163,88,17,306,1368,268,4645,20853,11492,39229,
2020-08-26,,,1,0,2,114,88,165,87,17,306,1361,266,4637,20941,11510,39534,
2020-08-27,,,1,0,2,114,88,166,87,17,305,1353,265,4628,21028,11527,39838,
2020-08-28,,,1,0,2,115,88,168,86,17,304,1346,264,4620,21114,11544,40142,
2020-08-29,,,1,0,2,115,88,170,86,17,304,1339,263,4611,21200,11561,40446,
2020-08-30,,,1,0,2,116,88,171,86,17,303,1332,261,4603,21286,11578,40748,
2020-08-31,,,1,0,2,116,88,173,85,16,303,1325,260,4594,21371,11595,41051,
2020-09-01,,,1,0,2,117,89,175,85,16,302,1318,259,4586,21455,11612,41352,
2020-09-02,,,1,0,2,117,89,176,84,16,302,1311,258,4577,21540,11629,41653,
2020-09-03,,,1,0,2,118,89,178,84,16,301,1304,257,4568,21624,11646,41954,
2020-09-04,,,1,0,2,118,89,180,84,16,300,1298,256,4560,21707,11662,42254,
2020-09-05,,,0,0,2,119,89,181,83,16,300,1291,256,4551,21790,11679,42553,
2020-09-06,,,0,0,2,119,89,183,83,16,299,1285,255,4543,21873,11696,42852,
2020-09-07,,,0,0,2,120,89,185,82,16,299,1278,254,4534,21956,11712,43150,
2020-09-08,,,0,0,2,120,89,186,82,16,298,1272,253,4525,22038,11729,43448,
2020-09-09,,,0,0,2,121,89,188,82,16,298,1266,253,4517,22119,11746,43745,
2020-09-10,,,0,0,2,121,89,190,81,16,297,1260,252,4508,22201,11762,44041,
2020-09-11,,,0,0,2,122,90,191,81,16,296,1254,251,4499,22282,11779,44337,
2020-09-12,,,0,0,2,122,90,193,81,16,296,1248,251,4491,22362,11795,44632,
2020-09-13,,,0,0,2,123,90,195,80,16,295,1242,250,4482,22442,11811,44927,
2020-09-14,,,0,0,2,123,90,196,80,16,295,1237,249,4473,22522,11828,45221,
2020-09-15,,,0,0,2,124,90,198,80,16,294,1231,248,4464,22602,11844,45514,
2020-09-16,,,0,0,2,124,90,200,79,16,293,1226,248,4456,22681,11860,45807,
2020-09-17,,,0,0,2,124,90,201,79,15,293,1220,247,4447,22760,11876,46100,
2020-09-18,,,0,0,2,125,90,203,79,15,292,1215,246,4438,22839,11892,46391,
2020-09-19,,,0,0,2,125,90,204,78,15,292,1210,245,4429,22917,11908,46682,
2020-09-20,,,0,0,2,126,90,206,78,15,291,1205,244,4420,22995,11923,46973,
2020-09-21,,,0,0,2,126,90,208,78,15,290,1200,243,4411,23073,11939,47263,
2020-09-22,,,0,0,2,127,91,209,77,15,290,1195,242,4403,23151,11955,47552,
2020-09-23,,,0,0,2,127,91,211,77,15,289,1190,241,4394,23228,11970,47841,
2020-09-24,,,0,0,2,128,91,213,77,15,289,1185,240,4385,23305,11986,48129,
2020-09-25,,,0,0,2,128,91,214,77,15,288,1181,238,4376,23381,12001,48417,
2020-09-26,,,0,0,2,129,91,216,76,15,287,1176,237,4367,23458,12016,48704,
2020-09-27,,,0,0,2,129,91,217,76,15,287,1172,236,4358,23534,12032,48990,
2020-09-28,,,0,0,2,129,91,219,76,15,286,1167,235,4350,23610,12047,49276,
2020-09-29,,,0,0,2,130,91,221,76,15,286,1163,234,4341,23685,12062,49561,
2020-09-30,,,0,0,2,130,91,222,75,15,285,1158,232,4332,23760,12077,49846,
2020-10-01,,,0,0,2,131,91,224,75,15,284,1154,231,4323,23835,12092,50130,
