date,actual_deaths,total_deaths,predicted_deaths_mean,predicted_deaths_lower,predicted_deaths_upper,predicted_total_deaths_mean,predicted_total_deaths_lower,predicted_total_deaths_upper,predicted_new_infected_mean,predicted_new_infected_lower,predicted_new_infected_upper,predicted_current_infected_mean,predicted_current_infected_lower,predicted_current_infected_upper,predicted_total_infected_mean,predicted_total_infected_lower,predicted_total_infected_upper,r_values_mean
2020-02-25,,,,,,,,,83,50,100,83,50,100,83,50,100,1.53642092548
2020-02-26,,,,,,,,,83,50,100,167,100,200,167,100,200,1.53617188899
2020-02-27,,,,,,,,,83,50,100,250,150,300,250,150,300,1.53608418083
2020-02-28,,,,,,,,,83,50,100,334,200,400,334,200,400,1.5359654301
2020-02-29,,,,,,,,,83,50,100,417,250,500,417,250,500,1.5358045606
2020-03-01,,,,,,,,,83,50,100,501,300,600,501,300,600,1.535586494
2020-03-02,,,,,,,,,83,50,100,584,350,700,584,350,700,1.53529067773
2020-03-03,,,,,,,,,83,50,100,668,400,800,668,400,800,1.53488905941
2020-03-04,,,,,,,,,83,50,100,751,450,900,751,450,900,1.53434329569
2020-03-05,,,,,,,,,208,119,280,959,569,1180,959,569,1180,1.53350900575
2020-03-06,,,,,,,,,207,119,279,1166,689,1459,1166,689,1459,1.53248662566
2020-03-07,,,,,,,,,215,123,294,1381,813,1753,1381,813,1753,1.53107947267
2020-03-08,,,,,,,,,233,133,325,1614,946,2077,1614,946,2077,1.52916970206
2020-03-09,,,,,,,,,270,152,389,1885,1098,2466,1885,1098,2466,1.52656975431
2020-03-10,,,,,,,,,328,182,489,2212,1280,2954,2212,1280,2954,1.5230227326
2020-03-11,,,,,,,,,371,204,566,2500,1435,3419,2584,1485,3519,1.51817605657
2020-03-12,,,,,,,,,407,223,631,2824,1608,3950,2991,1708,4150,1.51155095374
2020-03-13,,,,,,,,,448,243,707,3188,1802,4556,3439,1952,4856,1.50251023724
2020-03-14,,,,,,,,,494,267,792,3599,2019,5248,3933,2219,5648,1.49021763892
2020-03-15,,,,,,,,,550,296,890,4065,2266,6038,4482,2516,6538,1.47362707324
2020-03-16,,,,,,,,,604,326,973,4585,2542,6910,5086,2842,7510,1.45154637451
2020-03-17,,,,,,,,,653,356,1031,5154,2849,7841,5739,3199,8541,1.42283551679
2020-03-18,,,,,,,,,697,387,1063,5768,3187,8804,6436,3587,9604,1.38676568942
2020-03-19,,,,,,,,,737,412,1089,6421,3549,9792,7173,3999,10692,1.34340301183
2020-03-20,1,1,,,,,,,773,444,1157,6987,3873,10669,7946,4443,11849,1.29374497719
2020-03-21,0,1,,,,,,,801,477,1201,7581,4231,11591,8747,4921,13050,1.23946679307
2020-03-22,1,2,,,,,,,821,510,1210,8186,4618,12506,9568,5431,14259,1.18247432034
2020-03-23,1,3,,,,,,,830,541,1184,8784,5026,13365,10398,5972,15442,1.12456288185
2020-03-24,0,3,,,,,,,832,568,1138,9346,5442,14114,11230,6541,16579,1.06728903375
2020-03-25,1,4,,,,,,,826,565,1147,9844,5825,14772,12057,7106,17726,1.01198769115
2020-03-26,-3,1,,,,,,,814,558,1137,10287,6179,15344,12871,7665,18863,0.959829933472
2020-03-27,0,1,,,,,,,795,549,1123,10675,6505,15836,13666,8214,19985,0.911855055235
2020-03-28,9,10,,,,,,,772,522,1118,10999,6784,16247,14438,8736,21103,0.86895444712
2020-03-29,3,13,,,,,,,745,502,1095,11250,7018,16549,15182,9238,22197,0.831803264992
2020-03-30,3,16,,,,,,,716,486,1048,11416,7208,16707,15898,9724,23244,0.800748245167
2020-03-31,0,16,,,,,,,686,472,1004,11498,7354,16738,16584,10197,24248,0.775703091717
2020-04-01,12,28,,,,,,,656,455,979,11501,7453,16685,17240,10653,25226,0.756143722029
2020-04-02,3,31,,,,,,,627,436,929,11431,7503,16551,17867,11090,26154,0.741245984043
2020-04-03,8,39,,,,,,,599,418,878,11293,7509,16340,18466,11509,27032,0.730089730288
2020-04-04,5,44,,,,,,,572,403,828,11092,7469,16011,19038,11913,27859,0.721819733049
2020-04-05,7,51,,,,,,,546,389,780,10836,7380,15589,19583,12302,28638,0.715722169122
2020-04-06,7,58,,,,,,,521,375,734,10536,7245,15114,20104,12677,29372,0.711237032892
2020-04-07,3,61,,,,,,,498,360,691,10203,7065,14621,20602,13038,30062,0.707939810631
2020-04-08,4,65,,,,,,,475,345,651,9847,6842,14134,21077,13383,30713,0.70551455424
2020-04-09,1,66,,,,,,,455,328,607,9475,6605,13594,21532,13712,31320,0.703728360004
2020-04-10,5,71,,,,,,,435,314,572,9096,6361,13029,21967,14026,31891,0.702410374651
2020-04-11,3,74,,,,,,,416,302,545,8717,6114,12451,22383,14329,32436,0.701435552127
2020-04-12,6,80,,,,,,,399,290,518,8344,5883,11852,22782,14619,32954,0.700712450402
2020-04-13,5,85,,,,,,,382,279,501,7982,5660,11258,23164,14899,33455,0.700174200478
2020-04-14,9,94,,,,,,,367,267,485,7633,5442,10696,23531,15167,33940,0.699771876576
2020-04-15,5,99,,,,,,,352,256,470,7299,5226,10162,23882,15423,34409,0.699469650162
2020-04-16,4,103,,,,,,,338,246,444,6980,5016,9627,24220,15669,34852,0.699219749849
2020-04-17,7,110,,,,,,,325,236,420,6678,4815,9118,24545,15905,35271,0.699027211363
2020-04-18,7,117,,,,,,,312,226,401,6392,4623,8640,24858,16132,35671,0.698875750384
2020-04-19,5,122,,,,,,,301,217,389,6121,4437,8201,25158,16350,36060,0.69875583038
2020-04-20,3,125,,,,,,,289,208,377,5864,4256,7798,25447,16558,36436,0.698654784728
2020-04-21,5,130,,,,,,,279,199,366,5622,4080,7430,25726,16758,36802,0.698569371488
2020-04-22,4,134,,,,,,,269,191,356,5393,3911,7095,25995,16949,37157,0.698556678403
2020-04-23,5,139,,,,,,,259,183,345,5176,3749,6789,26253,17132,37501,0.698547726148
2020-04-24,5,144,,,,,,,250,176,335,4971,3596,6517,26503,17308,37836,0.698543979521
2020-04-25,7,151,,,,,,,241,169,326,4778,3451,6271,26744,17478,38161,0.698547643547
2020-04-26,5,156,,,,,,,233,161,316,4594,3310,6041,26977,17639,38477,0.698562022203
2020-04-27,6,162,,,,,,,225,155,307,4420,3175,5830,27201,17794,38783,0.698592054626
2020-04-28,6,168,,,,,,,217,149,298,4254,3044,5627,27418,17943,39081,0.6986451112
2020-04-29,5,173,,,,,,,209,143,290,4097,2920,5432,27627,18087,39371,0.698732172781
2020-04-30,6,179,,,,,,,202,138,282,3947,2801,5244,27830,18225,39652,0.698869571311
2020-05-01,0,179,,,,,,,196,132,274,3805,2688,5074,28026,18357,39926,0.699081544535
2020-05-02,10,189,,,,,,,189,125,266,3669,2577,4921,28215,18483,40192,0.699403955401
2020-05-03,4,193,,,,,,,183,121,259,3540,2472,4779,28398,18605,40450,0.69988963958
2020-05-04,4,197,,,,,,,177,117,252,3417,2373,4643,28575,18723,40702,0.700615944973
2020-05-05,3,200,,,,,,,171,113,245,3299,2278,4511,28746,18837,40947,0.701695036703
2020-05-06,3,203,,,,,,,166,108,239,3186,2187,4384,28912,18945,41185,0.703287275111
2020-05-07,3,206,,,,,,,161,104,233,3078,2101,4261,29073,19050,41417,0.705617055929
2020-05-08,3,209,,,,,,,156,101,227,2976,2019,4143,29229,19152,41644,0.708988265543
2020-05-09,6,215,,,,,,,152,98,222,2878,1941,4029,29381,19250,41865,0.713792046785
2020-05-10,0,215,,,,,,,148,95,216,2785,1867,3920,29529,19345,42081,0.720492400741
2020-05-11,3,218,,,,,,,145,93,212,2697,1799,3816,29673,19438,42293,0.729567294647
2020-05-12,2,220,,,,,,,142,91,210,2614,1735,3719,29815,19530,42502,0.741382859213
2020-05-13,2,222,,,,,,,140,89,206,2537,1675,3627,29955,19619,42708,0.756002617221
2020-05-14,2,224,,,,,,,138,87,204,2466,1619,3541,30093,19706,42911,0.772994306468
2020-05-15,1,225,,,,,,,137,85,203,2400,1567,3463,30230,19792,43114,0.791364070973
2020-05-16,3,228,,,,,,,135,83,204,2339,1518,3392,30365,19876,43317,0.805218061025
2020-05-17,2,230,,,,,,,134,82,205,2284,1474,3331,30499,19958,43522,0.818470478391
2020-05-18,1,231,,,,,,,133,80,206,2234,1433,3278,30632,20038,43728,0.83062005399
2020-05-19,3,234,,,,,,,132,78,207,2189,1394,3233,30764,20117,43934,0.841332088353
2020-05-20,1,235,,,,,,,131,76,206,2149,1357,3194,30895,20194,44140,0.850456206194
2020-05-21,2,237,,,,,,,130,75,205,2113,1323,3160,31025,20269,44344,0.858001834395
2020-05-22,0,237,,,,,,,129,72,203,2080,1291,3130,31153,20342,44547,0.864091012767
2020-05-23,1,238,,,,,,,128,70,202,2052,1261,3105,31281,20413,44749,0.868908183709
2020-05-24,0,238,,,,,,,126,68,201,2026,1231,3084,31407,20482,44949,0.872659239021
2020-05-25,1,239,,,,,,,125,67,199,2003,1203,3067,31532,20549,45147,0.875544023598
2020-05-26,0,239,,,,,,,124,64,197,1983,1175,3051,31656,20614,45344,0.877741169142
2020-05-27,1,240,,,,,,,123,63,196,1964,1147,3038,31779,20677,45540,0.879401972909
2020-05-28,1,241,,,,,,,122,61,195,1946,1119,3027,31901,20738,45734,0.88064991274
2020-05-29,1,242,,,,,,,121,59,194,1929,1091,3017,32022,20798,45928,0.881583097951
2020-05-30,0,242,,,,,,,120,57,193,1913,1063,3007,32143,20855,46120,0.882278124029
2020-05-31,1,243,,,,,,,119,56,192,1897,1035,2995,32262,20912,46312,0.882793933966
2020-06-01,1,244,,,,,,,119,55,191,1882,1009,2980,32381,20967,46502,0.883175433433
2020-06-02,1,245,,,,,,,118,54,190,1867,982,2964,32499,21021,46691,0.883456579194
2020-06-03,0,245,,,,,,,117,53,189,1853,957,2945,32616,21075,46879,0.883662907973
2020-06-04,1,246,,,,,,,117,52,188,1838,932,2927,32733,21127,47066,0.883813555555
2020-06-05,1,247,,,,,,,116,51,187,1825,908,2909,32849,21178,47252,0.883922819474
2020-06-06,1,248,,,,,,,116,50,186,1811,886,2891,32965,21229,47437,0.884001357054
2020-06-07,1,249,,,,,,,115,49,185,1799,865,2874,33080,21278,47622,0.884057099106
2020-06-08,1,250,,,,,,,114,48,184,1787,844,2857,33194,21327,47805,0.884095938523
2020-06-09,0,250,,,,,,,114,47,183,1776,824,2841,33308,21374,47987,0.884122251162
2020-06-10,1,251,,,,,,,113,46,191,1765,806,2834,33421,21421,48178,0.884139284859
2020-06-11,1,252,,,,,,,113,45,192,1755,789,2830,33534,21467,48369,0.884149448979
2020-06-12,0,252,,,,,,,113,45,193,1746,773,2828,33647,21512,48562,0.884154529952
2020-06-13,1,253,,,,,,,112,44,195,1737,758,2829,33759,21556,48756,0.884155851489
2020-06-14,1,254,,,,,,,112,43,196,1728,744,2832,33871,21600,48951,0.884154394162
2020-06-15,1,255,,,,,,,111,42,197,1720,730,2836,33982,21643,49147,0.881788206469
2020-06-16,,,1,0,2,256,255,257,110,41,197,1711,717,2843,34092,21685,49344,
2020-06-17,,,1,0,2,257,255,258,110,41,198,1703,704,2851,34202,21726,49542,
2020-06-18,,,1,0,2,258,256,260,109,40,198,1695,691,2861,34311,21766,49739,
2020-06-19,,,1,0,2,259,256,261,109,39,199,1687,678,2872,34420,21806,49938,
2020-06-20,,,1,0,2,259,257,262,108,39,199,1678,666,2885,34527,21845,50137,
2020-06-21,,,1,0,2,260,257,264,107,38,199,1670,654,2899,34634,21883,50336,
2020-06-22,,,1,0,2,261,258,265,106,38,200,1661,643,2913,34741,21922,50535,
2020-06-23,,,1,0,2,262,258,267,105,37,199,1652,632,2929,34846,21959,50734,
2020-06-24,,,1,0,2,263,258,268,105,37,199,1643,622,2946,34951,21996,50932,
2020-06-25,,,1,0,2,264,259,269,104,36,199,1633,612,2954,35055,22033,51131,
2020-06-26,,,1,0,2,264,259,271,103,36,199,1623,602,2961,35158,22070,51330,
2020-06-27,,,1,0,2,265,259,272,102,35,198,1613,593,2966,35260,22105,51528,
2020-06-28,,,1,0,2,266,260,273,101,35,198,1602,584,2969,35361,22141,51725,
2020-06-29,,,1,0,2,267,260,275,100,35,197,1590,576,2970,35461,22176,51921,
2020-06-30,,,1,0,2,268,261,276,99,34,196,1579,567,2970,35560,22211,52116,
2020-07-01,,,1,0,2,269,261,277,98,34,195,1566,560,2967,35659,22245,52311,
2020-07-02,,,1,0,2,269,261,279,97,33,194,1554,553,2963,35756,22279,52504,
2020-07-03,,,1,0,2,270,262,280,96,33,192,1541,546,2957,35852,22313,52696,
2020-07-04,,,1,0,2,271,262,281,95,33,181,1528,540,2939,35948,22346,52876,
2020-07-05,,,1,0,2,272,262,283,94,32,179,1515,534,2919,36042,22379,53055,
2020-07-06,,,1,0,2,273,262,284,93,32,178,1501,528,2898,36135,22412,53233,
2020-07-07,,,1,0,2,273,263,285,92,32,177,1487,522,2875,36228,22444,53409,
2020-07-08,,,1,0,2,274,263,287,91,32,175,1473,516,2850,36319,22476,53583,
2020-07-09,,,1,0,2,275,263,288,90,31,173,1458,511,2824,36409,22508,53756,
2020-07-10,,,1,0,2,276,264,290,89,31,172,1443,505,2797,36498,22539,53928,
2020-07-11,,,1,0,2,276,264,291,88,31,172,1429,500,2770,36586,22570,54099,
2020-07-12,,,1,0,2,277,264,292,87,30,171,1414,495,2742,36673,22601,54269,
2020-07-13,,,1,0,2,278,264,294,86,30,169,1398,490,2714,36759,22632,54438,
2020-07-14,,,1,0,2,279,265,295,85,30,168,1383,485,2685,36844,22662,54606,
2020-07-15,,,1,0,2,279,265,297,84,29,167,1368,480,2657,36928,22692,54773,
2020-07-16,,,1,0,2,280,265,298,83,29,166,1353,476,2628,37011,22722,54938,
2020-07-17,,,1,0,2,281,266,300,82,29,165,1337,471,2599,37093,22751,55102,
2020-07-18,,,1,0,2,282,266,301,81,29,163,1322,467,2570,37174,22780,55265,
2020-07-19,,,1,0,2,282,266,302,80,29,162,1307,463,2551,37254,22810,55427,
2020-07-20,,,1,0,2,283,266,304,79,28,161,1291,459,2533,37333,22838,55587,
2020-07-21,,,1,0,2,284,267,305,78,28,160,1276,454,2515,37412,22867,55747,
2020-07-22,,,1,0,2,285,267,307,77,27,159,1261,450,2497,37489,22894,55905,
2020-07-23,,,1,0,2,285,267,308,76,27,158,1246,445,2480,37565,22922,56062,
2020-07-24,,,1,0,2,286,267,309,75,27,157,1232,441,2463,37641,22949,56219,
2020-07-25,,,1,0,2,287,268,311,75,26,156,1217,436,2446,37715,22975,56374,
2020-07-26,,,1,0,2,287,268,312,74,26,154,1203,431,2429,37789,23002,56528,
2020-07-27,,,1,0,2,288,268,313,73,25,154,1189,426,2412,37862,23028,56681,
2020-07-28,,,1,0,2,289,268,314,72,25,153,1175,421,2396,37934,23053,56833,
2020-07-29,,,1,0,2,289,268,316,71,25,152,1161,416,2380,38005,23079,56985,
2020-07-30,,,1,0,2,290,269,317,71,25,151,1148,412,2364,38076,23104,57136,
2020-07-31,,,1,0,2,291,269,318,70,24,151,1134,407,2349,38146,23129,57286,
2020-08-01,,,1,0,2,291,269,319,69,24,150,1121,402,2334,38215,23153,57435,
2020-08-02,,,1,0,2,292,269,321,68,24,149,1109,397,2319,38283,23178,57584,
2020-08-03,,,1,0,2,292,270,322,68,24,148,1096,391,2305,38351,23202,57731,
2020-08-04,,,1,0,2,293,270,323,67,23,147,1084,387,2291,38417,23225,57878,
2020-08-05,,,1,0,2,294,270,324,66,23,146,1072,382,2277,38484,23249,58024,
2020-08-06,,,1,0,2,294,270,325,66,23,145,1060,378,2264,38549,23273,58168,
2020-08-07,,,1,0,2,295,270,327,65,23,144,1049,374,2250,38614,23296,58312,
2020-08-08,,,1,0,2,295,271,328,64,23,143,1038,370,2236,38679,23319,58454,
2020-08-09,,,1,0,2,296,271,329,64,22,142,1027,366,2223,38742,23342,58596,
2020-08-10,,,1,0,2,297,271,330,63,22,141,1016,363,2209,38805,23365,58736,
2020-08-11,,,1,0,2,297,271,331,63,22,140,1006,359,2195,38868,23388,58876,
2020-08-12,,,1,0,2,298,271,332,62,22,139,996,356,2181,38930,23410,59014,
2020-08-13,,,1,0,2,298,272,333,62,22,138,986,353,2167,38992,23432,59151,
2020-08-14,,,1,0,2,299,272,335,61,22,137,977,350,2152,39053,23455,59287,
2020-08-15,,,1,0,2,299,272,336,61,22,135,967,348,2136,39113,23477,59422,
2020-08-16,,,1,0,2,300,272,337,60,22,134,958,345,2121,39173,23499,59556,
2020-08-17,,,1,0,2,300,272,338,60,21,133,950,343,2105,39233,23521,59688,
2020-08-18,,,1,0,2,301,273,339,59,21,132,941,341,2089,39292,23543,59819,
2020-08-19,,,1,0,2,301,273,340,59,21,131,933,339,2072,39350,23565,59949,
2020-08-20,,,1,0,2,302,273,341,58,21,129,925,337,2055,39409,23586,60078,
2020-08-21,,,1,0,2,302,273,342,58,21,128,917,335,2038,39466,23608,60206,
2020-08-22,,,0,0,2,303,273,343,57,21,127,910,333,2021,39524,23629,60332,
2020-08-23,,,0,0,2,303,274,344,57,21,126,902,331,2003,39581,23651,60457,
2020-08-24,,,0,0,2,304,274,345,57,21,124,895,330,1986,39638,23672,60581,
2020-08-25,,,0,0,2,304,274,346,56,21,123,888,328,1968,39694,23693,60704,
2020-08-26,,,0,0,2,305,274,347,56,21,122,882,327,1950,39750,23715,60825,
2020-08-27,,,0,0,2,305,274,349,56,21,120,875,325,1931,39805,23736,60945,
2020-08-28,,,0,0,2,306,274,350,55,21,119,869,324,1913,39861,23757,61063,
2020-08-29,,,0,0,2,306,275,351,55,21,118,863,323,1894,39916,23778,61181,
2020-08-30,,,0,0,2,307,275,352,55,21,117,857,322,1875,39970,23799,61297,
2020-08-31,,,0,0,2,307,275,353,54,20,115,852,320,1856,40025,23820,61411,
2020-09-01,,,0,0,1,308,275,354,54,20,114,846,319,1837,40079,23841,61525,
2020-09-02,,,0,0,1,308,275,355,54,20,113,841,318,1818,40132,23862,61637,
2020-09-03,,,0,0,1,309,275,356,53,20,111,835,318,1799,40186,23883,61748,
2020-09-04,,,0,0,1,309,276,357,53,20,110,830,317,1780,40239,23903,61858,
2020-09-05,,,0,0,1,309,276,358,53,20,109,826,316,1761,40292,23924,61966,
2020-09-06,,,0,0,1,310,276,358,53,20,108,821,315,1742,40345,23945,62073,
2020-09-07,,,0,0,1,310,276,359,52,20,107,816,314,1723,40397,23966,62180,
2020-09-08,,,0,0,1,311,276,360,52,20,106,812,314,1704,40449,23986,62285,
2020-09-09,,,0,0,1,311,276,361,52,20,104,808,313,1686,40501,24007,62389,
2020-09-10,,,0,0,1,312,276,362,52,20,103,803,312,1667,40553,24028,62492,
2020-09-11,,,0,0,1,312,277,363,52,20,102,799,312,1649,40605,24048,62593,
2020-09-12,,,0,0,1,312,277,364,51,20,101,796,311,1631,40656,24069,62694,
2020-09-13,,,0,0,1,313,277,365,51,20,100,792,311,1614,40707,24089,62794,
2020-09-14,,,0,0,1,313,277,366,51,20,99,788,310,1597,40758,24110,62893,
2020-09-15,,,0,0,1,314,277,367,51,20,98,784,310,1580,40809,24130,62991,
2020-09-16,,,0,0,1,314,277,368,51,20,97,781,309,1563,40860,24151,63088,
2020-09-17,,,0,0,1,314,278,368,50,20,96,778,309,1547,40910,24171,63184,
2020-09-18,,,0,0,1,315,278,369,50,20,96,774,309,1532,40960,24192,63279,
2020-09-19,,,0,0,1,315,278,370,50,20,95,771,308,1516,41010,24212,63373,
2020-09-20,,,0,0,1,316,278,371,50,20,94,768,308,1501,41060,24233,63466,
2020-09-21,,,0,0,1,316,278,372,50,20,93,765,308,1486,41110,24253,63559,
2020-09-22,,,0,0,1,316,278,373,50,20,92,762,307,1471,41160,24273,63650,
2020-09-23,,,0,0,1,317,278,373,49,20,91,760,307,1457,41209,24294,63741,
2020-09-24,,,0,0,1,317,279,374,49,20,90,757,307,1443,41258,24314,63831,
2020-09-25,,,0,0,1,317,279,375,49,20,90,754,307,1429,41307,24335,63921,
2020-09-26,,,0,0,1,318,279,376,49,20,89,752,306,1416,41356,24355,64009,
2020-09-27,,,0,0,1,318,279,377,49,20,88,749,306,1403,41405,24375,64097,
2020-09-28,,,0,0,1,319,279,377,49,20,87,747,306,1390,41454,24396,64184,
2020-09-29,,,0,0,1,319,279,378,49,20,87,744,306,1377,41503,24416,64270,
2020-09-30,,,0,0,1,319,279,379,49,20,86,742,305,1365,41551,24436,64355,
2020-10-01,,,0,0,1,320,280,380,48,20,85,740,305,1353,41600,24457,64440,
