date,actual_deaths,total_deaths,predicted_deaths_mean,predicted_deaths_lower,predicted_deaths_upper,predicted_total_deaths_mean,predicted_total_deaths_lower,predicted_total_deaths_upper,predicted_new_infected_mean,predicted_new_infected_lower,predicted_new_infected_upper,predicted_current_infected_mean,predicted_current_infected_lower,predicted_current_infected_upper,predicted_total_infected_mean,predicted_total_infected_lower,predicted_total_infected_upper,r_values_mean
2020-02-19,,,,,,,,,33,10,40,33,10,40,33,10,40,1.7701754386
2020-02-20,,,,,,,,,33,10,40,65,20,80,65,20,80,1.77001715815
2020-02-21,,,,,,,,,33,10,40,98,30,120,98,30,120,1.76996148196
2020-02-22,,,,,,,,,33,10,40,131,40,160,131,40,160,1.76988613874
2020-02-23,,,,,,,,,33,10,40,163,50,200,163,50,200,1.76978413116
2020-02-24,,,,,,,,,33,10,40,196,60,240,196,60,240,1.76964594254
2020-02-25,,,,,,,,,33,10,40,229,70,280,229,70,280,1.76945861288
2020-02-26,,,,,,,,,33,10,40,261,80,320,261,80,320,1.76920446683
2020-02-27,,,,,,,,,33,10,40,294,90,360,294,90,360,1.76885935822
2020-02-28,,,,,,,,,90,29,128,384,119,488,384,119,488,1.76827162558
2020-02-29,,,,,,,,,89,29,128,473,149,615,473,149,615,1.76761840934
2020-03-01,,,,,,,,,94,31,137,567,181,752,567,181,752,1.76670726973
2020-03-02,,,,,,,,,103,35,155,670,217,906,670,217,906,1.76547906306
2020-03-03,,,,,,,,,124,43,193,794,261,1099,794,261,1099,1.76381314534
2020-03-04,,,,,,,,,155,56,253,949,317,1351,949,317,1351,1.76154370387
2020-03-05,,,,,,,,,179,66,301,1095,373,1612,1128,383,1652,1.75843959955
2020-03-06,,,,,,,,,201,75,345,1264,439,1916,1329,459,1996,1.75418238619
2020-03-07,,,,,,,,,227,87,400,1458,517,2276,1556,547,2396,1.74834231587
2020-03-08,,,,,,,,,258,102,467,1683,609,2702,1814,649,2862,1.74032520825
2020-03-09,,,,,,,,,297,120,549,1947,720,3211,2111,770,3411,1.72931930661
2020-03-10,,,,,,,,,337,141,631,2252,851,3802,2448,911,4042,1.71424748701
2020-03-11,,,,,,,,,377,163,709,2596,1005,4470,2824,1075,4750,1.69374562377
2020-03-12,,,,,,,,,417,189,781,2980,1184,5211,3242,1264,5531,1.666236377
2020-03-13,,,,,,,,,459,210,851,3407,1385,6021,3701,1475,6381,1.63017446548
2020-03-14,1,1,,,,,,,500,229,911,3818,1584,6804,4201,1704,7291,1.58450548284
2020-03-15,0,1,,,,,,,538,249,942,4267,1804,7618,4739,1953,8233,1.5291788262
2020-03-16,0,1,,,,,,,569,269,945,4741,2041,8426,5308,2223,9177,1.46536013824
2020-03-17,0,1,,,,,,,592,290,902,5230,2296,9173,5900,2514,10079,1.39514345022
2020-03-18,0,1,,,,,,,609,307,885,5715,2560,9865,6509,2821,10964,1.32098463896
2020-03-19,0,1,,,,,,,618,329,866,6178,2834,10478,7126,3151,11829,1.24522854398
2020-03-20,0,1,,,,,,,619,343,853,6618,3111,11030,7746,3495,12681,1.16989770494
2020-03-21,0,1,,,,,,,614,356,880,7031,3392,11565,8360,3851,13561,1.09669837368
2020-03-22,1,2,,,,,,,602,366,886,7406,3670,12052,8962,4217,14447,1.02712727013
2020-03-23,1,3,,,,,,,584,371,864,7732,3940,12449,9546,4589,15311,0.962575165621
2020-03-24,1,4,,,,,,,562,368,820,7997,4188,12720,10108,4958,16130,0.904352663307
2020-03-25,1,5,,,,,,,536,360,773,8197,4406,12862,10644,5318,16903,0.853590525887
2020-03-26,1,6,,,,,,,509,350,738,8329,4593,12891,11154,5669,17640,0.811018398692
2020-03-27,3,9,,,,,,,482,328,689,8393,4732,12799,11635,5997,18329,0.776726915908
2020-03-28,0,9,,,,,,,454,311,651,8388,4833,12599,12089,6309,18979,0.750099252199
2020-03-29,2,11,,,,,,,428,295,607,8316,4900,12295,12517,6604,19586,0.730004869156
2020-03-30,0,11,,,,,,,402,279,563,8180,4930,11915,12919,6884,20148,0.71512730855
2020-03-31,4,15,,,,,,,378,259,522,7989,4919,11493,13297,7143,20670,0.704231164831
2020-04-01,0,15,,,,,,,355,245,496,7752,4874,11086,13653,7388,21165,0.696290741928
2020-04-02,2,17,,,,,,,334,228,473,7478,4794,10674,13987,7616,21637,0.690511837168
2020-04-03,3,20,,,,,,,314,208,448,7174,4674,10257,14301,7825,22085,0.686302475902
2020-04-04,2,22,,,,,,,296,191,422,6851,4522,9826,14596,8017,22507,0.683229954418
2020-04-05,6,28,,,,,,,278,176,399,6515,4342,9345,14875,8194,22905,0.680980861281
2020-04-06,2,30,,,,,,,262,163,372,6175,4139,8830,15137,8357,23277,0.67932898169
2020-04-07,6,36,,,,,,,247,150,347,5838,3918,8313,15384,8508,23623,0.678111122347
2020-04-08,4,40,,,,,,,233,139,326,5510,3688,7820,15617,8647,23949,0.677209431478
2020-04-09,3,43,,,,,,,220,128,309,5193,3457,7356,15838,8776,24258,0.676538643823
2020-04-10,2,45,,,,,,,208,119,293,4892,3226,6911,16046,8895,24551,0.676036932064
2020-04-11,5,50,,,,,,,197,111,278,4608,3009,6500,16243,9007,24828,0.675659356567
2020-04-12,3,53,,,,,,,187,103,263,4340,2801,6111,16430,9110,25090,0.675373173388
2020-04-13,2,55,,,,,,,177,96,252,4090,2602,5757,16607,9207,25342,0.675154467709
2020-04-14,1,56,,,,,,,168,90,241,3855,2414,5435,16774,9298,25582,0.674985732748
2020-04-15,5,61,,,,,,,159,84,231,3636,2240,5143,16934,9383,25813,0.674854124194
2020-04-16,0,61,,,,,,,151,79,221,3432,2074,4869,17085,9463,26034,0.674750198353
2020-04-17,5,66,,,,,,,144,75,212,3242,1921,4609,17229,9538,26245,0.674666997503
2020-04-18,4,70,,,,,,,137,71,203,3065,1784,4363,17366,9609,26448,0.674599385117
2020-04-19,4,74,,,,,,,130,66,196,2900,1659,4137,17496,9676,26643,0.674540718341
2020-04-20,3,77,,,,,,,124,62,189,2746,1544,3927,17621,9738,26832,0.674490808586
2020-04-21,0,77,,,,,,,118,59,183,2602,1440,3738,17739,9798,27015,0.674447990059
2020-04-22,2,79,,,,,,,113,56,177,2468,1346,3569,17852,9854,27192,0.67441041684
2020-04-23,0,79,,,,,,,108,53,172,2343,1261,3414,17960,9908,27363,0.674376402907
2020-04-24,1,80,,,,,,,103,51,166,2225,1183,3271,18063,9959,27529,0.67434634893
2020-04-25,1,81,,,,,,,99,47,161,2116,1111,3139,18162,10007,27690,0.67432701135
2020-04-26,1,82,,,,,,,94,44,157,2013,1045,3018,18256,10052,27846,0.674308724949
2020-04-27,1,83,,,,,,,90,41,152,1916,983,2907,18346,10094,27997,0.674291532452
2020-04-28,3,86,,,,,,,86,39,148,1826,925,2803,18432,10133,28145,0.674275524541
2020-04-29,3,89,,,,,,,83,37,143,1741,872,2705,18515,10170,28287,0.674260861015
2020-04-30,2,91,,,,,,,79,35,138,1660,822,2612,18594,10205,28424,0.674247802946
2020-05-01,1,92,,,,,,,76,33,133,1585,775,2523,18670,10238,28557,0.67423676078
2020-05-02,2,94,,,,,,,73,31,128,1513,731,2440,18742,10270,28684,0.674228366175
2020-05-03,2,96,,,,,,,70,29,124,1446,690,2360,18812,10300,28807,0.674223579285
2020-05-04,1,97,,,,,,,67,28,119,1382,651,2284,18879,10328,28926,0.674223848692
2020-05-05,1,98,,,,,,,64,26,115,1322,616,2210,18943,10355,29041,0.674231349754
2020-05-06,1,99,,,,,,,61,25,111,1265,582,2137,19004,10380,29151,0.674249339525
2020-05-07,0,99,,,,,,,59,24,107,1210,549,2067,19062,10404,29258,0.674282684602
2020-05-08,1,100,,,,,,,56,22,103,1159,518,1998,19119,10427,29360,0.674338644893
2020-05-09,1,101,,,,,,,54,21,99,1109,489,1931,19172,10449,29459,0.674428034554
2020-05-10,1,102,,,,,,,52,20,96,1062,462,1866,19224,10470,29555,0.674566935383
2020-05-11,0,102,,,,,,,49,19,92,1017,437,1801,19273,10489,29646,0.674779211946
2020-05-12,0,102,,,,,,,47,18,89,974,414,1738,19321,10508,29735,0.675100173351
2020-05-13,1,103,,,,,,,45,17,86,933,392,1676,19366,10526,29820,0.675581837864
2020-05-14,0,103,,,,,,,43,16,83,894,372,1616,19409,10542,29902,0.6763003556
2020-05-15,0,103,,,,,,,41,15,80,856,353,1558,19450,10558,29982,0.677366153859
2020-05-16,0,103,,,,,,,40,15,77,820,334,1502,19490,10573,30058,0.678937108003
2020-05-17,1,104,,,,,,,38,14,74,785,317,1448,19527,10587,30132,0.681234136676
2020-05-18,0,104,,,,,,,36,13,72,752,301,1396,19564,10601,30203,0.684556418576
2020-05-19,0,104,,,,,,,35,12,69,720,285,1346,19598,10614,30272,0.689289039723
2020-05-20,1,105,,,,,,,33,11,67,689,270,1298,19631,10626,30338,0.695888821242
2020-05-21,1,106,,,,,,,32,11,65,660,256,1252,19664,10637,30403,0.704826343733
2020-05-22,0,106,,,,,,,31,11,64,633,243,1209,19695,10648,30467,0.716462091325
2020-05-23,0,106,,,,,,,31,10,63,607,231,1169,19726,10659,30529,0.730858589565
2020-05-24,1,107,,,,,,,30,10,62,584,219,1132,19756,10669,30591,0.747590330669
2020-05-25,0,107,,,,,,,30,10,62,562,209,1098,19786,10679,30652,0.765678912717
2020-05-26,1,108,,,,,,,29,9,61,542,199,1067,19815,10689,30713,0.779321877507
2020-05-27,0,108,,,,,,,29,9,61,524,190,1039,19845,10699,30774,0.7923727084
2020-05-28,0,108,,,,,,,29,9,62,508,182,1015,19874,10708,30835,0.804337868973
2020-05-29,0,108,,,,,,,29,9,62,494,175,994,19903,10718,30896,0.814887823626
2020-05-30,0,108,,,,,,,29,9,62,481,169,976,19931,10728,30957,0.823874502822
2020-05-31,0,108,,,,,,,29,9,62,471,164,961,19960,10738,31019,0.831307161479
2020-06-01,1,109,,,,,,,29,9,62,462,159,949,19989,10747,31080,0.837305921973
2020-06-02,0,109,,,,,,,29,9,62,454,155,939,20018,10757,31141,0.842052341016
2020-06-03,0,109,,,,,,,29,9,62,448,152,931,20046,10766,31202,0.845749096737
2020-06-04,0,109,,,,,,,29,9,62,444,149,926,20075,10775,31264,0.84859291901
2020-06-05,0,109,,,,,,,29,9,63,440,147,924,20104,10785,31327,0.850759656425
2020-06-06,0,109,,,,,,,29,9,64,438,145,924,20133,10794,31390,0.852398248718
2020-06-07,0,109,,,,,,,29,9,65,436,144,926,20162,10803,31454,0.853630254892
2020-06-08,0,109,,,,,,,29,9,65,434,142,929,20190,10812,31519,0.854552317781
2020-06-09,0,109,,,,,,,29,9,66,433,141,933,20219,10821,31585,0.855239835169
2020-06-10,0,109,,,,,,,29,9,67,433,140,939,20248,10830,31651,0.855750829737
2020-06-11,0,109,,,,,,,29,9,68,433,140,945,20277,10839,31718,0.856129508318
2020-06-12,0,109,,,,,,,29,9,69,433,139,952,20306,10848,31786,0.85640930517
2020-06-13,0,109,,,,,,,29,9,69,433,138,960,20336,10857,31855,0.85661537067
2020-06-14,0,109,,,,,,,29,9,70,433,137,968,20365,10866,31925,0.856766548365
2020-06-15,0,109,,,,,,,29,9,71,434,137,977,20394,10875,31995,0.856876914944
2020-06-16,,,0,0,1,109,109,110,29,9,72,435,136,987,20423,10884,32066,
2020-06-17,,,0,0,1,109,109,110,29,9,73,435,136,998,20453,10893,32139,
2020-06-18,,,0,0,1,109,109,110,29,9,73,436,135,1010,20482,10902,32211,
2020-06-19,,,0,0,1,110,109,111,30,8,74,437,135,1021,20512,10911,32285,
2020-06-20,,,0,0,1,110,109,111,30,8,75,438,135,1033,20542,10920,32359,
2020-06-21,,,0,0,1,110,109,111,30,8,76,439,135,1045,20571,10929,32435,
2020-06-22,,,0,0,1,110,109,112,30,8,77,440,134,1057,20601,10938,32511,
2020-06-23,,,0,0,1,110,109,112,30,8,77,441,134,1069,20631,10947,32588,
2020-06-24,,,0,0,1,110,109,112,30,8,78,442,134,1081,20661,10955,32665,
2020-06-25,,,0,0,1,111,109,113,30,8,78,443,134,1092,20691,10964,32743,
2020-06-26,,,0,0,1,111,109,113,30,8,79,444,134,1103,20721,10973,32821,
2020-06-27,,,0,0,1,111,109,113,30,8,79,445,133,1114,20751,10982,32899,
2020-06-28,,,0,0,1,111,109,114,30,8,80,445,133,1124,20781,10990,32979,
2020-06-29,,,0,0,1,111,109,114,30,8,80,446,133,1134,20811,10999,33058,
2020-06-30,,,0,0,1,111,109,114,30,8,80,447,132,1143,20841,11008,33138,
2020-07-01,,,0,0,1,111,109,115,30,8,81,447,132,1152,20871,11016,33218,
2020-07-02,,,0,0,1,112,109,115,30,8,81,448,132,1160,20901,11025,33298,
2020-07-03,,,0,0,1,112,109,116,30,8,81,448,131,1168,20931,11033,33379,
2020-07-04,,,0,0,1,112,109,116,30,8,82,448,131,1176,20960,11042,33460,
2020-07-05,,,0,0,1,112,110,116,30,8,82,448,130,1183,20990,11050,33542,
2020-07-06,,,0,0,1,112,110,117,30,8,82,448,130,1189,21020,11059,33624,
2020-07-07,,,0,0,1,112,110,117,29,8,83,448,129,1195,21049,11067,33706,
2020-07-08,,,0,0,1,113,110,117,29,8,83,447,129,1201,21078,11076,33788,
2020-07-09,,,0,0,1,113,110,118,29,8,83,447,128,1206,21108,11084,33871,
2020-07-10,,,0,0,1,113,110,118,29,8,84,446,127,1211,21137,11092,33954,
2020-07-11,,,0,0,1,113,110,119,29,8,84,445,127,1217,21166,11100,34037,
2020-07-12,,,0,0,1,113,110,119,29,8,84,444,126,1222,21195,11109,34120,
2020-07-13,,,0,0,1,113,110,119,29,8,84,442,126,1226,21223,11117,34204,
2020-07-14,,,0,0,1,114,110,120,29,8,85,441,125,1231,21252,11125,34289,
2020-07-15,,,0,0,1,114,110,120,28,8,85,439,125,1236,21280,11133,34373,
2020-07-16,,,0,0,1,114,110,121,28,8,85,438,124,1240,21308,11141,34458,
2020-07-17,,,0,0,1,114,110,121,28,8,86,436,124,1245,21336,11149,34543,
2020-07-18,,,0,0,1,114,110,121,28,7,86,434,123,1249,21364,11157,34628,
2020-07-19,,,0,0,1,114,110,122,28,7,86,432,122,1253,21392,11165,34713,
2020-07-20,,,0,0,1,114,110,122,27,7,86,429,122,1257,21419,11173,34799,
2020-07-21,,,0,0,1,115,110,123,27,7,86,427,121,1261,21447,11180,34884,
2020-07-22,,,0,0,1,115,110,123,27,7,86,424,120,1264,21474,11188,34969,
2020-07-23,,,0,0,1,115,110,124,27,7,86,422,119,1267,21500,11196,35054,
2020-07-24,,,0,0,1,115,110,124,27,7,86,419,119,1270,21527,11203,35140,
2020-07-25,,,0,0,1,115,110,124,26,7,86,417,118,1272,21553,11210,35225,
2020-07-26,,,0,0,1,115,110,125,26,7,86,414,117,1273,21580,11218,35310,
2020-07-27,,,0,0,1,116,111,125,26,7,86,411,116,1275,21606,11225,35395,
2020-07-28,,,0,0,1,116,111,126,26,7,86,408,115,1276,21631,11232,35480,
2020-07-29,,,0,0,1,116,111,126,26,6,85,405,114,1277,21657,11239,35565,
2020-07-30,,,0,0,1,116,111,127,25,6,85,402,113,1277,21683,11246,35650,
2020-07-31,,,0,0,1,116,111,127,25,6,85,399,111,1277,21708,11253,35735,
2020-08-01,,,0,0,1,116,111,127,25,6,85,396,110,1277,21733,11259,35819,
2020-08-02,,,0,0,1,117,111,128,25,6,85,393,109,1276,21758,11266,35903,
2020-08-03,,,0,0,1,117,111,128,25,6,84,390,107,1274,21782,11272,35987,
2020-08-04,,,0,0,1,117,111,129,24,6,84,387,106,1273,21807,11279,36071,
2020-08-05,,,0,0,1,117,111,129,24,6,84,384,104,1270,21831,11285,36154,
2020-08-06,,,0,0,1,117,111,130,24,6,83,382,103,1268,21855,11292,36237,
2020-08-07,,,0,0,1,117,111,130,24,6,83,379,102,1265,21879,11298,36319,
2020-08-08,,,0,0,1,117,111,131,24,6,82,376,100,1261,21903,11304,36401,
2020-08-09,,,0,0,1,118,111,131,24,6,82,373,99,1258,21926,11310,36482,
2020-08-10,,,0,0,1,118,111,132,23,6,81,370,98,1253,21950,11316,36563,
2020-08-11,,,0,0,1,118,111,132,23,6,81,367,97,1248,21973,11323,36643,
2020-08-12,,,0,0,1,118,111,132,23,6,80,365,96,1243,21996,11329,36723,
2020-08-13,,,0,0,1,118,111,133,23,6,80,362,95,1237,22019,11335,36802,
2020-08-14,,,0,0,1,118,111,133,23,6,79,359,95,1231,22042,11341,36880,
2020-08-15,,,0,0,1,118,111,134,23,6,78,356,94,1224,22064,11347,36958,
2020-08-16,,,0,0,1,119,111,134,22,6,78,354,94,1217,22087,11354,37036,
2020-08-17,,,0,0,1,119,111,135,22,6,77,351,93,1209,22109,11360,37112,
2020-08-18,,,0,0,1,119,111,135,22,6,77,349,93,1202,22131,11366,37188,
2020-08-19,,,0,0,1,119,112,136,22,6,76,346,93,1194,22153,11372,37264,
2020-08-20,,,0,0,1,119,112,136,22,6,75,344,92,1185,22175,11378,37339,
2020-08-21,,,0,0,1,119,112,137,22,6,75,342,92,1177,22197,11384,37413,
2020-08-22,,,0,0,1,119,112,137,22,6,74,339,92,1168,22218,11390,37486,
2020-08-23,,,0,0,1,120,112,137,21,6,73,337,92,1159,22240,11397,37559,
2020-08-24,,,0,0,1,120,112,138,21,6,73,335,92,1150,22261,11403,37632,
2020-08-25,,,0,0,1,120,112,138,21,6,72,333,92,1141,22282,11409,37703,
2020-08-26,,,0,0,1,120,112,139,21,6,72,331,92,1132,22303,11415,37774,
2020-08-27,,,0,0,1,120,112,139,21,6,71,328,92,1123,22324,11421,37845,
2020-08-28,,,0,0,1,120,112,140,21,6,70,326,92,1113,22345,11427,37915,
2020-08-29,,,0,0,1,120,112,140,21,6,70,324,91,1104,22366,11433,37984,
2020-08-30,,,0,0,1,120,112,141,21,5,69,323,91,1095,22387,11439,38052,
2020-08-31,,,0,0,1,121,112,141,21,5,68,321,91,1085,22407,11445,38120,
2020-09-01,,,0,0,1,121,112,141,20,5,68,319,91,1076,22428,11451,38188,
2020-09-02,,,0,0,1,121,112,142,20,5,67,317,91,1067,22448,11457,38254,
2020-09-03,,,0,0,1,121,112,142,20,5,67,315,90,1057,22468,11463,38321,
2020-09-04,,,0,0,1,121,112,143,20,5,66,314,90,1048,22489,11469,38386,
2020-09-05,,,0,0,1,121,112,143,20,5,66,312,90,1039,22509,11475,38451,
2020-09-06,,,0,0,1,121,112,144,20,5,65,310,90,1030,22529,11481,38516,
2020-09-07,,,0,0,1,121,112,144,20,5,65,309,89,1021,22549,11487,38580,
2020-09-08,,,0,0,1,122,112,144,20,5,64,307,89,1012,22568,11492,38644,
2020-09-09,,,0,0,1,122,112,145,20,5,64,306,89,1004,22588,11498,38707,
2020-09-10,,,0,0,1,122,112,145,20,5,63,304,88,995,22608,11504,38769,
2020-09-11,,,0,0,1,122,112,146,20,5,63,303,88,987,22628,11510,38831,
2020-09-12,,,0,0,1,122,112,146,20,5,62,302,88,979,22647,11515,38893,
2020-09-13,,,0,0,1,122,112,146,19,5,62,300,88,970,22666,11521,38954,
2020-09-14,,,0,0,1,122,112,147,19,5,61,299,87,962,22686,11527,39014,
2020-09-15,,,0,0,1,122,112,147,19,5,61,298,87,955,22705,11533,39075,
2020-09-16,,,0,0,1,122,112,148,19,5,60,297,87,947,22724,11538,39134,
2020-09-17,,,0,0,1,123,112,148,19,5,60,295,86,940,22744,11544,39194,
2020-09-18,,,0,0,1,123,113,148,19,5,59,294,86,932,22763,11550,39253,
2020-09-19,,,0,0,1,123,113,149,19,5,59,293,86,925,22782,11555,39311,
2020-09-20,,,0,0,1,123,113,149,19,5,59,292,86,918,22801,11561,39369,
2020-09-21,,,0,0,1,123,113,149,19,5,58,291,85,911,22820,11567,39427,
2020-09-22,,,0,0,1,123,113,150,19,5,58,290,85,905,22839,11572,39484,
2020-09-23,,,0,0,1,123,113,150,19,5,57,289,85,898,22857,11578,39541,
2020-09-24,,,0,0,1,123,113,150,19,5,57,288,85,892,22876,11583,39598,
2020-09-25,,,0,0,1,123,113,151,19,5,57,287,84,885,22895,11589,39654,
2020-09-26,,,0,0,1,124,113,151,19,5,56,286,84,879,22914,11594,39710,
2020-09-27,,,0,0,1,124,113,151,19,5,56,285,84,873,22932,11600,39765,
2020-09-28,,,0,0,1,124,113,152,19,5,56,284,84,867,22951,11606,39820,
2020-09-29,,,0,0,1,124,113,152,19,5,55,283,84,861,22969,11611,39875,
2020-09-30,,,0,0,1,124,113,153,18,5,55,283,83,856,22988,11617,39930,
2020-10-01,,,0,0,1,124,113,153,18,5,55,282,83,850,23006,11622,39984,
