date,actual_deaths,total_deaths,predicted_deaths_mean,predicted_deaths_lower,predicted_deaths_upper,predicted_total_deaths_mean,predicted_total_deaths_lower,predicted_total_deaths_upper,predicted_new_infected_mean,predicted_new_infected_lower,predicted_new_infected_upper,predicted_current_infected_mean,predicted_current_infected_lower,predicted_current_infected_upper,predicted_total_infected_mean,predicted_total_infected_lower,predicted_total_infected_upper,r_values_mean
2020-03-02,,,,,,,,,57,25,75,57,25,75,57,25,75,1.41219281758
2020-03-03,,,,,,,,,57,25,75,114,50,150,114,50,150,1.41193366067
2020-03-04,,,,,,,,,57,25,75,170,75,225,170,75,225,1.41187538508
2020-03-05,,,,,,,,,57,25,75,227,100,300,227,100,300,1.41180390466
2020-03-06,,,,,,,,,57,25,75,284,125,375,284,125,375,1.41171619567
2020-03-07,,,,,,,,,57,25,75,341,150,450,341,150,450,1.41160853266
2020-03-08,,,,,,,,,57,25,75,398,175,525,398,175,525,1.41147632321
2020-03-09,,,,,,,,,57,25,75,454,200,600,454,200,600,1.41131390326
2020-03-10,,,,,,,,,57,25,75,511,225,675,511,225,675,1.41111428368
2020-03-11,,,,,,,,,134,64,180,645,289,855,645,289,855,1.41055093925
2020-03-12,,,,,,,,,134,64,180,779,354,1035,779,354,1035,1.41020933919
2020-03-13,,,,,,,,,138,67,186,917,422,1220,917,422,1220,1.40974333306
2020-03-14,,,,,,,,,148,73,200,1065,495,1420,1065,495,1420,1.409191949
2020-03-15,,,,,,,,,169,86,229,1234,582,1648,1234,582,1648,1.40853130935
2020-03-16,,,,,,,,,201,105,274,1436,688,1921,1436,688,1921,1.40773286751
2020-03-17,,,,,,,,,226,121,307,1605,784,2153,1662,809,2228,1.40675824248
2020-03-18,,,,,,,,,246,133,335,1794,893,2412,1907,943,2562,1.40556150978
2020-03-19,,,,,,,,,267,148,365,2004,1017,2701,2175,1092,2926,1.40410204813
2020-03-20,,,,,,,,,292,166,400,2240,1158,3026,2467,1258,3326,1.4023263984
2020-03-21,,,,,,,,,324,188,443,2507,1322,3393,2791,1447,3768,1.40016321379
2020-03-22,,,,,,,,,355,211,488,2805,1509,3805,3146,1659,4255,1.39752534866
2020-03-23,,,,,,,,,387,235,531,3135,1719,4261,3533,1894,4786,1.39430557116
2020-03-24,,,,,,,,,419,260,576,3497,1955,4762,3952,2155,5362,1.39037969664
2020-03-25,,,,,,,,,453,288,624,3894,2218,5311,4405,2443,5986,1.38560114532
2020-03-26,1,1,,,,,,,491,315,676,4250,2469,5806,4896,2759,6661,1.37979717193
2020-03-27,1,2,,,,,,,530,346,730,4647,2751,6357,5426,3105,7391,1.37276885321
2020-03-28,3,5,,,,,,,570,380,786,5079,3064,6956,5996,3486,8176,1.36429427377
2020-03-29,1,6,,,,,,,611,415,844,5542,3405,7601,6607,3901,9020,1.35413765649
2020-03-30,0,6,,,,,,,652,451,901,6025,3771,8273,7259,4353,9920,1.34206380641
2020-03-31,4,10,,,,,,,695,490,957,6518,4155,8957,7954,4843,10877,1.32785989865
2020-04-01,1,11,,,,,,,736,529,1012,7029,4563,9662,8690,5373,11889,1.31136547057
2020-04-02,1,12,,,,,,,777,569,1064,7561,4999,10391,9468,5942,12952,1.29250670133
2020-04-03,2,14,,,,,,,816,608,1115,8110,5458,11141,10284,6550,14067,1.27132775534
2020-04-04,0,14,,,,,,,853,639,1164,8670,5931,11905,11137,7190,15231,1.24800913734
2020-04-05,0,14,,,,,,,886,654,1212,9232,6397,12674,12023,7844,16442,1.22286553637
2020-04-06,1,15,,,,,,,916,666,1255,9792,6852,13442,12938,8511,17697,1.19632234819
2020-04-07,1,16,,,,,,,941,677,1285,10347,7294,14195,13880,9189,18981,1.16887742355
2020-04-08,3,19,,,,,,,963,687,1299,10891,7721,14918,14843,9876,20279,1.14105886274
2020-04-09,4,23,,,,,,,980,695,1300,11417,8128,15593,15822,10572,21578,1.11338837666
2020-04-10,9,32,,,,,,,992,702,1300,11919,8516,16218,16814,11275,22878,1.08635473188
2020-04-11,1,33,,,,,,,1000,708,1315,12389,8878,16802,17815,11984,24192,1.06039652511
2020-04-12,2,35,,,,,,,1004,711,1319,12823,9209,17335,18819,12695,25511,1.03589053714
2020-04-13,6,41,,,,,,,1004,713,1314,13216,9507,17805,19823,13409,26824,1.01314199395
2020-04-14,2,43,,,,,,,1001,714,1306,13564,9770,18209,20824,14123,28129,0.99237527013
2020-04-15,3,46,,,,,,,995,720,1307,13864,10001,18559,21818,14844,29436,0.973726351211
2020-04-16,9,55,,,,,,,986,726,1291,14114,10197,18838,22804,15571,30726,0.95724016619
2020-04-17,6,61,,,,,,,975,727,1275,14312,10356,19049,23779,16298,32001,0.942875656896
2020-04-18,6,67,,,,,,,963,728,1262,14458,10476,19196,24742,17027,33262,0.930519244175
2020-04-19,0,67,,,,,,,949,719,1230,14554,10557,19261,25691,17747,34492,0.920004475356
2020-04-20,5,72,,,,,,,934,713,1211,14602,10616,19261,26625,18460,35702,0.911133795341
2020-04-21,10,82,,,,,,,919,715,1201,14605,10664,19206,27544,19176,36902,0.903698422935
2020-04-22,7,89,,,,,,,903,707,1183,14567,10694,19104,28447,19883,38085,0.897493774717
2020-04-23,3,92,,,,,,,887,697,1149,14490,10704,18955,29333,20581,39233,0.892329675352
2020-04-24,8,100,,,,,,,870,677,1120,14381,10685,18776,30203,21258,40353,0.888035904576
2020-04-25,12,112,,,,,,,854,657,1102,14242,10640,18577,31057,21916,41454,0.884464228469
2020-04-26,8,120,,,,,,,837,638,1082,14079,10570,18344,31894,22555,42536,0.881488117753
2020-04-27,5,125,,,,,,,821,619,1065,13896,10478,18090,32714,23174,43600,0.879001138969
2020-04-28,12,137,,,,,,,804,600,1047,13696,10366,17823,33519,23775,44646,0.876914717825
2020-04-29,7,144,,,,,,,788,578,1030,13483,10230,17547,34307,24354,45676,0.875155720266
2020-04-30,8,152,,,,,,,772,564,1013,13261,10073,17253,35080,24918,46688,0.873664108343
2020-05-01,7,159,,,,,,,757,548,997,13032,9896,16959,35836,25467,47685,0.872390802094
2020-05-02,9,168,,,,,,,741,532,988,12798,9701,16673,36578,25999,48673,0.87129580098
2020-05-03,9,177,,,,,,,726,514,977,12562,9486,16387,37304,26514,49649,0.87013709094
2020-05-04,5,182,,,,,,,711,498,957,12324,9265,16115,38015,27012,50606,0.8691210096
2020-05-05,5,187,,,,,,,696,483,949,12086,9035,15853,38711,27496,51555,0.868250412433
2020-05-06,6,193,,,,,,,682,468,941,11849,8788,15594,39393,27964,52495,0.867463566424
2020-05-07,9,202,,,,,,,668,444,933,11614,8525,15343,40060,28409,53427,0.866757589869
2020-05-08,11,213,,,,,,,654,421,924,11381,8249,15118,40714,28830,54351,0.866101553216
2020-05-09,8,221,,,,,,,640,403,915,11151,7975,14913,41354,29234,55266,0.865793996245
2020-05-10,0,221,,,,,,,627,389,909,10924,7707,14720,41981,29624,56174,0.865494994802
2020-05-11,4,225,,,,,,,614,376,908,10701,7445,14546,42594,30000,57081,0.865205482261
2020-05-12,12,237,,,,,,,601,363,901,10481,7189,14382,43195,30364,57982,0.864927057616
2020-05-13,10,247,,,,,,,588,349,891,10265,6938,14227,43783,30713,58873,0.864662142811
2020-05-14,13,260,,,,,,,576,333,880,10052,6692,14078,44359,31046,59753,0.864414386627
2020-05-15,11,271,,,,,,,564,317,868,9844,6445,13933,44923,31364,60621,0.864189262942
2020-05-16,15,286,,,,,,,552,302,858,9639,6199,13794,45475,31667,61478,0.863994957734
2020-05-17,4,290,,,,,,,540,289,847,9437,5956,13652,46015,31956,62324,0.863843694549
2020-05-18,7,297,,,,,,,529,278,836,9240,5720,13511,46544,32234,63159,0.863753654903
2020-05-19,7,304,,,,,,,518,268,825,9047,5490,13378,47062,32503,63984,0.863751770964
2020-05-20,6,310,,,,,,,507,259,814,8857,5266,13243,47568,32762,64797,0.863877747433
2020-05-21,7,317,,,,,,,496,250,804,8672,5048,13106,48065,33013,65601,0.864189727275
2020-05-22,5,322,,,,,,,486,240,796,8490,4844,12969,48550,33253,66396,0.864772039644
2020-05-23,0,322,,,,,,,476,232,788,8312,4656,12833,49026,33486,67184,0.865745250892
2020-05-24,4,326,,,,,,,467,224,780,8139,4477,12698,49493,33711,67963,0.867278055263
2020-05-25,6,332,,,,,,,458,217,773,7970,4305,12562,49951,33929,68736,0.869598859156
2020-05-26,3,335,,,,,,,450,211,767,7806,4139,12421,50400,34140,69502,0.873001558032
2020-05-27,9,344,,,,,,,442,205,761,7647,3981,12281,50842,34345,70263,0.877834616594
2020-05-28,1,345,,,,,,,436,199,759,7495,3831,12149,51279,34545,71021,0.884456666067
2020-05-29,11,356,,,,,,,431,195,757,7350,3694,12025,51710,34741,71778,0.893141795608
2020-05-30,5,361,,,,,,,427,192,756,7214,3569,11913,52137,34933,72533,0.903936074614
2020-05-31,5,366,,,,,,,425,187,756,7087,3453,11811,52562,35121,73288,0.916512451375
2020-06-01,2,368,,,,,,,424,182,757,6971,3347,11721,52986,35303,74045,0.930121655505
2020-06-02,5,373,,,,,,,422,178,761,6864,3247,11647,53408,35482,74806,0.940330001804
2020-06-03,2,375,,,,,,,422,175,763,6769,3153,11586,53830,35657,75569,0.950082080355
2020-06-04,11,386,,,,,,,422,169,774,6684,3064,11545,54252,35826,76342,0.959001342815
2020-06-05,2,388,,,,,,,423,164,786,6611,2978,11528,54675,35991,77128,0.966836311889
2020-06-06,2,390,,,,,,,424,163,803,6549,2901,11534,55100,36155,77930,0.973474265209
2020-06-07,8,398,,,,,,,426,162,817,6499,2831,11563,55525,36317,78746,0.978922689795
2020-06-08,0,398,,,,,,,427,158,819,6460,2764,11602,55953,36476,79565,0.983273755097
2020-06-09,12,410,,,,,,,429,155,836,6431,2702,11665,56382,36632,80400,0.986666526687
2020-06-10,3,413,,,,,,,431,152,855,6413,2644,11753,56813,36784,81255,0.989256055411
2020-06-11,1,414,,,,,,,434,150,872,6405,2590,11865,57247,36935,82127,0.991192713278
2020-06-12,0,414,,,,,,,436,151,890,6405,2542,11995,57683,37087,83016,0.992610843023
2020-06-13,5,419,,,,,,,439,150,908,6412,2496,12146,58122,37237,83923,0.993624183107
2020-06-14,3,422,,,,,,,441,146,926,6426,2450,12317,58563,37384,84849,0.994325548555
2020-06-15,1,423,,,,,,,444,144,946,6445,2407,12507,59007,37529,85795,0.994788704745
2020-06-16,,,3,1,5,426,424,428,447,140,967,6467,2366,12716,59453,37670,86761,
2020-06-17,,,3,1,5,429,425,433,449,137,987,6495,2325,12942,59903,37807,87748,
2020-06-18,,,3,1,6,432,427,439,452,135,1009,6525,2285,13188,60355,37943,88756,
2020-06-19,,,3,1,6,435,428,444,455,132,1031,6558,2248,13445,60811,38075,89786,
2020-06-20,,,3,1,6,438,429,449,459,129,1050,6594,2213,13709,61269,38205,90836,
2020-06-21,,,3,1,6,441,431,454,462,128,1072,6631,2178,13978,61731,38333,91908,
2020-06-22,,,3,1,6,443,432,459,465,125,1094,6671,2141,14256,62196,38459,93001,
2020-06-23,,,3,1,6,446,433,464,468,123,1117,6711,2106,14553,62664,38582,94117,
2020-06-24,,,3,1,6,449,434,469,472,120,1139,6754,2071,14856,63136,38703,95256,
2020-06-25,,,3,1,6,452,436,475,475,118,1162,6798,2036,15164,63611,38821,96418,
2020-06-26,,,3,1,6,455,437,480,479,116,1186,6843,2002,15477,64090,38938,97603,
2020-06-27,,,3,1,6,458,438,486,482,113,1206,6889,1964,15793,64572,39051,98808,
2020-06-28,,,3,1,6,461,439,491,486,111,1229,6936,1925,16114,65058,39163,100037,
2020-06-29,,,3,1,6,464,440,497,490,109,1253,6984,1888,16441,65547,39273,101290,
2020-06-30,,,3,1,6,467,441,503,493,107,1278,7034,1851,16773,66041,39380,102567,
2020-07-01,,,3,1,6,470,443,509,497,106,1303,7084,1817,17110,66538,39487,103870,
2020-07-02,,,3,1,7,473,444,515,500,105,1324,7135,1784,17447,67037,39592,105194,
2020-07-03,,,3,1,7,476,445,521,502,104,1345,7184,1753,17783,67540,39696,106538,
2020-07-04,,,3,1,7,480,446,528,505,101,1365,7234,1723,18117,68044,39798,107903,
2020-07-05,,,3,1,7,483,447,534,507,99,1385,7282,1693,18452,68552,39898,109288,
2020-07-06,,,3,1,7,486,448,541,510,97,1404,7330,1662,18785,69061,39996,110692,
2020-07-07,,,3,1,7,489,449,548,511,95,1422,7377,1632,19113,69573,40091,112113,
2020-07-08,,,3,1,7,492,450,555,513,93,1438,7421,1602,19434,70085,40185,113551,
2020-07-09,,,3,0,8,495,451,562,514,91,1454,7464,1573,19749,70600,40277,115005,
2020-07-10,,,3,0,8,499,452,569,515,89,1474,7504,1545,20061,71115,40366,116478,
2020-07-11,,,3,0,8,502,453,576,516,87,1493,7542,1516,20368,71632,40454,117970,
2020-07-12,,,3,0,8,505,454,584,517,85,1511,7577,1488,20673,72148,40540,119481,
2020-07-13,,,3,0,8,508,455,591,517,83,1527,7608,1460,20971,72666,40624,121008,
2020-07-14,,,3,0,8,512,456,599,517,81,1543,7636,1432,21261,73183,40705,122550,
2020-07-15,,,3,0,8,515,456,607,517,80,1557,7660,1405,21540,73701,40786,124106,
2020-07-16,,,3,0,9,518,457,615,517,78,1571,7680,1377,21807,74217,40864,125677,
2020-07-17,,,3,0,9,522,458,624,516,77,1581,7696,1349,22064,74734,40941,127258,
2020-07-18,,,3,0,9,525,459,632,515,75,1590,7709,1321,22309,75249,41017,128847,
2020-07-19,,,3,0,9,529,460,641,514,74,1597,7719,1294,22541,75763,41092,130444,
2020-07-20,,,3,0,9,532,461,649,513,73,1603,7724,1267,22759,76276,41165,132046,
2020-07-21,,,3,0,9,536,461,658,511,72,1612,7726,1241,22967,76787,41237,133658,
2020-07-22,,,4,0,10,539,462,668,509,70,1621,7723,1216,23166,77296,41308,135279,
2020-07-23,,,4,0,10,543,463,677,507,69,1629,7717,1192,23356,77803,41378,136907,
2020-07-24,,,4,0,10,546,464,686,505,67,1635,7708,1168,23537,78307,41446,138542,
2020-07-25,,,4,0,10,550,464,696,502,66,1641,7694,1145,23704,78809,41512,140182,
2020-07-26,,,4,0,10,553,465,706,499,65,1642,7677,1123,23853,79308,41577,141823,
2020-07-27,,,4,0,10,557,466,715,496,63,1638,7656,1101,23980,79804,41641,143460,
2020-07-28,,,4,0,10,561,466,725,493,61,1632,7631,1079,24085,80297,41703,145092,
2020-07-29,,,4,0,11,564,467,735,489,60,1626,7603,1058,24169,80786,41763,146718,
2020-07-30,,,4,0,11,568,468,746,486,58,1622,7571,1036,24233,81272,41822,148339,
2020-07-31,,,4,0,11,572,468,756,482,57,1618,7536,1015,24280,81754,41879,149956,
2020-08-01,,,4,0,11,575,469,767,478,55,1613,7498,993,24311,82232,41935,151569,
2020-08-02,,,4,0,11,579,470,777,474,54,1610,7457,972,24331,82706,41990,153178,
2020-08-03,,,4,0,11,583,470,788,470,53,1606,7412,951,24340,83176,42044,154783,
2020-08-04,,,4,0,11,586,471,799,466,52,1603,7365,930,24340,83641,42096,156386,
2020-08-05,,,4,0,11,590,472,810,461,50,1601,7315,909,24328,84102,42147,157986,
2020-08-06,,,4,0,12,594,472,821,457,49,1594,7263,888,24302,84559,42196,159580,
2020-08-07,,,4,0,12,597,473,832,452,48,1589,7208,867,24262,85011,42245,161168,
2020-08-08,,,4,0,12,601,473,843,447,48,1572,7151,847,24199,85458,42293,162740,
2020-08-09,,,4,0,12,605,474,855,443,47,1561,7092,828,24118,85901,42341,164300,
2020-08-10,,,4,0,12,608,474,866,438,45,1547,7030,809,24023,86339,42386,165846,
2020-08-11,,,4,0,12,612,475,877,433,44,1532,6967,789,23918,86771,42431,167377,
2020-08-12,,,4,0,12,616,475,889,428,43,1523,6902,771,23808,87199,42475,168900,
2020-08-13,,,4,0,12,619,476,900,423,43,1501,6836,754,23683,87622,42518,170400,
2020-08-14,,,4,0,12,623,476,912,418,42,1488,6768,738,23549,88040,42561,171887,
2020-08-15,,,4,0,12,626,477,924,413,41,1473,6699,723,23405,88453,42602,173360,
2020-08-16,,,4,0,12,630,477,935,408,41,1458,6629,708,23250,88861,42644,174818,
2020-08-17,,,4,0,12,634,478,947,403,40,1443,6558,693,23083,89263,42684,176260,
2020-08-18,,,4,0,12,637,478,959,397,39,1426,6485,680,22903,89661,42724,177686,
2020-08-19,,,4,0,12,641,479,970,392,38,1409,6412,667,22710,90053,42763,179095,
2020-08-20,,,3,0,12,644,479,982,387,38,1391,6338,654,22500,90440,42801,180485,
2020-08-21,,,3,0,12,648,479,993,382,37,1373,6264,641,22278,90822,42838,181858,
2020-08-22,,,3,0,12,651,480,1005,377,37,1354,6188,630,22043,91199,42876,183211,
2020-08-23,,,3,0,12,654,480,1016,372,36,1334,6113,618,21806,91571,42912,184545,
2020-08-24,,,3,0,12,658,481,1028,367,36,1328,6037,607,21573,91938,42948,185872,
2020-08-25,,,3,0,12,661,481,1039,362,35,1321,5961,597,21347,92299,42984,187193,
2020-08-26,,,3,0,12,664,481,1050,357,34,1308,5884,587,21123,92656,43018,188500,
2020-08-27,,,3,0,12,668,482,1062,352,34,1294,5808,577,20895,93007,43053,189794,
2020-08-28,,,3,0,12,671,482,1073,347,33,1280,5732,568,20674,93354,43086,191074,
2020-08-29,,,3,0,12,674,482,1084,342,33,1265,5655,558,20452,93696,43119,192339,
2020-08-30,,,3,0,12,677,483,1096,337,32,1245,5579,549,20223,94032,43152,193583,
2020-08-31,,,3,0,12,680,483,1107,332,32,1224,5503,540,19989,94364,43184,194806,
2020-09-01,,,3,0,11,684,483,1118,327,31,1203,5428,531,19748,94691,43216,196008,
2020-09-02,,,3,0,11,687,484,1129,322,31,1181,5353,523,19503,95014,43248,197189,
2020-09-03,,,3,0,11,690,484,1139,318,31,1159,5278,516,19253,95331,43279,198348,
2020-09-04,,,3,0,11,693,484,1150,313,30,1137,5204,508,18999,95644,43309,199484,
2020-09-05,,,3,0,11,696,485,1161,308,30,1115,5130,501,18742,95952,43340,200599,
2020-09-06,,,3,0,11,699,485,1171,304,30,1093,5057,494,18480,96256,43370,201691,
2020-09-07,,,3,0,11,701,485,1181,299,29,1071,4984,487,18217,96555,43399,202762,
2020-09-08,,,3,0,11,704,486,1192,295,29,1049,4912,480,17938,96850,43429,203810,
2020-09-09,,,3,0,11,707,486,1202,290,29,1027,4840,473,17644,97140,43458,204836,
2020-09-10,,,3,0,11,710,486,1212,286,29,1010,4770,468,17347,97425,43487,205846,
2020-09-11,,,3,0,10,713,486,1222,281,28,992,4699,463,17045,97707,43516,206838,
2020-09-12,,,3,0,10,715,487,1231,277,28,976,4630,458,16740,97984,43544,207813,
2020-09-13,,,3,0,10,718,487,1241,273,28,955,4561,453,16430,98257,43573,208768,
2020-09-14,,,3,0,10,721,487,1250,269,27,935,4493,448,16120,98525,43601,209703,
2020-09-15,,,3,0,10,723,487,1260,265,27,916,4426,444,15812,98790,43628,210618,
2020-09-16,,,3,0,10,726,488,1269,261,26,897,4359,439,15506,99051,43655,211514,
2020-09-17,,,3,0,10,728,488,1279,257,26,878,4293,434,15203,99307,43682,212392,
2020-09-18,,,3,0,10,731,488,1288,253,26,859,4228,429,14903,99560,43708,213250,
2020-09-19,,,2,0,10,733,488,1297,249,25,841,4164,424,14607,99808,43734,214091,
2020-09-20,,,2,0,9,736,489,1306,245,25,823,4101,419,14315,100053,43759,214913,
2020-09-21,,,2,0,9,738,489,1315,241,24,805,4038,414,14028,100294,43784,215718,
2020-09-22,,,2,0,9,741,489,1323,237,24,788,3977,409,13745,100532,43809,216506,
2020-09-23,,,2,0,9,743,489,1332,234,24,771,3916,404,13467,100766,43833,217276,
2020-09-24,,,2,0,9,745,490,1340,230,23,755,3856,398,13195,100996,43856,218031,
2020-09-25,,,2,0,9,748,490,1348,227,23,740,3797,392,12924,101222,43880,218770,
2020-09-26,,,2,0,9,750,490,1357,223,22,726,3739,386,12658,101446,43903,219496,
2020-09-27,,,2,0,8,752,490,1364,220,22,714,3681,380,12397,101665,43925,220210,
2020-09-28,,,2,0,8,754,490,1372,216,22,703,3625,374,12145,101882,43948,220912,
2020-09-29,,,2,0,8,756,491,1380,213,22,692,3569,368,11901,102095,43970,221604,
2020-09-30,,,2,0,8,758,491,1387,210,21,682,3515,363,11667,102305,43991,222285,
2020-10-01,,,2,0,8,760,491,1395,207,21,671,3461,357,11442,102511,44013,222956,
