date,actual_deaths,total_deaths,predicted_deaths_mean,predicted_deaths_lower,predicted_deaths_upper,predicted_total_deaths_mean,predicted_total_deaths_lower,predicted_total_deaths_upper,predicted_new_infected_mean,predicted_new_infected_lower,predicted_new_infected_upper,predicted_current_infected_mean,predicted_current_infected_lower,predicted_current_infected_upper,predicted_total_infected_mean,predicted_total_infected_lower,predicted_total_infected_upper,r_values_mean
2020-02-25,,,,,,,,,52,25,75,52,25,75,52,25,75,1.64984334245
2020-02-26,,,,,,,,,52,25,75,105,50,150,105,50,150,1.64897142703
2020-02-27,,,,,,,,,52,25,75,157,75,225,157,75,225,1.64877865293
2020-02-28,,,,,,,,,52,25,75,210,100,300,210,100,300,1.64854332977
2020-02-29,,,,,,,,,52,25,75,262,125,375,262,125,375,1.64825610076
2020-03-01,,,,,,,,,52,25,75,314,150,450,314,150,450,1.64790556793
2020-03-02,,,,,,,,,52,25,75,367,175,525,367,175,525,1.64747785452
2020-03-03,,,,,,,,,52,25,75,419,200,600,419,200,600,1.64695607688
2020-03-04,,,,,,,,,52,25,75,472,225,675,472,225,675,1.64631970868
2020-03-05,,,,,,,,,135,69,195,606,294,870,606,294,870,1.64507732472
2020-03-06,,,,,,,,,134,69,195,740,364,1065,740,364,1065,1.64407360861
2020-03-07,,,,,,,,,140,73,203,880,437,1267,880,437,1267,1.64277065699
2020-03-08,,,,,,,,,152,80,222,1033,518,1488,1033,518,1488,1.64121787744
2020-03-09,,,,,,,,,178,96,260,1211,615,1747,1211,615,1747,1.63935422075
2020-03-10,,,,,,,,,218,121,319,1429,737,2066,1429,737,2066,1.63710767125
2020-03-11,,,,,,,,,249,141,364,1626,853,2354,1678,878,2429,1.63438500958
2020-03-12,,,,,,,,,275,158,403,1849,987,2682,1954,1037,2832,1.63107627681
2020-03-13,,,,,,,,,306,179,447,2103,1141,3054,2260,1216,3279,1.62707961621
2020-03-14,,,,,,,,,342,203,500,2392,1320,3478,2601,1420,3778,1.6222653846
2020-03-15,,,,,,,,,387,235,566,2726,1530,3969,2988,1655,4344,1.61646641389
2020-03-16,,,,,,,,,433,268,634,3107,1773,4527,3421,1923,4977,1.60948177772
2020-03-17,,,,,,,,,481,302,703,3535,2051,5154,3902,2226,5679,1.60106825535
2020-03-18,,,,,,,,,530,339,773,4013,2366,5852,4432,2566,6452,1.59094599949
2020-03-19,,,,,,,,,585,381,848,4545,2722,6625,5017,2947,7300,1.57878744137
2020-03-20,1,1,,,,,,,644,427,927,5055,3079,7356,5661,3374,8226,1.56421444339
2020-03-21,-1,0,,,,,,,707,477,1005,5627,3487,8166,6368,3852,9230,1.54681332587
2020-03-22,2,2,,,,,,,771,521,1100,6258,3935,9063,7139,4373,10330,1.52617267845
2020-03-23,0,2,,,,,,,836,559,1204,6942,4413,10045,7974,4932,11533,1.50195143799
2020-03-24,0,2,,,,,,,901,601,1293,7664,4918,11079,8875,5533,12826,1.47396324737
2020-03-25,0,2,,,,,,,965,643,1360,8411,5439,12120,9840,6176,14186,1.44225017687
2020-03-26,1,3,,,,,,,1027,685,1422,9189,5983,13178,10868,6862,15607,1.40711159012
2020-03-27,0,3,,,,,,,1086,728,1456,10000,6553,14232,11953,7590,17063,1.36907234074
2020-03-28,1,4,,,,,,,1139,771,1474,10833,7145,15259,13092,8362,18537,1.32881385846
2020-03-29,1,5,,,,,,,1186,813,1530,11677,7754,16289,14278,9175,20066,1.28710824811
2020-03-30,4,9,,,,,,,1226,854,1568,12516,8374,17291,15504,10029,21634,1.24478045591
2020-03-31,0,9,,,,,,,1259,876,1620,13342,8982,18277,16764,10906,23253,1.20269331464
2020-04-01,0,9,,,,,,,1284,909,1665,14146,9589,19239,18048,11816,24918,1.1617303659
2020-04-02,3,12,,,,,,,1302,939,1687,14917,10189,20153,19350,12755,26604,1.12275457996
2020-04-03,3,15,,,,,,,1312,933,1687,15645,10742,20991,20662,13689,28290,1.08653963811
2020-04-04,6,21,,,,,,,1316,954,1686,16317,11269,21750,21977,14644,29976,1.05368946589
2020-04-05,1,22,,,,,,,1314,958,1711,16924,11751,22456,23292,15603,31686,1.02457152212
2020-04-06,2,24,,,,,,,1308,966,1706,17461,12196,23063,24599,16569,33392,0.999288128717
2020-04-07,-2,22,,,,,,,1297,976,1691,17922,12613,23549,25896,17545,35082,0.977698347973
2020-04-08,5,27,,,,,,,1284,977,1661,18305,12989,23918,27180,18523,36743,0.959483002182
2020-04-09,5,32,,,,,,,1268,973,1635,18608,13320,24193,28448,19496,38378,0.944227672425
2020-04-10,6,38,,,,,,,1250,963,1617,18830,13597,24388,29698,20460,39994,0.931495929535
2020-04-11,9,47,,,,,,,1230,941,1583,18974,13811,24514,30928,21402,41577,0.920877617226
2020-04-12,3,50,,,,,,,1209,919,1544,19044,13959,24583,32137,22321,43120,0.912012014997
2020-04-13,2,52,,,,,,,1187,899,1506,19046,14045,24560,33324,23220,44626,0.904593545243
2020-04-14,15,67,,,,,,,1165,891,1472,18984,14082,24463,34489,24111,46097,0.898368289279
2020-04-15,5,72,,,,,,,1142,873,1442,18867,14078,24285,35630,24985,47538,0.893127019129
2020-04-16,9,81,,,,,,,1119,866,1410,18701,14035,24030,36749,25851,48948,0.888697763843
2020-04-17,5,86,,,,,,,1095,845,1374,18495,13940,23718,37844,26696,50322,0.884939149789
2020-04-18,5,91,,,,,,,1072,829,1347,18255,13836,23378,38917,27526,51668,0.88173483645
2020-04-19,5,96,,,,,,,1049,811,1328,17988,13693,23021,39965,28338,52996,0.878988988306
2020-04-20,9,105,,,,,,,1026,790,1310,17700,13525,22620,40991,29128,54305,0.876622610929
2020-04-21,7,112,,,,,,,1003,773,1291,17395,13333,22205,41995,29902,55596,0.874570576527
2020-04-22,15,127,,,,,,,981,753,1266,17079,13110,21780,42975,30655,56862,0.872779194611
2020-04-23,12,139,,,,,,,959,737,1240,16754,12870,21359,43934,31393,58101,0.87120421665
2020-04-24,14,153,,,,,,,937,716,1213,16423,12613,20936,44871,32110,59314,0.869809190223
2020-04-25,12,165,,,,,,,915,692,1186,16088,12342,20506,45786,32803,60499,0.868564097938
2020-04-26,13,178,,,,,,,894,668,1160,15752,12069,20083,46680,33471,61659,0.867444230485
2020-04-27,7,185,,,,,,,874,645,1134,15417,11796,19673,47554,34117,62792,0.86642925348
2020-04-28,5,190,,,,,,,853,619,1110,15083,11516,19277,48407,34737,63902,0.865502435311
2020-04-29,15,205,,,,,,,833,594,1097,14751,11220,18902,49240,35332,64998,0.864650008856
2020-04-30,19,224,,,,,,,814,570,1078,14423,10917,18537,50054,35902,66075,0.863860644497
2020-05-01,7,231,,,,,,,794,548,1059,14099,10600,18186,50848,36451,67134,0.863067554775
2020-05-02,9,240,,,,,,,776,533,1044,13779,10288,17856,51624,36985,68178,0.862326047287
2020-05-03,11,251,,,,,,,757,517,1030,13465,9976,17539,52381,37503,69207,0.861627305693
2020-05-04,7,258,,,,,,,739,496,1015,13155,9661,17226,53120,37999,70221,0.860961313425
2020-05-05,6,264,,,,,,,721,474,1000,12850,9344,16916,53841,38473,71221,0.86031207672
2020-05-06,13,277,,,,,,,704,453,985,12551,9024,16611,54545,38926,72206,0.859720028596
2020-05-07,8,285,,,,,,,687,436,971,12257,8707,16315,55232,39363,73176,0.859241184872
2020-05-08,19,304,,,,,,,670,420,956,11968,8390,16031,55902,39784,74132,0.858773497073
2020-05-09,7,311,,,,,,,654,402,941,11686,8076,15759,56556,40186,75072,0.858316753237
2020-05-10,12,323,,,,,,,638,383,926,11408,7766,15498,57194,40570,75997,0.85787080567
2020-05-11,5,328,,,,,,,622,364,910,11136,7463,15249,57816,40934,76907,0.857435528729
2020-05-12,8,336,,,,,,,607,348,895,10870,7165,15011,58423,41283,77802,0.857010828624
2020-05-13,14,350,,,,,,,592,334,880,10608,6880,14780,59015,41617,78681,0.856596658151
2020-05-14,8,358,,,,,,,577,320,865,10352,6606,14549,59592,41938,79546,0.856193042932
2020-05-15,10,368,,,,,,,563,307,850,10101,6342,14321,60155,42245,80396,0.85580012312
2020-05-16,7,375,,,,,,,549,294,835,9855,6088,14098,60704,42540,81231,0.855418203871
2020-05-17,8,383,,,,,,,535,282,821,9614,5837,13874,61238,42822,82051,0.855047831106
2020-05-18,9,392,,,,,,,521,269,806,9378,5589,13650,61759,43092,82856,0.85468990713
2020-05-19,8,400,,,,,,,508,257,791,9147,5350,13426,62267,43350,83647,0.854345862955
2020-05-20,7,407,,,,,,,495,246,776,8920,5123,13202,62761,43596,84423,0.854017917246
2020-05-21,5,412,,,,,,,482,236,761,8698,4905,12978,63243,43832,85183,0.853709459516
2020-05-22,6,418,,,,,,,469,225,746,8480,4695,12753,63712,44058,85929,0.853425618068
2020-05-23,9,427,,,,,,,457,214,731,8267,4489,12528,64169,44273,86659,0.853174101051
2020-05-24,5,432,,,,,,,445,204,716,8058,4291,12303,64614,44477,87374,0.852966437685
2020-05-25,8,440,,,,,,,433,194,701,7853,4102,12078,65047,44672,88075,0.852819800266
2020-05-26,0,440,,,,,,,421,185,686,7652,3923,11854,65469,44858,88761,0.852759656037
2020-05-27,5,445,,,,,,,411,177,673,7456,3752,11631,65879,45036,89433,0.852823578481
2020-05-28,8,453,,,,,,,400,170,659,7264,3588,11410,66280,45206,90091,0.85306658076
2020-05-29,7,460,,,,,,,390,163,645,7077,3431,11190,66670,45369,90736,0.85356818613
2020-05-30,2,462,,,,,,,381,156,632,6895,3280,10972,67050,45526,91368,0.854442599933
2020-05-31,4,466,,,,,,,371,151,620,6718,3137,10757,67422,45677,91987,0.855849616801
2020-06-01,2,468,,,,,,,363,145,609,6547,3000,10545,67785,45823,92596,0.858005592193
2020-06-02,2,470,,,,,,,355,140,600,6381,2871,10340,68140,45963,93196,0.861188893196
2020-06-03,3,473,,,,,,,348,135,590,6221,2748,10139,68488,46098,93786,0.865729541411
2020-06-04,2,475,,,,,,,342,131,583,6069,2633,9946,68830,46229,94368,0.87196717306
2020-06-05,4,479,,,,,,,337,126,579,5924,2523,9763,69167,46356,94946,0.88016126587
2020-06-06,4,483,,,,,,,333,124,577,5788,2421,9595,69501,46480,95523,0.890355150855
2020-06-07,6,489,,,,,,,330,120,576,5662,2327,9440,69831,46601,96098,0.902238527888
2020-06-08,2,491,,,,,,,329,118,580,5545,2241,9305,70160,46719,96678,0.915100984292
2020-06-09,4,495,,,,,,,326,115,583,5439,2162,9187,70486,46835,97261,0.924740519185
2020-06-10,4,499,,,,,,,325,114,588,5342,2092,9088,70810,46950,97848,0.933947808
2020-06-11,3,502,,,,,,,324,113,593,5255,2027,9008,71134,47063,98441,0.942366321912
2020-06-12,4,506,,,,,,,323,111,597,5178,1968,8946,71458,47174,99037,0.949757726119
2020-06-13,5,511,,,,,,,323,109,604,5111,1915,8905,71781,47284,99641,0.956015213266
2020-06-14,4,515,,,,,,,323,108,613,5054,1866,8886,72104,47393,100253,0.961145916732
2020-06-15,0,515,,,,,,,323,106,621,5006,1822,8887,72427,47499,100874,0.965237255185
2020-06-16,,,3,1,6,518,516,521,324,104,630,4966,1781,8908,72751,47604,101503,
2020-06-17,,,3,1,6,522,517,526,324,102,640,4935,1743,8948,73075,47707,102143,
2020-06-18,,,3,1,6,525,519,531,325,100,650,4911,1709,9008,73400,47808,102793,
2020-06-19,,,3,1,5,528,520,536,325,100,661,4895,1678,9086,73725,47908,103453,
2020-06-20,,,3,1,5,531,521,541,326,99,672,4883,1651,9180,74051,48008,104125,
2020-06-21,,,3,1,5,533,522,546,327,98,684,4877,1626,9286,74377,48107,104808,
2020-06-22,,,3,1,5,536,524,550,328,97,695,4874,1604,9405,74705,48205,105503,
2020-06-23,,,3,1,5,539,525,555,328,96,707,4874,1582,9532,75033,48302,106210,
2020-06-24,,,3,1,5,542,526,559,329,95,720,4877,1562,9669,75363,48397,106929,
2020-06-25,,,3,0,5,544,527,564,330,94,732,4883,1542,9813,75693,48492,107661,
2020-06-26,,,2,0,5,547,528,568,331,93,744,4890,1522,9965,76024,48586,108405,
2020-06-27,,,2,0,5,549,529,572,332,92,757,4899,1504,10125,76357,48679,109161,
2020-06-28,,,2,0,5,551,529,576,333,91,768,4909,1486,10288,76690,48770,109929,
2020-06-29,,,2,0,5,554,530,580,335,91,780,4921,1468,10455,77025,48862,110708,
2020-06-30,,,2,0,5,556,531,585,336,90,791,4933,1453,10626,77361,48952,111499,
2020-07-01,,,2,0,5,558,532,589,337,90,803,4947,1438,10798,77698,49042,112301,
2020-07-02,,,2,0,5,561,533,593,338,88,814,4961,1424,10972,78036,49131,113115,
2020-07-03,,,2,0,5,563,534,597,339,86,826,4976,1410,11148,78375,49218,113940,
2020-07-04,,,2,0,5,565,534,601,341,85,837,4991,1394,11324,78716,49303,114777,
2020-07-05,,,2,0,5,568,535,606,342,84,849,5007,1379,11500,79058,49387,115625,
2020-07-06,,,2,0,5,570,536,610,343,83,860,5024,1363,11677,79402,49471,116485,
2020-07-07,,,2,0,5,572,537,615,345,82,872,5041,1347,11854,79746,49553,117357,
2020-07-08,,,2,0,5,575,538,619,346,80,887,5059,1331,12033,80093,49633,118243,
2020-07-09,,,2,0,5,577,538,624,347,78,897,5077,1313,12211,80439,49711,119140,
2020-07-10,,,2,0,5,579,539,628,347,76,908,5094,1295,12387,80787,49787,120047,
2020-07-11,,,2,0,5,582,540,633,348,74,918,5110,1275,12560,81134,49862,120964,
2020-07-12,,,2,0,5,584,540,638,348,72,928,5126,1255,12731,81482,49934,121891,
2020-07-13,,,2,0,5,586,541,643,348,70,937,5140,1234,12900,81831,50005,122828,
2020-07-14,,,2,0,5,589,542,648,348,68,945,5154,1212,13065,82179,50074,123772,
2020-07-15,,,2,0,6,591,543,653,348,67,952,5166,1189,13225,82527,50142,124724,
2020-07-16,,,2,0,6,593,543,658,348,66,959,5177,1165,13382,82875,50208,125683,
2020-07-17,,,2,0,6,596,544,663,347,64,966,5186,1142,13534,83222,50273,126649,
2020-07-18,,,2,0,6,598,545,668,346,63,973,5193,1118,13682,83568,50336,127621,
2020-07-19,,,2,0,6,600,545,674,346,61,979,5198,1094,13824,83914,50398,128600,
2020-07-20,,,2,0,6,603,546,679,345,60,983,5200,1071,13958,84258,50459,129583,
2020-07-21,,,2,0,6,605,546,685,343,59,983,5200,1047,14081,84602,50518,130565,
2020-07-22,,,2,0,6,608,547,691,342,57,981,5197,1023,14190,84943,50576,131546,
2020-07-23,,,2,0,6,610,548,696,340,56,982,5191,999,14285,85284,50632,132528,
2020-07-24,,,2,0,6,612,548,702,339,55,987,5183,976,14375,85622,50688,133514,
2020-07-25,,,2,0,6,615,549,708,337,54,994,5173,955,14461,85959,50743,134508,
2020-07-26,,,2,0,6,617,550,714,335,52,1000,5160,933,14543,86294,50795,135507,
2020-07-27,,,2,0,7,620,550,720,333,50,1004,5144,911,14620,86627,50846,136511,
2020-07-28,,,2,0,7,622,551,726,330,49,1006,5126,890,14688,86957,50896,137516,
2020-07-29,,,2,0,7,625,551,732,328,48,1009,5106,869,14753,87285,50944,138524,
2020-07-30,,,2,0,7,627,552,739,325,46,1012,5083,848,14812,87610,50991,139535,
2020-07-31,,,2,0,7,629,553,745,323,45,1015,5058,827,14867,87933,51036,140550,
2020-08-01,,,2,0,7,632,553,751,320,43,1017,5031,806,14918,88253,51080,141566,
2020-08-02,,,2,0,7,634,554,758,317,42,1014,5001,786,14959,88569,51123,142580,
2020-08-03,,,2,0,7,637,554,765,314,41,1013,4969,766,14993,88883,51164,143592,
2020-08-04,,,2,0,7,639,555,771,311,40,1012,4935,745,15022,89194,51205,144604,
2020-08-05,,,2,0,7,642,555,778,307,39,1004,4899,725,15043,89501,51244,145607,
2020-08-06,,,2,0,7,644,556,785,304,37,998,4862,705,15060,89805,51282,146605,
2020-08-07,,,2,0,7,647,556,792,301,36,993,4822,686,15071,90106,51319,147598,
2020-08-08,,,2,0,7,649,557,798,297,35,988,4780,665,15071,90403,51354,148585,
2020-08-09,,,2,0,7,652,557,805,294,34,982,4737,645,15059,90696,51388,149566,
2020-08-10,,,2,0,7,654,557,812,290,33,975,4692,626,15034,90986,51422,150541,
2020-08-11,,,2,0,7,657,558,819,287,32,968,4646,607,14998,91273,51454,151508,
2020-08-12,,,2,0,7,659,558,826,283,31,960,4599,589,14953,91556,51485,152468,
2020-08-13,,,2,0,7,662,559,833,279,31,953,4550,572,14897,91835,51517,153420,
2020-08-14,,,2,0,7,664,559,840,276,30,944,4501,556,14829,92111,51547,154364,
2020-08-15,,,2,0,8,666,559,847,272,30,935,4450,541,14750,92383,51578,155299,
2020-08-16,,,2,0,8,669,560,854,268,29,924,4399,527,14657,92651,51608,156223,
2020-08-17,,,2,0,8,671,560,861,265,29,913,4347,514,14557,92916,51637,157136,
2020-08-18,,,2,0,8,673,561,869,261,29,902,4294,501,14445,93177,51666,158037,
2020-08-19,,,2,0,8,676,561,876,257,28,890,4241,489,14323,93434,51695,158927,
2020-08-20,,,2,0,8,678,561,883,254,28,878,4187,479,14198,93688,51723,159804,
2020-08-21,,,2,0,8,680,562,890,250,27,865,4133,468,14065,93938,51751,160669,
2020-08-22,,,2,0,8,683,562,897,247,27,853,4079,459,13924,94185,51778,161521,
2020-08-23,,,2,0,8,685,562,905,243,27,839,4025,451,13776,94428,51805,162360,
2020-08-24,,,2,0,8,687,563,912,239,26,827,3971,444,13621,94667,51832,163186,
2020-08-25,,,2,0,8,690,563,919,236,26,815,3916,437,13460,94903,51859,164001,
2020-08-26,,,2,0,8,692,563,926,232,26,808,3862,430,13301,95135,51885,164809,
2020-08-27,,,2,0,8,694,563,933,229,25,798,3808,425,13139,95364,51910,165606,
2020-08-28,,,2,0,8,696,564,940,225,25,788,3754,419,12973,95589,51936,166393,
2020-08-29,,,2,0,8,698,564,947,222,25,777,3700,413,12806,95811,51961,167170,
2020-08-30,,,2,0,8,700,564,954,218,24,766,3646,408,12637,96029,51986,167935,
2020-08-31,,,2,0,7,702,564,961,215,24,755,3593,403,12467,96244,52011,168689,
2020-09-01,,,2,0,7,704,565,968,212,24,743,3539,398,12297,96455,52035,169432,
2020-09-02,,,2,0,7,707,565,975,208,24,732,3487,393,12127,96664,52059,170164,
2020-09-03,,,2,0,7,709,565,982,205,23,720,3434,388,11957,96868,52083,170884,
2020-09-04,,,2,0,7,711,565,989,202,23,708,3382,383,11788,97070,52106,171591,
2020-09-05,,,2,0,7,712,566,996,198,23,696,3330,378,11618,97268,52130,172287,
2020-09-06,,,2,0,7,714,566,1002,195,22,684,3279,374,11450,97464,52152,172971,
2020-09-07,,,2,0,7,716,566,1009,192,22,672,3228,369,11283,97656,52175,173643,
2020-09-08,,,2,0,7,718,566,1015,189,22,660,3177,365,11116,97844,52197,174302,
2020-09-09,,,2,0,7,720,566,1022,186,21,647,3128,360,10949,98030,52219,174949,
2020-09-10,,,2,0,7,722,567,1028,183,21,635,3078,356,10775,98213,52241,175583,
2020-09-11,,,2,0,7,724,567,1034,180,21,623,3029,351,10600,98393,52262,176205,
2020-09-12,,,2,0,7,725,567,1040,177,21,610,2981,347,10422,98570,52284,176815,
2020-09-13,,,2,0,7,727,567,1046,174,20,597,2933,343,10242,98744,52305,177411,
2020-09-14,,,2,0,6,729,567,1052,171,20,584,2886,339,10060,98915,52325,177995,
2020-09-15,,,2,0,6,731,568,1058,168,20,571,2839,335,9877,99083,52346,178566,
2020-09-16,,,2,0,6,732,568,1064,166,19,558,2794,330,9692,99249,52366,179124,
2020-09-17,,,2,0,6,734,568,1070,163,19,546,2748,326,9506,99412,52385,179669,
2020-09-18,,,2,0,6,736,568,1075,160,19,535,2704,321,9320,99572,52405,180203,
2020-09-19,,,2,0,6,737,568,1081,158,19,524,2660,317,9136,99730,52424,180727,
2020-09-20,,,2,0,6,739,569,1086,155,18,516,2616,312,8956,99885,52443,181242,
2020-09-21,,,2,0,6,740,569,1092,153,18,507,2574,308,8779,100037,52461,181749,
2020-09-22,,,2,0,6,742,569,1097,150,18,497,2532,304,8604,100187,52479,182246,
2020-09-23,,,2,0,6,743,569,1103,148,17,487,2490,299,8431,100335,52497,182733,
2020-09-24,,,1,0,6,745,569,1108,145,17,477,2450,295,8261,100480,52515,183209,
2020-09-25,,,1,0,6,746,569,1113,143,17,466,2410,291,8091,100623,52532,183674,
2020-09-26,,,1,0,6,748,570,1118,141,17,455,2371,286,7924,100764,52549,184129,
2020-09-27,,,1,0,5,749,570,1123,138,16,445,2332,282,7760,100902,52566,184574,
2020-09-28,,,1,0,5,751,570,1128,136,16,435,2294,278,7598,101038,52583,185008,
2020-09-29,,,1,0,5,752,570,1132,134,16,425,2257,274,7439,101172,52600,185433,
2020-09-30,,,1,0,5,753,570,1137,132,16,416,2221,270,7284,101304,52616,185849,
2020-10-01,,,1,0,5,755,570,1142,130,16,406,2185,266,7132,101434,52632,186255,
