date,actual_deaths,total_deaths,predicted_deaths_mean,predicted_deaths_lower,predicted_deaths_upper,predicted_total_deaths_mean,predicted_total_deaths_lower,predicted_total_deaths_upper,predicted_new_infected_mean,predicted_new_infected_lower,predicted_new_infected_upper,predicted_current_infected_mean,predicted_current_infected_lower,predicted_current_infected_upper,predicted_total_infected_mean,predicted_total_infected_lower,predicted_total_infected_upper,r_values_mean
2020-03-02,,,,,,,,,37,25,40,37,25,40,37,25,40,2.14444444444
2020-03-03,,,,,,,,,37,25,40,74,50,80,74,50,80,2.12030620207
2020-03-04,,,,,,,,,37,25,40,111,75,120,111,75,120,2.1149369632
2020-03-05,,,,,,,,,37,25,40,149,100,160,149,100,160,2.10835643263
2020-03-06,,,,,,,,,37,25,40,186,125,200,186,125,200,2.10027933327
2020-03-07,,,,,,,,,37,25,40,223,150,240,223,150,240,2.09034651617
2020-03-08,,,,,,,,,37,25,40,260,175,280,260,175,280,2.07810413687
2020-03-09,,,,,,,,,37,25,40,297,200,320,297,200,320,2.06297905347
2020-03-10,,,,,,,,,37,25,40,334,225,360,334,225,360,2.04425388913
2020-03-11,,,,,,,,,112,71,142,446,296,502,446,296,502,2.02088372696
2020-03-12,,,,,,,,,110,71,141,556,367,643,556,367,643,1.99215503991
2020-03-13,,,,,,,,,116,75,152,672,443,794,672,443,794,1.95675643547
2020-03-14,,,,,,,,,128,83,174,800,526,967,800,526,967,1.91364396623
2020-03-15,,,,,,,,,153,98,218,953,624,1185,953,624,1185,1.86194784406
2020-03-16,,,,,,,,,191,122,284,1144,746,1469,1144,746,1469,1.80121889626
2020-03-17,,,,,,,,,216,140,327,1323,862,1755,1360,887,1795,1.73156061936
2020-03-18,,,,,,,,,233,156,358,1519,994,2072,1593,1044,2152,1.65367054472
2020-03-19,,,,,,,,,252,162,394,1733,1131,2426,1845,1206,2546,1.56881629562
2020-03-20,,,,,,,,,271,168,433,1967,1274,2818,2115,1374,2978,1.47875980658
2020-03-21,,,,,,,,,291,178,479,2221,1428,3257,2406,1553,3457,1.38568637061
2020-03-22,,,,,,,,,305,181,499,2488,1584,3716,2711,1734,3956,1.29210541252
2020-03-23,,,,,,,,,312,183,514,2763,1742,4190,3023,1917,4470,1.20069123603
2020-03-24,,,,,,,,,313,183,517,3039,1901,4667,3336,2101,4987,1.11407241541
2020-03-25,,,,,,,,,312,180,510,3313,2056,5137,3648,2281,5497,1.03458244594
2020-03-26,3,3,,,,,,,308,177,506,3509,2162,5501,3956,2459,6003,0.964012808991
2020-03-27,0,3,,,,,,,301,175,488,3700,2266,5848,4256,2634,6490,0.903413767277
2020-03-28,1,4,,,,,,,291,172,465,3876,2364,6161,4548,2807,6955,0.853001413093
2020-03-29,1,5,,,,,,,281,168,434,4028,2449,6421,4828,2975,7388,0.812221309372
2020-03-30,1,6,,,,,,,269,164,400,4144,2515,6603,5098,3140,7787,0.779961568152
2020-03-31,2,8,,,,,,,258,159,365,4211,2552,6684,5355,3299,8152,0.754837113119
2020-04-01,1,9,,,,,,,246,156,339,4242,2568,6696,5602,3456,8491,0.735443996204
2020-04-02,0,9,,,,,,,235,153,319,4244,2565,6657,5837,3609,8809,0.720523311706
2020-04-03,0,9,,,,,,,224,150,302,4217,2553,6565,6061,3759,9110,0.709031546816
2020-04-04,1,10,,,,,,,214,147,285,4160,2532,6417,6276,3907,9395,0.700145966793
2020-04-05,0,10,,,,,,,204,143,269,4073,2497,6206,6480,4050,9663,0.693237210068
2020-04-06,0,10,,,,,,,195,139,253,3964,2455,5960,6675,4190,9915,0.687831608056
2020-04-07,3,13,,,,,,,186,134,241,3838,2407,5686,6861,4324,10156,0.6835750113
2020-04-08,2,15,,,,,,,178,129,228,3703,2353,5397,7039,4454,10384,0.68020265319
2020-04-09,3,18,,,,,,,170,125,218,3561,2298,5105,7209,4580,10601,0.677515774601
2020-04-10,6,24,,,,,,,163,122,207,3416,2242,4806,7372,4702,10808,0.675364173572
2020-04-11,1,25,,,,,,,156,116,198,3272,2183,4515,7528,4818,11005,0.673633437281
2020-04-12,2,27,,,,,,,150,113,190,3130,2125,4240,7678,4932,11194,0.672235680543
2020-04-13,0,27,,,,,,,144,109,182,2993,2065,3988,7821,5041,11376,0.671102836803
2020-04-14,6,33,,,,,,,138,102,178,2861,2004,3766,7959,5144,11553,0.670181779738
2020-04-15,6,39,,,,,,,133,97,175,2736,1942,3576,8092,5241,11728,0.669047364596
2020-04-16,2,41,,,,,,,128,92,172,2617,1877,3409,8219,5334,11899,0.668051903317
2020-04-17,0,41,,,,,,,123,87,168,2505,1812,3258,8342,5421,12066,0.667340255554
2020-04-18,2,43,,,,,,,118,83,162,2399,1745,3118,8460,5505,12228,0.666899986087
2020-04-19,1,44,,,,,,,114,79,159,2299,1677,2992,8575,5584,12386,0.66652853487
2020-04-20,1,45,,,,,,,110,76,155,2205,1610,2878,8685,5661,12541,0.66612478833
2020-04-21,3,48,,,,,,,107,72,152,2117,1543,2778,8791,5733,12693,0.666105888421
2020-04-22,3,51,,,,,,,103,69,149,2033,1478,2686,8894,5803,12841,0.666089097749
2020-04-23,3,54,,,,,,,100,66,146,1955,1414,2604,8994,5869,12987,0.666075045366
2020-04-24,0,54,,,,,,,96,63,142,1882,1352,2527,9091,5932,13128,0.666064703499
2020-04-25,2,56,,,,,,,93,60,138,1812,1291,2458,9184,5993,13266,0.666059541697
2020-04-26,0,56,,,,,,,91,58,135,1747,1233,2395,9275,6052,13400,0.666061769979
2020-04-27,0,56,,,,,,,88,56,131,1685,1176,2337,9362,6109,13531,0.666074699622
2020-04-28,4,60,,,,,,,85,54,128,1627,1122,2283,9448,6164,13658,0.666103279421
2020-04-29,0,60,,,,,,,83,52,125,1571,1072,2230,9530,6217,13783,0.666154893976
2020-04-30,0,60,,,,,,,80,50,122,1519,1026,2177,9611,6267,13904,0.66624054501
2020-05-01,3,63,,,,,,,78,48,119,1469,982,2123,9689,6316,14022,0.666376594566
2020-05-02,1,64,,,,,,,76,46,116,1422,940,2071,9764,6362,14137,0.666587324225
2020-05-03,0,64,,,,,,,74,44,113,1378,901,2022,9838,6406,14249,0.666908660556
2020-05-04,0,64,,,,,,,72,42,110,1335,864,1973,9909,6449,14359,0.667393531739
2020-05-05,1,65,,,,,,,70,40,107,1294,828,1925,9979,6489,14465,0.6681194199
2020-05-06,1,66,,,,,,,68,38,105,1255,794,1877,10047,6528,14569,0.669198683443
2020-05-07,1,67,,,,,,,66,37,102,1218,762,1830,10112,6566,14671,0.670791957487
2020-05-08,0,67,,,,,,,64,35,100,1182,732,1784,10177,6602,14770,0.673124020401
2020-05-09,0,67,,,,,,,63,34,97,1149,704,1739,10239,6636,14867,0.676499274453
2020-05-10,0,67,,,,,,,61,33,95,1116,676,1696,10300,6670,14961,0.681309523488
2020-05-11,3,70,,,,,,,60,32,93,1085,650,1654,10360,6702,15054,0.688019548474
2020-05-12,-1,69,,,,,,,59,31,92,1056,625,1615,10419,6734,15145,0.697108113358
2020-05-13,0,69,,,,,,,58,31,91,1029,601,1578,10477,6765,15236,0.708941947345
2020-05-14,3,72,,,,,,,57,30,91,1004,579,1545,10534,6796,15327,0.723584650366
2020-05-15,0,72,,,,,,,57,30,91,981,558,1514,10591,6826,15418,0.740603192698
2020-05-16,1,73,,,,,,,57,30,92,959,540,1488,10648,6856,15509,0.759002003001
2020-05-17,0,73,,,,,,,56,30,93,940,524,1465,10704,6886,15602,0.772877240221
2020-05-18,1,74,,,,,,,56,29,94,922,509,1446,10760,6916,15695,0.786149752582
2020-05-19,0,74,,,,,,,56,29,95,907,497,1431,10816,6946,15789,0.798317438676
2020-05-20,3,77,,,,,,,56,29,96,893,486,1419,10872,6976,15884,0.809045043933
2020-05-21,0,77,,,,,,,56,29,97,881,477,1412,10927,7006,15980,0.818181953082
2020-05-22,2,79,,,,,,,55,29,97,870,469,1407,10983,7035,16077,0.825737624209
2020-05-23,0,79,,,,,,,55,28,98,861,462,1405,11038,7064,16174,0.831834318545
2020-05-24,0,79,,,,,,,55,28,99,853,455,1407,11092,7092,16273,0.836656804455
2020-05-25,0,79,,,,,,,54,27,100,847,449,1412,11147,7119,16372,0.840411332926
2020-05-26,0,79,,,,,,,54,26,101,841,443,1419,11201,7146,16473,0.843298094973
2020-05-27,2,81,,,,,,,54,25,102,835,437,1430,11254,7172,16574,0.845496030653
2020-05-28,1,82,,,,,,,53,24,103,831,430,1441,11307,7196,16677,0.847156698013
2020-05-29,0,82,,,,,,,53,23,104,826,423,1454,11360,7220,16780,0.848403795534
2020-05-30,0,82,,,,,,,52,22,105,821,416,1467,11412,7243,16884,0.84933566941
2020-05-31,0,82,,,,,,,51,21,105,815,408,1480,11463,7265,16989,0.850029048532
2020-06-01,0,82,,,,,,,51,20,106,809,399,1494,11514,7285,17095,0.850542982317
2020-06-02,1,83,,,,,,,50,20,107,804,389,1507,11564,7306,17201,0.850922462544
2020-06-03,0,83,,,,,,,50,19,108,798,379,1520,11614,7325,17309,0.851201510517
2020-06-04,0,83,,,,,,,49,19,109,791,368,1533,11663,7345,17417,0.851405640915
2020-06-05,0,83,,,,,,,49,18,110,785,357,1546,11712,7363,17526,0.851554038737
2020-06-06,0,83,,,,,,,48,17,110,778,345,1559,11761,7381,17636,0.851661034504
2020-06-07,0,83,,,,,,,48,17,111,771,334,1573,11809,7399,17747,0.851737307461
2020-06-08,0,83,,,,,,,48,17,112,764,323,1586,11856,7416,17858,0.851790797264
2020-06-09,2,85,,,,,,,47,16,113,757,312,1598,11904,7432,17970,0.851827396751
2020-06-10,0,85,,,,,,,47,16,113,750,302,1610,11951,7448,18083,0.851851485577
2020-06-11,0,85,,,,,,,47,15,113,743,292,1622,11998,7464,18195,0.851866317278
2020-06-12,2,87,,,,,,,46,15,114,737,283,1633,12044,7480,18309,0.851874305079
2020-06-13,0,87,,,,,,,46,15,115,730,275,1644,12090,7495,18424,0.851877237739
2020-06-14,0,87,,,,,,,46,14,116,724,267,1655,12136,7510,18539,0.851876438266
2020-06-15,0,87,,,,,,,46,14,117,719,260,1667,12182,7525,18655,0.851872886301
2020-06-16,,,0,0,1,87,87,88,45,14,117,713,253,1678,12227,7539,18772,
2020-06-17,,,0,0,1,88,87,89,45,14,118,708,247,1689,12272,7554,18889,
2020-06-18,,,0,0,1,88,87,90,45,14,118,703,242,1699,12316,7568,19007,
2020-06-19,,,0,0,1,89,87,91,44,13,119,697,236,1709,12361,7581,19126,
2020-06-20,,,0,0,1,89,87,91,44,13,119,692,231,1719,12405,7595,19245,
2020-06-21,,,0,0,1,89,88,92,44,13,120,687,227,1729,12448,7608,19364,
2020-06-22,,,0,0,1,90,88,93,43,13,120,682,223,1737,12491,7622,19484,
2020-06-23,,,0,0,1,90,88,94,43,13,120,677,219,1746,12534,7635,19603,
2020-06-24,,,0,0,1,91,88,95,42,12,120,672,215,1754,12576,7647,19723,
2020-06-25,,,0,0,1,91,88,95,42,12,120,667,211,1761,12618,7660,19843,
2020-06-26,,,0,0,1,91,88,96,42,12,120,662,208,1767,12660,7673,19962,
2020-06-27,,,0,0,1,92,89,97,41,12,120,657,205,1773,12701,7685,20082,
2020-06-28,,,0,0,1,92,89,98,41,12,120,651,202,1778,12742,7697,20201,
2020-06-29,,,0,0,1,92,89,98,40,12,120,646,199,1782,12782,7709,20321,
2020-06-30,,,0,0,1,93,89,99,40,11,120,640,196,1786,12822,7721,20441,
2020-07-01,,,0,0,1,93,89,100,39,11,120,634,193,1789,12861,7733,20560,
2020-07-02,,,0,0,1,93,89,101,39,11,120,629,191,1791,12901,7745,20679,
2020-07-03,,,0,0,1,94,89,102,39,11,120,623,188,1792,12939,7756,20799,
2020-07-04,,,0,0,1,94,89,102,38,11,119,617,186,1792,12977,7768,20917,
2020-07-05,,,0,0,1,94,89,103,38,11,119,611,183,1791,13015,7779,21035,
2020-07-06,,,0,0,1,95,90,104,37,11,118,604,181,1790,13052,7790,21153,
2020-07-07,,,0,0,1,95,90,105,37,11,117,598,179,1787,13089,7801,21270,
2020-07-08,,,0,0,1,95,90,106,36,11,117,592,177,1783,13126,7812,21386,
2020-07-09,,,0,0,1,96,90,107,36,10,116,586,175,1779,13162,7823,21502,
2020-07-10,,,0,0,1,96,90,107,36,10,116,579,173,1775,13197,7834,21617,
2020-07-11,,,0,0,1,96,90,108,35,10,115,573,172,1770,13233,7845,21732,
2020-07-12,,,0,0,1,97,90,109,35,10,115,566,170,1764,13267,7855,21846,
2020-07-13,,,0,0,1,97,90,110,34,10,114,560,168,1758,13302,7866,21959,
2020-07-14,,,0,0,1,97,90,111,34,10,113,553,167,1752,13335,7876,22072,
2020-07-15,,,0,0,1,97,90,112,33,10,113,547,165,1744,13369,7887,22184,
2020-07-16,,,0,0,1,98,91,113,33,10,112,540,164,1736,13402,7897,22296,
2020-07-17,,,0,0,1,98,91,113,33,10,111,534,162,1727,13434,7907,22406,
2020-07-18,,,0,0,1,98,91,114,32,10,110,528,161,1718,13467,7918,22516,
2020-07-19,,,0,0,1,99,91,115,32,10,109,521,160,1708,13499,7928,22625,
2020-07-20,,,0,0,1,99,91,116,31,10,109,515,158,1698,13530,7938,22733,
2020-07-21,,,0,0,1,99,91,117,31,10,108,509,157,1688,13561,7948,22840,
2020-07-22,,,0,0,1,100,91,118,31,9,107,502,156,1677,13592,7958,22946,
2020-07-23,,,0,0,1,100,91,119,30,9,106,496,155,1666,13622,7968,23051,
2020-07-24,,,0,0,1,100,91,119,30,9,105,490,154,1654,13652,7978,23156,
2020-07-25,,,0,0,1,100,91,120,30,9,103,484,153,1642,13682,7987,23259,
2020-07-26,,,0,0,1,101,91,121,29,9,102,479,152,1629,13711,7997,23360,
2020-07-27,,,0,0,1,101,92,122,29,9,101,473,151,1616,13740,8007,23461,
2020-07-28,,,0,0,1,101,92,123,29,9,100,467,150,1602,13769,8016,23561,
2020-07-29,,,0,0,1,101,92,124,28,9,99,462,149,1588,13797,8026,23659,
2020-07-30,,,0,0,1,102,92,124,28,9,98,456,148,1573,13825,8036,23756,
2020-07-31,,,0,0,1,102,92,125,28,9,97,451,147,1557,13853,8045,23852,
2020-08-01,,,0,0,1,102,92,126,27,9,95,446,147,1541,13880,8055,23947,
2020-08-02,,,0,0,1,102,92,127,27,9,94,441,146,1525,13907,8064,24041,
2020-08-03,,,0,0,1,103,92,128,27,9,93,436,145,1509,13934,8073,24134,
2020-08-04,,,0,0,1,103,92,128,27,9,92,431,144,1493,13961,8083,24225,
2020-08-05,,,0,0,1,103,92,129,26,9,91,426,144,1476,13987,8092,24316,
2020-08-06,,,0,0,1,103,92,130,26,9,90,422,143,1459,14013,8101,24405,
2020-08-07,,,0,0,1,104,92,131,26,9,89,417,142,1443,14039,8110,24494,
2020-08-08,,,0,0,1,104,92,132,26,9,88,413,142,1426,14065,8120,24581,
2020-08-09,,,0,0,1,104,92,132,25,9,87,408,141,1410,14090,8129,24668,
2020-08-10,,,0,0,1,104,93,133,25,9,86,404,140,1393,14115,8138,24753,
2020-08-11,,,0,0,1,105,93,134,25,9,85,400,140,1377,14140,8147,24838,
2020-08-12,,,0,0,1,105,93,135,25,9,84,396,139,1361,14165,8156,24921,
2020-08-13,,,0,0,1,105,93,135,25,9,83,393,139,1346,14190,8165,25004,
2020-08-14,,,0,0,1,105,93,136,24,9,82,389,138,1330,14214,8174,25086,
2020-08-15,,,0,0,1,105,93,137,24,9,82,385,138,1315,14238,8183,25167,
2020-08-16,,,0,0,1,106,93,138,24,9,81,382,137,1301,14262,8192,25247,
2020-08-17,,,0,0,1,106,93,138,24,8,80,378,137,1286,14286,8201,25327,
2020-08-18,,,0,0,1,106,93,139,24,8,79,375,136,1272,14309,8210,25405,
2020-08-19,,,0,0,1,106,93,140,23,8,78,372,136,1258,14333,8219,25483,
2020-08-20,,,0,0,1,106,93,141,23,8,78,369,136,1245,14356,8228,25560,
2020-08-21,,,0,0,1,107,93,141,23,8,77,366,135,1232,14379,8237,25636,
2020-08-22,,,0,0,1,107,93,142,23,8,76,363,135,1219,14402,8246,25712,
2020-08-23,,,0,0,1,107,93,143,23,8,75,360,135,1206,14425,8255,25787,
2020-08-24,,,0,0,1,107,94,143,23,8,75,358,135,1194,14448,8264,25861,
2020-08-25,,,0,0,1,107,94,144,23,8,74,355,134,1181,14470,8273,25934,
2020-08-26,,,0,0,1,108,94,145,22,8,73,353,134,1170,14493,8282,26007,
2020-08-27,,,0,0,1,108,94,145,22,8,72,350,134,1158,14515,8290,26079,
2020-08-28,,,0,0,1,108,94,146,22,8,72,348,134,1146,14537,8299,26150,
2020-08-29,,,0,0,1,108,94,146,22,8,71,346,133,1135,14559,8308,26221,
2020-08-30,,,0,0,1,108,94,147,22,8,71,343,133,1124,14581,8317,26291,
2020-08-31,,,0,0,1,109,94,148,22,8,70,341,133,1113,14603,8326,26360,
2020-09-01,,,0,0,1,109,94,148,22,8,69,339,133,1103,14625,8335,26429,
2020-09-02,,,0,0,1,109,94,149,22,8,69,337,133,1092,14647,8344,26497,
2020-09-03,,,0,0,1,109,94,150,22,8,68,335,133,1082,14668,8352,26565,
2020-09-04,,,0,0,1,109,94,150,21,8,68,333,133,1072,14690,8361,26632,
2020-09-05,,,0,0,1,109,94,151,21,8,67,332,132,1063,14711,8370,26699,
2020-09-06,,,0,0,1,110,94,151,21,8,66,330,132,1053,14732,8379,26765,
2020-09-07,,,0,0,1,110,94,152,21,8,66,328,132,1044,14753,8388,26830,
2020-09-08,,,0,0,1,110,95,152,21,8,65,326,132,1035,14774,8396,26895,
2020-09-09,,,0,0,1,110,95,153,21,8,65,325,132,1026,14795,8405,26959,
2020-09-10,,,0,0,1,110,95,154,21,8,64,323,132,1017,14816,8414,27023,
2020-09-11,,,0,0,1,110,95,154,21,8,64,322,132,1008,14837,8423,27087,
2020-09-12,,,0,0,1,111,95,155,21,8,63,320,132,1000,14858,8432,27149,
2020-09-13,,,0,0,1,111,95,155,21,8,63,319,132,992,14878,8440,27212,
2020-09-14,,,0,0,1,111,95,156,21,8,62,318,132,984,14899,8449,27274,
2020-09-15,,,0,0,1,111,95,156,21,8,62,316,132,976,14920,8458,27335,
2020-09-16,,,0,0,1,111,95,157,20,8,62,315,132,968,14940,8467,27396,
2020-09-17,,,0,0,1,111,95,157,20,8,61,314,131,960,14960,8476,27457,
2020-09-18,,,0,0,1,112,95,158,20,8,61,313,131,953,14981,8484,27517,
2020-09-19,,,0,0,1,112,95,158,20,8,60,311,131,945,15001,8493,27577,
2020-09-20,,,0,0,1,112,95,159,20,8,60,310,131,938,15021,8502,27636,
2020-09-21,,,0,0,1,112,95,159,20,8,59,309,131,931,15041,8511,27695,
2020-09-22,,,0,0,1,112,95,160,20,8,59,308,131,924,15061,8519,27754,
2020-09-23,,,0,0,1,112,95,160,20,8,59,307,131,918,15081,8528,27812,
2020-09-24,,,0,0,1,113,96,161,20,8,58,306,131,911,15101,8537,27870,
2020-09-25,,,0,0,1,113,96,161,20,8,58,305,131,905,15121,8546,27927,
2020-09-26,,,0,0,1,113,96,162,20,8,58,304,131,898,15141,8554,27984,
2020-09-27,,,0,0,1,113,96,162,20,8,57,303,131,892,15161,8563,28041,
2020-09-28,,,0,0,1,113,96,163,20,8,57,302,131,886,15181,8572,28097,
2020-09-29,,,0,0,1,113,96,163,20,8,57,302,131,880,15201,8580,28153,
2020-09-30,,,0,0,1,113,96,164,20,8,56,301,131,874,15220,8589,28209,
2020-10-01,,,0,0,1,114,96,164,20,8,56,300,131,869,15240,8598,28264,
