date,actual_deaths,total_deaths,predicted_deaths_mean,predicted_deaths_lower,predicted_deaths_upper,predicted_total_deaths_mean,predicted_total_deaths_lower,predicted_total_deaths_upper,predicted_new_infected_mean,predicted_new_infected_lower,predicted_new_infected_upper,predicted_current_infected_mean,predicted_current_infected_lower,predicted_current_infected_upper,predicted_total_infected_mean,predicted_total_infected_lower,predicted_total_infected_upper,r_values_mean
2020-03-01,,,,,,,,,83,50,100,83,50,100,83,50,100,1.21652592364
2020-03-02,,,,,,,,,83,50,100,167,100,200,167,100,200,1.21651915134
2020-03-03,,,,,,,,,83,50,100,250,150,300,250,150,300,1.2165176475
2020-03-04,,,,,,,,,83,50,100,333,200,400,333,200,400,1.21651580917
2020-03-05,,,,,,,,,83,50,100,417,250,500,417,250,500,1.21651356175
2020-03-06,,,,,,,,,83,50,100,500,300,600,500,300,600,1.21651081398
2020-03-07,,,,,,,,,83,50,100,583,350,700,583,350,700,1.21650745409
2020-03-08,,,,,,,,,83,50,100,667,400,800,667,400,800,1.21650334528
2020-03-09,,,,,,,,,83,50,100,750,450,900,750,450,900,1.21649832002
2020-03-10,,,,,,,,,184,119,220,934,569,1120,934,569,1120,1.21636433405
2020-03-11,,,,,,,,,183,119,219,1117,689,1339,1117,689,1339,1.21634083396
2020-03-12,,,,,,,,,188,123,225,1306,813,1564,1306,813,1564,1.21629629474
2020-03-13,,,,,,,,,200,132,239,1506,946,1803,1506,946,1803,1.21624987222
2020-03-14,,,,,,,,,223,152,267,1729,1098,2069,1729,1098,2069,1.21619992959
2020-03-15,,,,,,,,,260,182,310,1989,1280,2378,1989,1280,2378,1.21614473542
2020-03-16,,,,,,,,,287,204,342,2193,1435,2620,2276,1485,2720,1.21608119465
2020-03-17,,,,,,,,,308,223,366,2418,1608,2885,2585,1708,3085,1.21600593317
2020-03-18,,,,,,,,,330,243,392,2665,1801,3177,2915,1951,3477,1.21591974059
2020-03-19,,,,,,,,,355,266,421,2937,2018,3497,3270,2218,3897,1.21582256266
2020-03-20,,,,,,,,,385,296,456,3238,2265,3853,3655,2515,4353,1.21571252308
2020-03-21,,,,,,,,,416,326,492,3571,2541,4244,4071,2841,4844,1.21558724449
2020-03-22,,,,,,,,,445,356,526,3933,2847,4669,4516,3197,5369,1.21544319568
2020-03-23,,,,,,,,,474,387,559,4324,3184,5128,4991,3584,5928,1.21527736202
2020-03-24,,,,,,,,,505,420,594,4746,3555,5621,5496,4005,6521,1.21508636646
2020-03-25,1,1,,,,,,,538,457,632,5099,3892,6033,6033,4462,7153,1.21486575769
2020-03-26,0,1,,,,,,,572,497,671,5488,4270,6484,6605,4960,7823,1.21460979886
2020-03-27,2,3,,,,,,,607,531,711,5906,4678,6970,7212,5492,8534,1.2143112516
2020-03-28,0,3,,,,,,,643,562,752,6350,5108,7483,7855,6054,9285,1.21396145212
2020-03-29,1,4,,,,,,,680,593,793,6806,5548,8010,8535,6647,10078,1.21354998774
2020-03-30,2,6,,,,,,,718,625,837,7263,5991,8537,9252,7272,10914,1.21306407429
2020-03-31,1,7,,,,,,,758,658,882,7734,6445,9077,10010,7930,11796,1.21248794953
2020-04-01,2,9,,,,,,,799,692,928,8224,6914,9639,10809,8622,12724,1.21180220099
2020-04-02,2,11,,,,,,,841,726,976,8735,7397,10223,11650,9349,13699,1.2109830766
2020-04-03,0,11,,,,,,,884,762,1025,9264,7893,10827,12534,10112,14724,1.21000161251
2020-04-04,3,14,,,,,,,929,798,1076,9808,8395,11447,13463,10910,15800,1.20882252656
2020-04-05,4,18,,,,,,,975,835,1128,10368,8904,12084,14439,11746,16928,1.20740294285
2020-04-06,7,25,,,,,,,1023,872,1182,10945,9421,12741,15462,12618,18110,1.20569098935
2020-04-07,0,25,,,,,,,1071,910,1238,11542,9944,13420,16533,13529,19347,1.20362433756
2020-04-08,2,27,,,,,,,1121,949,1298,12158,10473,14124,17654,14478,20645,1.20112876506
2020-04-09,2,29,,,,,,,1171,987,1385,12791,11003,14877,18825,15466,22029,1.19811690944
2020-04-10,2,31,,,,,,,1222,1025,1472,13441,11531,15678,20046,16491,23501,1.19448754266
2020-04-11,3,34,,,,,,,1273,1063,1556,14107,12062,16523,21320,17554,25056,1.19012586284
2020-04-12,7,41,,,,,,,1324,1099,1638,14789,12600,17409,22644,18654,26693,1.18490547185
2020-04-13,0,41,,,,,,,1375,1135,1723,15484,13142,18338,24018,19790,28415,1.17869280061
2020-04-14,8,49,,,,,,,1424,1170,1797,16190,13687,19298,25442,20960,30212,1.17135463169
2020-04-15,4,53,,,,,,,1471,1201,1868,16903,14231,20284,26913,22161,32079,1.1627688776
2020-04-16,7,60,,,,,,,1516,1230,1941,17621,14769,21296,28430,23392,34019,1.15283780871
2020-04-17,4,64,,,,,,,1558,1255,1985,18338,15297,22305,29988,24647,36004,1.14150171634
2020-04-18,10,74,,,,,,,1596,1275,2017,19050,15811,23297,31584,25923,38020,1.12875019325
2020-04-19,1,75,,,,,,,1630,1286,2051,19750,16300,24272,33214,27210,40071,1.11462857649
2020-04-20,4,79,,,,,,,1658,1293,2086,20433,16758,25230,34871,28504,42157,1.09923878892
2020-04-21,4,83,,,,,,,1680,1294,2142,21090,17179,26190,36551,29798,44299,1.08273595545
2020-04-22,7,90,,,,,,,1696,1295,2169,21715,17563,27121,38248,31093,46467,1.06532336068
2020-04-23,6,96,,,,,,,1706,1294,2199,22301,17909,28021,39954,32388,48666,1.04724775703
2020-04-24,11,107,,,,,,,1710,1292,2209,22839,18214,28845,41664,33680,50874,1.02879510623
2020-04-25,5,112,,,,,,,1707,1280,2209,23324,18469,29582,43371,34960,53082,1.01028471353
2020-04-26,6,118,,,,,,,1698,1279,2196,23750,18686,30223,45069,36240,55278,0.99205859539
2020-04-27,9,127,,,,,,,1684,1266,2185,24109,18852,30770,46753,37507,57463,0.974463569305
2020-04-28,9,136,,,,,,,1665,1249,2164,24399,18966,31212,48418,38756,59627,0.957826088951
2020-04-29,12,148,,,,,,,1641,1231,2111,24617,19027,31526,50059,39988,61737,0.942423523888
2020-04-30,14,162,,,,,,,1614,1212,2048,24760,19038,31706,51673,41200,63785,0.928458659031
2020-05-01,8,170,,,,,,,1582,1190,2003,24825,18998,31768,53255,42390,65787,0.913857955041
2020-05-02,5,175,,,,,,,1546,1146,1962,24813,18889,31745,54801,43537,67749,0.900687120749
2020-05-03,9,184,,,,,,,1509,1096,1928,24726,18710,31657,56310,44634,69676,0.888710325944
2020-05-04,4,188,,,,,,,1470,1043,1898,24567,18466,31503,57780,45677,71574,0.877601178596
2020-05-05,19,207,,,,,,,1428,1008,1864,24337,18181,31280,59208,46686,73437,0.86656956693
2020-05-06,12,219,,,,,,,1380,986,1815,24037,17874,30953,60588,47672,75251,0.854630521205
2020-05-07,12,231,,,,,,,1353,948,1807,23693,17527,30591,61941,48621,77058,0.855664673833
2020-05-08,12,243,,,,,,,1323,914,1782,23310,17147,30174,63264,49535,78839,0.857252293422
2020-05-09,9,252,,,,,,,1294,873,1759,22894,16728,29724,64557,50409,80597,0.859596237232
2020-05-10,13,265,,,,,,,1264,838,1741,22451,16286,29256,65822,51247,82338,0.862940341861
2020-05-11,6,271,,,,,,,1238,808,1711,21990,15814,28771,67060,52055,84049,0.867535473168
2020-05-12,18,289,,,,,,,1216,774,1696,21523,15323,28282,68276,52830,85744,0.873573408561
2020-05-13,17,306,,,,,,,1198,744,1694,21056,14818,27811,69474,53574,87438,0.881086492211
2020-05-14,12,318,,,,,,,1183,718,1694,20598,14305,27395,70657,54293,89131,0.889846177389
2020-05-15,18,336,,,,,,,1170,695,1675,20154,13787,27021,71827,54988,90806,0.899329151881
2020-05-16,10,346,,,,,,,1156,675,1679,19728,13273,26697,72983,55664,92484,0.906438460713
2020-05-17,5,351,,,,,,,1144,658,1674,19325,12784,26409,74127,56322,94158,0.913231022028
2020-05-18,4,355,,,,,,,1133,646,1676,18950,12335,26158,75260,56969,95834,0.919443983215
2020-05-19,12,367,,,,,,,1124,635,1683,18604,11927,25943,76385,57604,97516,0.924901631154
2020-05-20,26,393,,,,,,,1116,621,1680,18292,11540,25759,77500,58226,99196,0.929525158657
2020-05-21,17,410,,,,,,,1107,604,1687,18020,11157,25631,78608,58830,100882,0.93331976012
2020-05-22,14,424,,,,,,,1099,582,1695,17767,10791,25519,79707,59413,102577,0.936349818621
2020-05-23,22,446,,,,,,,1091,563,1704,17535,10441,25442,80799,59976,104280,0.938712496801
2020-05-24,10,456,,,,,,,1084,546,1712,17325,10114,25395,81883,60523,105992,0.94051611345
2020-05-25,0,456,,,,,,,1077,527,1732,17138,9803,25386,82959,61050,107723,0.941865715901
2020-05-26,21,477,,,,,,,1069,511,1730,16969,9507,25404,84029,61562,109453,0.942855166144
2020-05-27,19,496,,,,,,,1062,498,1749,16815,9230,25457,85091,62060,111201,0.943563946358
2020-05-28,10,506,,,,,,,1055,484,1763,16672,8970,25526,86145,62545,112963,0.944056933359
2020-05-29,18,524,,,,,,,1047,470,1778,16536,8722,25609,87193,63016,114740,0.944385698672
2020-05-30,7,531,,,,,,,1040,458,1796,16406,8486,25731,88233,63474,116536,0.944590463321
2020-05-31,4,535,,,,,,,1033,444,1808,16283,8255,25860,89266,63919,118344,0.944702170179
2020-06-01,20,555,,,,,,,1027,429,1828,16166,8026,26014,90293,64348,120171,0.94474439098
2020-06-02,6,561,,,,,,,1020,414,1850,16053,7793,26188,91313,64763,122021,0.944734942206
2020-06-03,13,574,,,,,,,1014,400,1856,15942,7558,26361,92327,65163,123876,0.944687112557
2020-06-04,9,583,,,,,,,1007,386,1858,15833,7323,26538,93334,65549,125734,0.944610953039
2020-06-05,10,593,,,,,,,1001,374,1859,15727,7093,26711,94335,65924,127593,0.94451396504
2020-06-06,6,599,,,,,,,995,363,1861,15623,6874,26877,95330,66287,129453,0.94440173151
2020-06-07,6,605,,,,,,,989,353,1864,15520,6663,27037,96319,66640,131317,0.944278392117
2020-06-08,12,617,,,,,,,983,342,1866,15420,6460,27191,97302,66983,133182,0.944147007832
2020-06-09,9,626,,,,,,,978,333,1876,15321,6266,27335,98280,67317,135057,0.944009854731
2020-06-10,5,631,,,,,,,972,323,1906,15223,6078,27510,99252,67641,136963,0.94386862402
2020-06-11,9,640,,,,,,,966,313,1924,15128,5893,27686,100218,67954,138886,0.943724566693
2020-06-12,4,644,,,,,,,961,301,1942,15034,5710,27865,101180,68256,140828,0.9435786063
2020-06-13,6,650,,,,,,,956,292,1961,14942,5532,28048,102135,68548,142788,0.943431420047
2020-06-14,2,652,,,,,,,951,283,1979,14853,5357,28231,103086,68832,144767,0.943283506094
2020-06-15,6,658,,,,,,,943,273,1994,14763,5186,28417,104029,69105,146760,0.940544988351
2020-06-16,,,6,3,11,664,661,669,935,264,2011,14671,5021,28599,104964,69370,148770,
2020-06-17,,,6,3,11,671,664,679,928,255,2028,14579,4862,28777,105892,69626,150797,
2020-06-18,,,6,3,11,677,667,690,920,247,2045,14485,4710,28965,106812,69873,152841,
2020-06-19,,,7,3,11,684,670,701,912,239,2061,14390,4563,29168,107724,70113,154901,
2020-06-20,,,7,2,12,690,673,712,903,232,2075,14292,4421,29384,108627,70345,156976,
2020-06-21,,,7,2,12,697,676,724,894,224,2089,14192,4282,29612,109522,70570,159065,
2020-06-22,,,7,2,12,704,679,735,885,217,2102,14087,4147,29851,110407,70787,161167,
2020-06-23,,,7,2,13,711,681,747,875,210,2115,13979,4014,30099,111282,70997,163281,
2020-06-24,,,7,2,13,717,684,760,865,203,2126,13867,3884,30350,112147,71201,165407,
2020-06-25,,,7,2,13,724,687,772,855,196,2137,13751,3757,30581,113003,71398,167543,
2020-06-26,,,7,2,13,731,689,785,845,190,2147,13629,3634,30804,113847,71588,169690,
2020-06-27,,,7,2,13,738,692,798,834,184,2156,13502,3516,31018,114681,71772,171845,
2020-06-28,,,7,2,14,745,695,811,823,177,2164,13369,3401,31221,115505,71950,174008,
2020-06-29,,,7,2,14,752,697,824,812,172,2173,13230,3290,31415,116316,72122,176181,
2020-06-30,,,7,2,14,759,700,838,800,166,2182,13088,3183,31604,117117,72289,178363,
2020-07-01,,,7,2,14,766,702,851,789,160,2191,12942,3079,31784,117906,72449,180553,
2020-07-02,,,7,2,14,773,704,865,777,154,2198,12791,2978,31954,118683,72604,182751,
2020-07-03,,,7,2,14,780,706,878,765,149,2205,12636,2880,32115,119448,72754,184955,
2020-07-04,,,7,2,14,787,709,892,753,143,2211,12477,2784,32265,120201,72898,187166,
2020-07-05,,,7,2,14,794,711,906,741,138,2243,12314,2691,32433,120941,73036,189408,
2020-07-06,,,7,2,15,800,713,920,728,133,2222,12148,2599,32566,121670,73170,191630,
2020-07-07,,,7,1,15,807,715,934,716,128,2196,11979,2510,32659,122385,73298,193826,
2020-07-08,,,7,1,15,814,717,949,703,123,2168,11807,2424,32713,123089,73422,195993,
2020-07-09,,,7,1,15,820,718,963,691,119,2138,11632,2340,32725,123779,73541,198131,
2020-07-10,,,7,1,15,827,720,978,678,115,2114,11455,2258,32701,124458,73657,200244,
2020-07-11,,,6,1,15,833,722,993,666,111,2088,11276,2179,32642,125124,73768,202331,
2020-07-12,,,6,1,15,840,724,1007,653,107,2082,11095,2103,32568,125777,73875,204413,
2020-07-13,,,6,1,15,846,725,1022,641,103,2068,10913,2028,32473,126418,73979,206480,
2020-07-14,,,6,1,15,852,727,1037,629,99,2051,10730,1956,32350,127046,74079,208531,
2020-07-15,,,6,1,16,859,728,1052,617,96,2035,10546,1886,32203,127663,74175,210565,
2020-07-16,,,6,1,16,865,730,1067,604,93,2019,10362,1818,32031,128267,74268,212584,
2020-07-17,,,6,1,16,871,731,1083,593,90,2003,10177,1753,31836,128860,74358,214586,
2020-07-18,,,6,1,16,877,732,1098,581,87,1985,9993,1691,31616,129441,74446,216571,
2020-07-19,,,6,1,16,883,734,1113,569,84,1968,9809,1632,31373,130010,74530,218538,
2020-07-20,,,6,1,16,889,735,1129,557,81,1950,9626,1575,31080,130567,74612,220488,
2020-07-21,,,6,1,16,894,736,1144,546,79,1932,9444,1521,30790,131113,74691,222420,
2020-07-22,,,6,1,16,900,737,1160,535,77,1935,9263,1470,30529,131648,74768,224354,
2020-07-23,,,6,1,16,906,738,1175,524,74,1908,9083,1421,30269,132172,74843,226262,
2020-07-24,,,6,1,16,911,740,1191,513,72,1881,8906,1374,30012,132685,74916,228143,
2020-07-25,,,5,1,16,917,741,1206,503,70,1855,8730,1330,29753,133188,74987,229997,
2020-07-26,,,5,1,16,922,742,1222,492,69,1829,8556,1288,29494,133680,75056,231825,
2020-07-27,,,5,0,16,927,743,1238,482,67,1803,8385,1248,29215,134162,75123,233627,
2020-07-28,,,5,0,16,932,744,1254,472,65,1690,8216,1210,28838,134634,75189,235317,
2020-07-29,,,5,0,16,937,745,1270,462,64,1667,8049,1174,28453,135096,75253,236984,
2020-07-30,,,5,0,16,942,745,1285,452,62,1644,7885,1141,28062,135548,75316,238627,
2020-07-31,,,5,0,16,947,746,1300,443,61,1621,7724,1109,27665,135991,75378,240248,
2020-08-01,,,5,0,16,952,747,1315,434,60,1599,7565,1079,27261,136425,75438,241846,
2020-08-02,,,5,0,15,957,748,1330,425,58,1576,7409,1051,26852,136850,75497,243422,
2020-08-03,,,5,0,15,962,749,1345,416,57,1555,7256,1024,26438,137265,75554,244976,
2020-08-04,,,5,0,15,966,749,1360,407,56,1533,7106,999,26021,137673,75611,246509,
2020-08-05,,,4,0,15,971,750,1374,399,55,1512,6958,975,25601,138072,75666,248020,
2020-08-06,,,4,0,15,975,751,1389,391,54,1490,6814,952,25156,138462,75721,249510,
2020-08-07,,,4,0,15,979,751,1403,383,53,1469,6673,930,24718,138845,75774,250979,
2020-08-08,,,4,0,15,983,752,1417,375,52,1449,6534,910,24285,139219,75826,252427,
2020-08-09,,,4,0,15,988,753,1431,367,50,1428,6399,890,23858,139586,75877,253855,
2020-08-10,,,4,0,14,992,753,1445,359,49,1408,6266,870,23438,139946,75927,255262,
2020-08-11,,,4,0,14,996,754,1459,352,49,1388,6136,852,23023,140298,75976,256650,
2020-08-12,,,4,0,14,999,754,1473,345,48,1368,6009,835,22701,140643,76025,258018,
2020-08-13,,,4,0,14,1003,755,1487,338,48,1349,5885,819,22383,140981,76073,259366,
2020-08-14,,,4,0,14,1007,756,1500,331,47,1330,5764,803,22069,141312,76120,260696,
2020-08-15,,,4,0,14,1011,756,1514,325,46,1311,5646,789,21758,141637,76167,262006,
2020-08-16,,,4,0,14,1014,757,1527,318,46,1292,5530,775,21451,141955,76213,263297,
2020-08-17,,,4,0,14,1018,757,1540,312,45,1273,5417,762,21148,142266,76259,264570,
2020-08-18,,,3,0,13,1021,758,1553,306,45,1255,5306,749,20849,142572,76304,265824,
2020-08-19,,,3,0,13,1024,758,1565,300,44,1237,5199,737,20553,142871,76349,267061,
2020-08-20,,,3,0,12,1028,758,1577,294,43,1219,5094,725,20260,143165,76392,268280,
2020-08-21,,,3,0,12,1031,759,1588,288,42,1202,4991,713,19971,143453,76434,269481,
2020-08-22,,,3,0,12,1034,759,1600,282,41,1184,4891,701,19686,143735,76476,270664,
2020-08-23,,,3,0,12,1037,760,1611,277,40,1167,4793,690,19404,144012,76516,271831,
2020-08-24,,,3,0,12,1040,760,1622,272,39,1151,4698,678,19127,144284,76556,272981,
2020-08-25,,,3,0,12,1043,761,1633,267,38,1135,4605,667,18854,144551,76595,274116,
2020-08-26,,,3,0,11,1046,761,1644,261,37,1120,4514,656,18587,144812,76633,275236,
2020-08-27,,,3,0,11,1049,761,1655,257,37,1105,4426,645,18323,145069,76670,276341,
2020-08-28,,,3,0,11,1052,762,1666,252,36,1090,4339,633,18065,145320,76706,277431,
2020-08-29,,,3,0,11,1054,762,1676,247,35,1076,4255,622,17811,145568,76742,278506,
2020-08-30,,,3,0,11,1057,763,1686,243,35,1061,4173,610,17562,145810,76778,279567,
2020-08-31,,,3,0,11,1060,763,1697,238,35,1047,4094,600,17317,146048,76813,280614,
2020-09-01,,,3,0,11,1062,763,1707,234,35,1033,4016,590,17077,146282,76849,281646,
2020-09-02,,,3,0,10,1065,764,1716,230,35,1019,3940,580,16841,146512,76884,282665,
2020-09-03,,,2,0,10,1067,764,1726,225,35,1005,3866,571,16609,146737,76920,283670,
2020-09-04,,,2,0,10,1070,764,1736,221,35,992,3793,562,16382,146958,76955,284661,
2020-09-05,,,2,0,10,1072,765,1745,218,35,978,3723,555,16158,147176,76990,285639,
2020-09-06,,,2,0,10,1074,765,1755,214,35,965,3654,549,15939,147390,77025,286603,
2020-09-07,,,2,0,10,1077,765,1764,210,35,952,3587,543,15724,147600,77060,287555,
2020-09-08,,,2,0,10,1079,766,1773,206,34,939,3522,539,15513,147806,77095,288493,
2020-09-09,,,2,0,9,1081,766,1782,203,34,926,3458,535,15303,148009,77130,289419,
2020-09-10,,,2,0,9,1083,766,1791,199,34,914,3396,532,15097,148208,77165,290333,
2020-09-11,,,2,0,9,1085,767,1799,196,34,902,3336,529,14894,148404,77200,291234,
2020-09-12,,,2,0,9,1087,767,1808,193,34,890,3276,528,14693,148597,77234,292124,
2020-09-13,,,2,0,9,1089,767,1816,189,34,878,3219,526,14495,148786,77269,293001,
2020-09-14,,,2,0,9,1091,767,1824,186,34,866,3163,526,14300,148973,77304,293866,
2020-09-15,,,2,0,9,1093,768,1833,183,34,854,3108,525,14107,149156,77339,294720,
2020-09-16,,,2,0,9,1095,768,1841,180,34,843,3054,524,13917,149336,77373,295562,
2020-09-17,,,2,0,8,1097,768,1849,177,34,831,3002,523,13729,149514,77408,296393,
2020-09-18,,,2,0,8,1099,769,1857,175,34,821,2951,522,13544,149688,77442,297213,
2020-09-19,,,2,0,8,1101,769,1864,172,34,808,2902,522,13361,149860,77477,298021,
2020-09-20,,,2,0,8,1102,769,1872,169,34,796,2853,521,13178,150029,77511,298817,
2020-09-21,,,2,0,8,1104,769,1879,167,34,784,2806,520,12997,150196,77546,299600,
2020-09-22,,,2,0,8,1106,770,1887,164,34,772,2760,520,12817,150360,77580,300371,
2020-09-23,,,2,0,8,1107,770,1894,161,34,760,2715,519,12637,150521,77615,301130,
2020-09-24,,,2,0,8,1109,770,1902,159,34,748,2671,519,12459,150680,77649,301878,
2020-09-25,,,2,0,8,1111,770,1909,157,34,737,2629,518,12281,150837,77684,302614,
2020-09-26,,,2,0,8,1112,771,1916,154,34,725,2587,518,12105,150991,77718,303338,
2020-09-27,,,2,0,7,1114,771,1923,152,34,714,2546,517,11929,151143,77752,304052,
2020-09-28,,,2,0,7,1115,771,1930,150,33,703,2507,516,11754,151293,77786,304755,
2020-09-29,,,1,0,7,1117,771,1936,148,33,692,2468,515,11581,151441,77819,305447,
2020-09-30,,,1,0,7,1118,772,1943,146,33,682,2430,513,11408,151586,77853,306128,
2020-10-01,,,1,0,7,1120,772,1950,143,32,678,2393,512,11243,151730,77885,306805,
