date,actual_deaths,total_deaths,predicted_deaths_mean,predicted_deaths_lower,predicted_deaths_upper,predicted_total_deaths_mean,predicted_total_deaths_lower,predicted_total_deaths_upper,predicted_new_infected_mean,predicted_new_infected_lower,predicted_new_infected_upper,predicted_current_infected_mean,predicted_current_infected_lower,predicted_current_infected_upper,predicted_total_infected_mean,predicted_total_infected_lower,predicted_total_infected_upper,r_values_mean
2020-03-03,,,,,,,,,16,10,25,16,10,25,16,10,25,1.45614035088
2020-03-04,,,,,,,,,16,10,25,31,20,50,31,20,50,1.4486824329
2020-03-05,,,,,,,,,16,10,25,47,30,75,47,30,75,1.44704158766
2020-03-06,,,,,,,,,16,10,25,63,40,100,63,40,100,1.44504199646
2020-03-07,,,,,,,,,16,10,25,79,50,125,79,50,125,1.44260604567
2020-03-08,,,,,,,,,16,10,25,94,60,150,94,60,150,1.43963952518
2020-03-09,,,,,,,,,16,10,25,110,70,175,110,70,175,1.43602803964
2020-03-10,,,,,,,,,16,10,25,126,80,200,126,80,200,1.43163255391
2020-03-11,,,,,,,,,16,10,25,141,90,225,141,90,225,1.42628381099
2020-03-12,,,,,,,,,36,20,58,177,110,283,177,110,283,1.41969918694
2020-03-13,,,,,,,,,36,20,57,213,131,339,213,131,339,1.4117693311
2020-03-14,,,,,,,,,37,21,58,250,152,396,250,152,396,1.40210500659
2020-03-15,,,,,,,,,39,22,60,289,175,456,289,175,456,1.39034154667
2020-03-16,,,,,,,,,44,24,67,333,199,522,333,199,522,1.37602008735
2020-03-17,,,,,,,,,52,27,78,385,227,599,385,227,599,1.35859717715
2020-03-18,,,,,,,,,57,30,85,427,247,659,443,257,684,1.33745547494
2020-03-19,,,,,,,,,61,31,90,472,269,724,504,289,774,1.31194661884
2020-03-20,,,,,,,,,65,33,97,522,293,795,569,323,870,1.281477557
2020-03-21,,,,,,,,,69,35,102,575,318,871,638,358,971,1.24562565402
2020-03-22,,,,,,,,,74,37,111,633,346,957,712,396,1082,1.20426122177
2020-03-23,,,,,,,,,77,38,117,695,374,1049,789,434,1199,1.15762875358
2020-03-24,,,,,,,,,80,39,123,759,403,1146,869,473,1321,1.10635577196
2020-03-25,,,,,,,,,81,40,128,824,434,1249,950,514,1449,1.05140155396
2020-03-26,,,,,,,,,82,40,138,890,464,1361,1032,554,1586,0.993971863652
2020-03-27,1,1,,,,,,,81,41,142,935,485,1446,1113,596,1728,0.935423574407
2020-03-28,0,1,,,,,,,80,41,138,980,506,1527,1193,637,1865,0.877170795289
2020-03-29,0,1,,,,,,,78,40,136,1021,525,1605,1271,678,2001,0.820601098383
2020-03-30,4,5,,,,,,,75,40,131,1056,543,1676,1345,718,2131,0.767003791299
2020-03-31,0,5,,,,,,,71,37,127,1083,556,1736,1416,756,2258,0.717499081696
2020-04-01,1,6,,,,,,,67,35,117,1098,564,1776,1483,792,2374,0.672956742641
2020-04-02,0,6,,,,,,,63,34,105,1103,568,1796,1546,826,2479,0.633912597142
2020-04-03,-1,5,,,,,,,59,33,97,1101,570,1802,1605,860,2575,0.60051557925
2020-04-04,1,6,,,,,,,55,31,90,1090,568,1795,1659,891,2664,0.572541821114
2020-04-05,0,6,,,,,,,51,30,81,1072,563,1774,1710,922,2745,0.549483177079
2020-04-06,0,6,,,,,,,47,29,74,1046,555,1737,1757,951,2818,0.530676890927
2020-04-07,0,6,,,,,,,44,28,69,1012,545,1689,1801,980,2887,0.51542734307
2020-04-08,0,6,,,,,,,41,27,63,973,533,1629,1842,1007,2950,0.50308850863
2020-04-09,0,6,,,,,,,38,25,58,931,519,1559,1880,1033,3007,0.493103232619
2020-04-10,0,6,,,,,,,36,23,54,885,501,1475,1916,1056,3061,0.485011494927
2020-04-11,0,6,,,,,,,34,21,50,837,481,1383,1950,1077,3111,0.478442246454
2020-04-12,0,6,,,,,,,32,19,47,789,460,1292,1981,1097,3157,0.471384645325
2020-04-13,1,7,,,,,,,30,18,44,741,437,1201,2011,1116,3201,0.465392689317
2020-04-14,0,7,,,,,,,28,16,42,694,413,1112,2039,1132,3243,0.460537903513
2020-04-15,0,7,,,,,,,27,15,39,650,391,1024,2066,1147,3281,0.456225514492
2020-04-16,0,7,,,,,,,25,13,37,608,369,944,2091,1161,3318,0.45268442963
2020-04-17,1,8,,,,,,,24,12,35,569,347,873,2115,1174,3352,0.449499302903
2020-04-18,2,10,,,,,,,23,11,33,534,326,810,2138,1186,3385,0.449598386891
2020-04-19,0,10,,,,,,,22,11,32,501,305,752,2161,1197,3416,0.449748940751
2020-04-20,0,10,,,,,,,21,10,31,472,285,702,2182,1207,3447,0.449975842006
2020-04-21,2,12,,,,,,,21,9,30,445,265,659,2203,1217,3477,0.450315941562
2020-04-22,2,14,,,,,,,20,9,29,421,246,619,2222,1226,3506,0.450823529308
2020-04-23,0,14,,,,,,,19,8,28,399,228,584,2242,1235,3533,0.451578080777
2020-04-24,0,14,,,,,,,19,8,27,380,211,552,2260,1244,3559,0.452694845602
2020-04-25,0,14,,,,,,,18,8,25,362,196,524,2278,1252,3584,0.454338593283
2020-04-26,0,14,,,,,,,18,8,25,346,182,498,2296,1260,3608,0.456739891723
2020-04-27,0,14,,,,,,,17,7,24,331,170,475,2313,1268,3632,0.460210988648
2020-04-28,1,15,,,,,,,17,7,24,318,160,455,2329,1276,3656,0.465153792188
2020-04-29,1,16,,,,,,,16,7,24,306,151,436,2346,1283,3679,0.472045080083
2020-04-30,0,16,,,,,,,16,7,23,296,143,421,2362,1291,3701,0.481375991795
2020-05-01,0,16,,,,,,,16,7,23,286,136,407,2378,1298,3724,0.49352277078
2020-05-02,0,16,,,,,,,16,7,23,278,131,395,2394,1305,3747,0.508550748549
2020-05-03,0,16,,,,,,,16,6,23,271,126,385,2409,1312,3769,0.526015850335
2020-05-04,0,16,,,,,,,16,6,23,264,122,376,2425,1319,3792,0.544896963113
2020-05-05,0,16,,,,,,,16,6,23,258,118,368,2440,1326,3815,0.559138257569
2020-05-06,0,16,,,,,,,15,6,23,253,115,361,2456,1333,3837,0.572761501172
2020-05-07,0,16,,,,,,,15,6,23,249,113,355,2471,1339,3860,0.585251612798
2020-05-08,0,16,,,,,,,15,6,23,245,110,350,2486,1346,3883,0.596264682212
2020-05-09,0,16,,,,,,,15,6,23,242,108,347,2502,1353,3905,0.605646185395
2020-05-10,0,16,,,,,,,15,6,23,239,106,345,2517,1359,3928,0.613405791642
2020-05-11,0,16,,,,,,,15,6,23,236,104,343,2532,1365,3951,0.619668877291
2020-05-12,0,16,,,,,,,15,6,23,234,103,342,2547,1372,3973,0.624624935963
2020-05-13,0,16,,,,,,,15,6,23,232,101,341,2562,1378,3996,0.62848550627
2020-05-14,0,16,,,,,,,15,5,23,231,100,340,2576,1384,4018,0.631455918818
2020-05-15,0,16,,,,,,,15,5,23,229,98,339,2591,1389,4040,0.633719710105
2020-05-16,0,16,,,,,,,14,5,22,228,97,339,2605,1395,4062,0.635432331902
2020-05-17,0,16,,,,,,,14,5,22,226,95,338,2620,1401,4084,0.636720658747
2020-05-18,0,16,,,,,,,14,5,22,224,94,337,2633,1406,4106,0.637685560721
2020-05-19,0,16,,,,,,,14,5,22,222,92,336,2647,1411,4127,0.638405734897
2020-05-20,0,16,,,,,,,13,5,22,220,90,335,2661,1416,4149,0.638941744115
2020-05-21,0,16,,,,,,,13,4,23,218,88,335,2674,1421,4171,0.639339731568
2020-05-22,0,16,,,,,,,13,4,23,216,86,334,2687,1426,4194,0.639634596961
2020-05-23,0,16,,,,,,,13,4,23,213,84,333,2700,1430,4216,0.639852594025
2020-05-24,0,16,,,,,,,12,4,23,210,82,333,2712,1435,4238,0.640013394
2020-05-25,0,16,,,,,,,12,4,23,207,79,332,2724,1439,4260,0.640131692872
2020-05-26,1,17,,,,,,,12,3,23,204,77,331,2736,1443,4282,0.640218446022
2020-05-27,0,17,,,,,,,11,3,22,200,74,331,2747,1446,4304,0.640281807395
2020-05-28,0,17,,,,,,,11,3,22,197,72,330,2758,1450,4326,0.640327838826
2020-05-29,0,17,,,,,,,11,3,22,193,69,330,2769,1453,4347,0.640361043013
2020-05-30,0,17,,,,,,,10,3,22,189,66,329,2780,1456,4369,0.6403847625
2020-05-31,0,17,,,,,,,10,2,22,184,64,329,2790,1459,4390,0.640401477539
2020-06-01,0,17,,,,,,,10,2,22,180,61,328,2800,1462,4412,0.640413028026
2020-06-02,0,17,,,,,,,9,2,22,175,58,328,2809,1465,4433,0.640420778604
2020-06-03,0,17,,,,,,,9,2,22,171,56,327,2818,1467,4454,0.640425741358
2020-06-04,0,17,,,,,,,9,2,21,167,53,326,2827,1470,4475,0.638687586554
2020-06-05,1,18,,,,,,,9,2,21,162,50,324,2836,1472,4495,0.636953098284
2020-06-06,0,18,,,,,,,9,2,21,158,48,323,2845,1474,4516,0.635222688949
2020-06-07,0,18,,,,,,,8,2,21,153,46,321,2853,1476,4536,0.633496651949
2020-06-08,0,18,,,,,,,8,2,20,149,44,319,2861,1479,4556,0.631775198184
2020-06-09,0,18,,,,,,,8,2,20,145,41,316,2869,1481,4576,0.630058475882
2020-06-10,0,18,,,,,,,8,2,20,141,40,314,2877,1483,4595,0.628346587084
2020-06-11,0,18,,,,,,,8,1,20,137,38,311,2885,1485,4615,0.626639604222
2020-06-12,0,18,,,,,,,8,1,20,134,36,309,2892,1487,4634,0.624937576997
2020-06-13,0,18,,,,,,,7,1,19,130,35,306,2900,1489,4653,0.623240537286
2020-06-14,1,19,,,,,,,7,1,19,127,33,303,2907,1490,4671,0.621548504008
2020-06-15,0,19,,,,,,,7,1,19,124,32,300,2914,1492,4690,0.619861485737
2020-06-16,,,0,0,1,19,19,20,7,1,19,122,31,297,2921,1494,4708,
2020-06-17,,,0,0,1,19,19,20,7,1,19,119,31,294,2928,1496,4726,
2020-06-18,,,0,0,1,19,19,20,7,1,18,117,30,291,2935,1498,4744,
2020-06-19,,,0,0,1,19,19,20,7,1,18,115,29,288,2942,1500,4762,
2020-06-20,,,0,0,1,19,19,20,7,1,18,112,29,285,2948,1501,4779,
2020-06-21,,,0,0,1,20,19,21,7,1,18,110,28,282,2955,1503,4797,
2020-06-22,,,0,0,1,20,19,21,6,1,18,109,28,278,2961,1505,4814,
2020-06-23,,,0,0,1,20,19,21,6,1,17,107,28,275,2968,1507,4831,
2020-06-24,,,0,0,1,20,19,21,6,1,17,105,27,272,2974,1508,4847,
2020-06-25,,,0,0,1,20,19,21,6,1,17,103,27,269,2980,1510,4864,
2020-06-26,,,0,0,1,20,19,21,6,1,17,102,27,266,2986,1512,4880,
2020-06-27,,,0,0,1,20,19,22,6,1,16,100,27,263,2992,1514,4896,
2020-06-28,,,0,0,1,20,19,22,6,1,16,99,26,259,2998,1515,4911,
2020-06-29,,,0,0,1,20,19,22,6,1,16,97,26,256,3004,1517,4927,
2020-06-30,,,0,0,1,20,19,22,6,1,16,96,26,253,3010,1519,4942,
2020-07-01,,,0,0,1,20,19,22,6,1,15,95,26,249,3016,1520,4957,
2020-07-02,,,0,0,1,20,19,22,6,1,15,93,26,245,3022,1522,4971,
2020-07-03,,,0,0,1,20,19,22,6,1,15,92,26,242,3027,1524,4986,
2020-07-04,,,0,0,1,20,19,23,6,1,15,91,25,238,3033,1526,5000,
2020-07-05,,,0,0,1,20,19,23,5,1,15,90,25,235,3038,1527,5014,
2020-07-06,,,0,0,1,21,19,23,5,1,14,89,25,231,3044,1529,5028,
2020-07-07,,,0,0,1,21,19,23,5,1,14,88,25,228,3049,1531,5041,
2020-07-08,,,0,0,1,21,19,23,5,1,14,87,25,225,3054,1532,5055,
2020-07-09,,,0,0,1,21,19,23,5,1,14,86,25,221,3060,1534,5068,
2020-07-10,,,0,0,1,21,19,23,5,1,14,85,25,218,3065,1536,5081,
2020-07-11,,,0,0,1,21,19,23,5,1,13,84,25,215,3070,1537,5094,
2020-07-12,,,0,0,1,21,19,24,5,1,13,83,25,211,3075,1539,5107,
2020-07-13,,,0,0,1,21,19,24,5,1,13,82,25,208,3080,1541,5119,
2020-07-14,,,0,0,1,21,19,24,5,1,13,81,25,205,3085,1542,5132,
2020-07-15,,,0,0,1,21,19,24,5,1,13,80,25,202,3090,1544,5144,
2020-07-16,,,0,0,1,21,19,24,5,1,12,79,25,200,3095,1546,5156,
2020-07-17,,,0,0,1,21,19,24,5,1,12,79,25,197,3100,1547,5167,
2020-07-18,,,0,0,1,21,19,24,5,1,12,78,25,194,3105,1549,5179,
2020-07-19,,,0,0,1,21,19,24,5,1,12,77,25,191,3110,1551,5191,
2020-07-20,,,0,0,1,21,19,25,5,1,12,76,25,188,3115,1552,5202,
2020-07-21,,,0,0,1,21,19,25,5,1,12,76,25,186,3119,1554,5213,
2020-07-22,,,0,0,1,21,19,25,5,1,11,75,25,183,3124,1556,5224,
2020-07-23,,,0,0,1,21,19,25,5,1,11,74,25,180,3129,1557,5235,
2020-07-24,,,0,0,1,21,19,25,5,1,11,74,25,178,3133,1559,5245,
2020-07-25,,,0,0,1,21,19,25,5,1,11,73,25,175,3138,1561,5256,
2020-07-26,,,0,0,1,21,19,25,5,1,11,73,25,172,3143,1563,5266,
2020-07-27,,,0,0,1,21,19,25,5,1,11,72,25,170,3147,1564,5276,
2020-07-28,,,0,0,1,21,19,25,5,1,10,72,25,167,3152,1566,5286,
2020-07-29,,,0,0,1,22,19,25,5,1,10,71,25,165,3156,1568,5296,
2020-07-30,,,0,0,1,22,19,26,5,1,10,71,25,162,3161,1569,5305,
2020-07-31,,,0,0,1,22,19,26,5,1,10,70,25,160,3165,1571,5315,
2020-08-01,,,0,0,1,22,19,26,4,1,10,70,25,157,3170,1573,5324,
2020-08-02,,,0,0,1,22,19,26,4,1,10,69,25,155,3174,1574,5334,
2020-08-03,,,0,0,1,22,19,26,4,1,10,69,25,153,3179,1576,5343,
2020-08-04,,,0,0,1,22,19,26,4,1,10,69,25,150,3183,1578,5352,
2020-08-05,,,0,0,1,22,19,26,4,1,9,68,25,148,3188,1579,5361,
2020-08-06,,,0,0,1,22,19,26,4,1,9,68,25,146,3192,1581,5369,
2020-08-07,,,0,0,1,22,19,26,4,1,9,68,25,144,3196,1583,5378,
2020-08-08,,,0,0,1,22,19,26,4,1,9,67,25,142,3201,1584,5387,
2020-08-09,,,0,0,1,22,19,26,4,1,9,67,25,140,3205,1586,5395,
2020-08-10,,,0,0,1,22,19,27,4,1,9,67,25,138,3209,1588,5403,
2020-08-11,,,0,0,1,22,19,27,4,1,9,66,25,136,3214,1589,5412,
2020-08-12,,,0,0,1,22,19,27,4,1,9,66,25,134,3218,1591,5420,
2020-08-13,,,0,0,1,22,19,27,4,1,9,66,25,133,3222,1593,5428,
2020-08-14,,,0,0,1,22,19,27,4,1,9,66,25,131,3227,1594,5436,
2020-08-15,,,0,0,1,22,19,27,4,1,8,65,25,129,3231,1596,5444,
2020-08-16,,,0,0,1,22,19,27,4,1,8,65,25,128,3235,1598,5452,
2020-08-17,,,0,0,1,22,19,27,4,1,8,65,25,126,3239,1599,5460,
2020-08-18,,,0,0,1,22,19,27,4,1,8,65,25,125,3244,1601,5467,
2020-08-19,,,0,0,1,22,19,27,4,1,8,65,25,124,3248,1603,5475,
2020-08-20,,,0,0,1,22,19,27,4,1,8,64,25,122,3252,1604,5482,
2020-08-21,,,0,0,1,22,20,27,4,1,8,64,25,121,3256,1606,5490,
2020-08-22,,,0,0,1,22,20,27,4,1,8,64,25,120,3260,1608,5497,
2020-08-23,,,0,0,1,22,20,27,4,1,8,64,25,118,3265,1610,5505,
2020-08-24,,,0,0,1,22,20,28,4,1,8,64,25,117,3269,1611,5512,
2020-08-25,,,0,0,1,22,20,28,4,1,8,64,25,116,3273,1613,5519,
2020-08-26,,,0,0,1,22,20,28,4,1,8,63,25,115,3277,1615,5526,
2020-08-27,,,0,0,1,23,20,28,4,1,8,63,25,114,3281,1616,5533,
2020-08-28,,,0,0,1,23,20,28,4,1,8,63,25,113,3285,1618,5540,
2020-08-29,,,0,0,1,23,20,28,4,1,8,63,25,112,3290,1620,5547,
2020-08-30,,,0,0,1,23,20,28,4,1,7,63,25,111,3294,1621,5554,
2020-08-31,,,0,0,1,23,20,28,4,1,7,63,25,110,3298,1623,5561,
2020-09-01,,,0,0,1,23,20,28,4,1,7,63,25,109,3302,1625,5568,
2020-09-02,,,0,0,1,23,20,28,4,1,7,62,25,108,3306,1626,5575,
2020-09-03,,,0,0,1,23,20,28,4,1,7,62,25,107,3310,1628,5582,
2020-09-04,,,0,0,1,23,20,28,4,1,7,62,25,107,3314,1630,5589,
2020-09-05,,,0,0,1,23,20,28,4,1,7,62,25,106,3318,1631,5595,
2020-09-06,,,0,0,1,23,20,28,4,1,7,62,25,105,3322,1633,5602,
2020-09-07,,,0,0,1,23,20,28,4,1,7,62,25,105,3326,1635,5609,
2020-09-08,,,0,0,1,23,20,28,4,1,7,62,25,104,3331,1636,5615,
2020-09-09,,,0,0,1,23,20,29,4,1,7,62,25,103,3335,1638,5622,
2020-09-10,,,0,0,1,23,20,29,4,1,7,62,25,103,3339,1640,5629,
2020-09-11,,,0,0,1,23,20,29,4,1,7,62,25,102,3343,1641,5635,
2020-09-12,,,0,0,1,23,20,29,4,1,7,61,25,102,3347,1643,5642,
2020-09-13,,,0,0,1,23,20,29,4,1,7,61,25,101,3351,1645,5648,
2020-09-14,,,0,0,1,23,20,29,4,1,7,61,25,101,3355,1646,5655,
2020-09-15,,,0,0,1,23,20,29,4,1,7,61,25,100,3359,1648,5661,
2020-09-16,,,0,0,1,23,20,29,4,1,7,61,25,100,3363,1650,5668,
2020-09-17,,,0,0,1,23,20,29,4,1,7,61,25,100,3367,1651,5674,
2020-09-18,,,0,0,1,23,20,29,4,1,7,61,25,99,3371,1653,5680,
2020-09-19,,,0,0,1,23,20,29,4,1,7,61,25,99,3375,1655,5687,
2020-09-20,,,0,0,1,23,20,29,4,1,7,61,25,98,3379,1657,5693,
2020-09-21,,,0,0,1,23,20,29,4,1,7,61,25,98,3383,1658,5700,
2020-09-22,,,0,0,1,23,20,29,4,1,7,61,25,98,3387,1660,5706,
2020-09-23,,,0,0,1,23,20,29,4,1,7,61,25,97,3391,1662,5712,
2020-09-24,,,0,0,1,23,20,29,4,1,7,61,25,97,3395,1663,5718,
2020-09-25,,,0,0,1,23,20,29,4,1,7,61,25,97,3399,1665,5725,
2020-09-26,,,0,0,1,23,20,29,4,1,7,61,25,96,3403,1667,5731,
2020-09-27,,,0,0,1,23,20,29,4,1,7,61,25,96,3407,1668,5737,
2020-09-28,,,0,0,1,23,20,29,4,1,7,61,25,96,3411,1670,5744,
2020-09-29,,,0,0,1,24,20,30,4,1,7,60,25,96,3415,1672,5750,
2020-09-30,,,0,0,1,24,20,30,4,1,7,60,25,95,3419,1673,5756,
2020-10-01,,,0,0,1,24,20,30,4,1,7,60,25,95,3423,1675,5762,
