date,actual_deaths,total_deaths,predicted_deaths_mean,predicted_deaths_lower,predicted_deaths_upper,predicted_total_deaths_mean,predicted_total_deaths_lower,predicted_total_deaths_upper,predicted_new_infected_mean,predicted_new_infected_lower,predicted_new_infected_upper,predicted_current_infected_mean,predicted_current_infected_lower,predicted_current_infected_upper,predicted_total_infected_mean,predicted_total_infected_lower,predicted_total_infected_upper,r_values_mean
2020-03-03,,,,,,,,,34,25,40,34,25,40,34,25,40,1.57426900585
2020-03-04,,,,,,,,,34,25,40,69,50,80,69,50,80,1.56769662237
2020-03-05,,,,,,,,,34,25,40,103,75,120,103,75,120,1.56621114959
2020-03-06,,,,,,,,,34,25,40,137,100,160,137,100,160,1.56438092897
2020-03-07,,,,,,,,,34,25,40,172,125,200,172,125,200,1.56212121892
2020-03-08,,,,,,,,,34,25,40,206,150,240,206,150,240,1.55932406414
2020-03-09,,,,,,,,,34,25,40,240,175,280,240,175,280,1.55585092552
2020-03-10,,,,,,,,,34,25,40,275,200,320,275,200,320,1.55152278366
2020-03-11,,,,,,,,,34,25,40,309,225,360,309,225,360,1.54610711788
2020-03-12,,,,,,,,,86,59,119,395,284,479,395,284,479,1.53914828376
2020-03-13,,,,,,,,,85,59,118,480,343,597,480,343,597,1.53054354387
2020-03-14,,,,,,,,,88,61,124,568,405,720,568,405,720,1.51963139816
2020-03-15,,,,,,,,,95,65,137,664,470,857,664,470,857,1.50583145556
2020-03-16,,,,,,,,,110,74,164,774,545,1020,774,545,1020,1.48843453426
2020-03-17,,,,,,,,,132,88,203,906,633,1222,906,633,1222,1.46669961024
2020-03-18,,,,,,,,,148,98,228,1019,707,1410,1053,732,1450,1.43997636335
2020-03-19,,,,,,,,,159,106,248,1143,788,1618,1212,838,1698,1.4078805967
2020-03-20,,,,,,,,,170,114,266,1279,878,1843,1382,953,1963,1.37046706927
2020-03-21,,,,,,,,,182,124,282,1427,978,2085,1564,1078,2245,1.32829904001
2020-03-22,,,,,,,,,196,133,294,1589,1086,2338,1761,1211,2538,1.28239760064
2020-03-23,,,,,,,,,208,139,313,1762,1201,2611,1968,1351,2851,1.23409236242
2020-03-24,,,,,,,,,216,144,325,1944,1320,2896,2184,1495,3176,1.18483438406
2020-03-25,,,,,,,,,222,149,333,2132,1445,3189,2407,1645,3509,1.13603519011
2020-03-26,,,,,,,,,227,153,336,2325,1573,3484,2634,1798,3844,1.08895348924
2020-03-27,1,1,,,,,,,231,156,337,2470,1670,3702,2865,1954,4181,1.04463963214
2020-03-28,0,1,,,,,,,233,158,338,2618,1769,3922,3098,2113,4518,1.00392350732
2020-03-29,2,3,,,,,,,234,160,338,2764,1869,4135,3332,2274,4855,0.967416165325
2020-03-30,0,3,,,,,,,233,162,331,2902,1966,4329,3565,2437,5186,0.935500182971
2020-03-31,2,5,,,,,,,232,164,322,3024,2056,4488,3797,2601,5507,0.90830645784
2020-04-01,0,5,,,,,,,230,165,316,3121,2133,4601,4027,2766,5822,0.885701352232
2020-04-02,2,7,,,,,,,227,166,308,3201,2200,4681,4254,2933,6130,0.867313060419
2020-04-03,2,9,,,,,,,224,167,301,3266,2261,4733,4478,3100,6431,0.85260419166
2020-04-04,1,10,,,,,,,221,168,292,3317,2315,4759,4699,3269,6722,0.840967734657
2020-04-05,0,10,,,,,,,217,168,282,3352,2359,4760,4916,3437,7004,0.831812263217
2020-04-06,0,10,,,,,,,214,165,275,3369,2392,4741,5130,3603,7278,0.824615554292
2020-04-07,2,12,,,,,,,210,162,268,3371,2415,4695,5340,3766,7546,0.818945715149
2020-04-08,2,14,,,,,,,206,161,261,3361,2432,4631,5546,3928,7807,0.814460056066
2020-04-09,2,16,,,,,,,202,158,254,3341,2441,4552,5748,4086,8061,0.810893075425
2020-04-10,1,17,,,,,,,199,155,248,3313,2443,4465,5947,4242,8308,0.808041393619
2020-04-11,2,19,,,,,,,195,152,242,3277,2439,4369,6142,4394,8550,0.805749657867
2020-04-12,0,19,,,,,,,191,149,237,3235,2430,4269,6333,4543,8786,0.80389889637
2020-04-13,0,19,,,,,,,188,145,231,3188,2415,4162,6520,4689,9017,0.802397484366
2020-04-14,1,20,,,,,,,184,142,225,3139,2395,4056,6704,4832,9241,0.801174360567
2020-04-15,4,24,,,,,,,181,140,220,3088,2371,3954,6885,4972,9461,0.800174006026
2020-04-16,3,27,,,,,,,177,137,216,3035,2343,3854,7062,5109,9676,0.799352738502
2020-04-17,2,29,,,,,,,174,134,212,2982,2311,3758,7236,5244,9888,0.798675967784
2020-04-18,3,32,,,,,,,170,132,209,2928,2275,3666,7406,5376,10096,0.798116148064
2020-04-19,2,34,,,,,,,167,128,206,2874,2236,3580,7573,5505,10302,0.797651236649
2020-04-20,1,35,,,,,,,164,125,203,2821,2193,3501,7737,5631,10505,0.797263522412
2020-04-21,1,36,,,,,,,161,123,201,2768,2151,3428,7898,5754,10706,0.796938726167
2020-04-22,3,39,,,,,,,158,120,199,2716,2109,3359,8055,5875,10904,0.796665303096
2020-04-23,5,44,,,,,,,155,118,197,2664,2065,3295,8210,5993,11101,0.796433897152
2020-04-24,3,47,,,,,,,152,115,195,2614,2022,3235,8362,6109,11296,0.796236911244
2020-04-25,0,47,,,,,,,149,113,193,2564,1980,3180,8510,6222,11488,0.796010173706
2020-04-26,3,50,,,,,,,146,111,191,2514,1939,3130,8656,6334,11679,0.795816939609
2020-04-27,1,51,,,,,,,143,108,189,2466,1898,3081,8799,6442,11867,0.795667440869
2020-04-28,0,51,,,,,,,140,105,186,2419,1857,3037,8939,6547,12053,0.795529201523
2020-04-29,1,52,,,,,,,137,101,184,2372,1816,2996,9076,6649,12237,0.795416857493
2020-04-30,1,53,,,,,,,135,98,182,2326,1775,2958,9211,6747,12418,0.795299127573
2020-05-01,2,55,,,,,,,132,95,180,2281,1733,2922,9343,6843,12597,0.795258198541
2020-05-02,1,56,,,,,,,129,92,177,2237,1690,2887,9473,6935,12774,0.795218181972
2020-05-03,1,57,,,,,,,127,89,175,2193,1648,2853,9599,7024,12949,0.795179119126
2020-05-04,0,57,,,,,,,124,86,173,2150,1606,2820,9724,7111,13121,0.795141082151
2020-05-05,4,61,,,,,,,122,83,170,2108,1564,2787,9845,7195,13291,0.795104184189
2020-05-06,1,62,,,,,,,119,81,168,2067,1521,2754,9965,7276,13459,0.795068599248
2020-05-07,0,62,,,,,,,117,78,166,2026,1479,2720,10081,7355,13624,0.795034591982
2020-05-08,1,63,,,,,,,114,76,163,1986,1437,2686,10196,7431,13787,0.795002561886
2020-05-09,1,64,,,,,,,112,73,161,1946,1395,2652,10308,7505,13947,0.794973109848
2020-05-10,0,64,,,,,,,110,71,158,1907,1353,2617,10417,7576,14105,0.7949471368
2020-05-11,1,65,,,,,,,107,69,156,1869,1312,2582,10525,7646,14260,0.794925990534
2020-05-12,0,65,,,,,,,105,67,153,1830,1271,2547,10629,7713,14413,0.79491168473
2020-05-13,1,66,,,,,,,103,64,151,1793,1230,2511,10732,7778,14564,0.79490722482
2020-05-14,3,69,,,,,,,100,62,148,1756,1192,2475,10832,7841,14712,0.794917092793
2020-05-15,0,69,,,,,,,98,60,146,1719,1154,2439,10930,7902,14857,0.794947966881
2020-05-16,1,70,,,,,,,96,58,143,1683,1118,2403,11026,7961,15000,0.79500978745
2020-05-17,0,70,,,,,,,94,57,141,1647,1082,2367,11120,8018,15141,0.795117330046
2020-05-18,1,71,,,,,,,91,55,138,1612,1048,2330,11211,8073,15279,0.795292514394
2020-05-19,2,73,,,,,,,89,53,136,1577,1015,2293,11300,8126,15414,0.795567766
2020-05-20,0,73,,,,,,,87,51,133,1542,983,2256,11387,8178,15547,0.795990849044
2020-05-21,0,73,,,,,,,85,50,131,1508,952,2219,11472,8228,15677,0.796631680172
2020-05-22,2,75,,,,,,,83,48,128,1474,921,2182,11555,8277,15805,0.797591641268
2020-05-23,2,77,,,,,,,81,46,126,1440,892,2144,11636,8323,15930,0.799015668971
2020-05-24,1,78,,,,,,,79,45,124,1407,863,2107,11715,8369,16054,0.801106568578
2020-05-25,0,78,,,,,,,77,43,122,1375,836,2070,11792,8413,16175,0.804138978756
2020-05-26,1,79,,,,,,,75,42,120,1343,809,2034,11868,8455,16294,0.808466385021
2020-05-27,2,81,,,,,,,74,41,118,1312,784,1998,11942,8497,16411,0.814508100283
2020-05-28,3,84,,,,,,,73,40,116,1282,759,1964,12014,8537,16527,0.822696032451
2020-05-29,1,85,,,,,,,71,39,115,1253,736,1930,12086,8577,16641,0.833360982914
2020-05-30,4,89,,,,,,,71,38,114,1226,713,1899,12156,8615,16755,0.846560236756
2020-05-31,0,89,,,,,,,70,38,115,1200,692,1870,12226,8653,16870,0.86190299335
2020-06-01,0,89,,,,,,,69,37,116,1176,673,1846,12296,8691,16986,0.878490922601
2020-06-02,5,94,,,,,,,69,37,117,1153,655,1824,12365,8729,17102,0.890997381805
2020-06-03,1,95,,,,,,,69,37,118,1133,639,1806,12433,8766,17219,0.902959906537
2020-06-04,0,95,,,,,,,69,36,119,1115,624,1791,12502,8803,17338,0.913925529413
2020-06-05,3,98,,,,,,,69,36,121,1098,611,1781,12571,8840,17458,0.923591676265
2020-06-06,0,98,,,,,,,69,36,123,1084,599,1776,12640,8876,17580,0.93182248082
2020-06-07,1,99,,,,,,,69,36,125,1072,589,1775,12709,8912,17705,0.938626496376
2020-06-08,0,99,,,,,,,69,36,128,1063,579,1779,12778,8949,17832,0.944114045945
2020-06-09,1,100,,,,,,,69,36,131,1055,571,1789,12847,8985,17963,0.94845183609
2020-06-10,0,100,,,,,,,70,35,134,1049,565,1802,12917,9021,18096,0.951825933361
2020-06-11,0,100,,,,,,,70,35,136,1045,559,1821,12987,9056,18232,0.954416937504
2020-06-12,0,100,,,,,,,70,35,139,1043,554,1844,13058,9092,18371,0.956386278281
2020-06-13,0,100,,,,,,,71,35,143,1043,550,1872,13128,9128,18513,0.957870678787
2020-06-14,0,100,,,,,,,71,35,146,1043,547,1903,13200,9163,18658,0.958981726768
2020-06-15,1,101,,,,,,,72,35,149,1045,545,1937,13271,9199,18806,0.959808131516
2020-06-16,,,0,0,1,101,101,102,72,35,152,1048,542,1973,13343,9234,18958,
2020-06-17,,,0,0,1,102,101,103,72,35,155,1051,540,2011,13416,9269,19113,
2020-06-18,,,0,0,1,102,101,103,73,35,159,1055,538,2053,13489,9304,19271,
2020-06-19,,,0,0,1,103,101,104,73,35,162,1060,536,2096,13562,9339,19433,
2020-06-20,,,0,0,1,103,102,105,74,34,166,1065,534,2141,13636,9374,19598,
2020-06-21,,,0,0,1,104,102,106,74,34,169,1070,533,2188,13710,9409,19767,
2020-06-22,,,0,0,1,104,102,106,75,34,173,1076,531,2235,13785,9444,19940,
2020-06-23,,,0,0,1,104,102,107,75,34,177,1082,530,2284,13860,9479,20116,
2020-06-24,,,0,0,1,105,103,108,76,34,180,1089,528,2334,13936,9513,20296,
2020-06-25,,,0,0,1,105,103,108,76,34,184,1095,526,2385,14012,9547,20480,
2020-06-26,,,0,0,1,106,103,109,77,33,188,1102,524,2436,14089,9581,20668,
2020-06-27,,,0,0,1,106,103,110,77,33,192,1109,522,2489,14167,9614,20859,
2020-06-28,,,0,0,1,107,104,111,78,33,196,1116,519,2543,14245,9647,21055,
2020-06-29,,,0,0,1,107,104,112,79,32,200,1123,516,2597,14323,9680,21254,
2020-06-30,,,0,0,1,108,104,113,79,32,204,1131,513,2653,14402,9713,21458,
2020-07-01,,,0,0,1,108,104,114,80,32,209,1139,510,2709,14482,9745,21666,
2020-07-02,,,0,0,1,109,105,115,80,31,212,1146,507,2766,14562,9777,21878,
2020-07-03,,,1,0,1,109,105,116,80,31,216,1154,503,2822,14642,9808,22093,
2020-07-04,,,1,0,1,110,105,117,81,31,219,1161,499,2879,14723,9839,22312,
2020-07-05,,,1,0,2,110,105,118,81,30,223,1169,495,2936,14804,9870,22534,
2020-07-06,,,1,0,2,111,106,119,82,30,226,1176,491,2993,14886,9900,22760,
2020-07-07,,,1,0,2,111,106,120,82,30,230,1183,486,3050,14968,9930,22989,
2020-07-08,,,1,0,2,112,106,121,82,29,233,1190,481,3106,15050,9960,23222,
2020-07-09,,,1,0,2,112,106,122,82,29,237,1196,476,3163,15132,9989,23458,
2020-07-10,,,1,0,2,113,107,123,82,29,240,1202,471,3219,15215,10018,23698,
2020-07-11,,,1,0,2,113,107,124,83,28,244,1208,466,3274,15297,10047,23941,
2020-07-12,,,1,0,2,114,107,125,83,28,247,1213,461,3328,15380,10075,24187,
2020-07-13,,,1,0,2,114,107,127,83,27,249,1218,455,3382,15463,10103,24436,
2020-07-14,,,1,0,2,115,108,128,83,27,252,1223,450,3434,15546,10131,24687,
2020-07-15,,,1,0,2,115,108,129,83,27,255,1226,445,3484,15629,10158,24942,
2020-07-16,,,1,0,2,116,108,130,83,26,257,1230,439,3532,15711,10185,25198,
2020-07-17,,,1,0,2,117,108,132,83,26,260,1232,434,3580,15794,10211,25457,
2020-07-18,,,1,0,2,117,109,133,83,25,262,1234,428,3626,15877,10237,25719,
2020-07-19,,,1,0,2,118,109,134,83,25,265,1236,423,3672,15959,10263,25984,
2020-07-20,,,1,0,2,118,109,136,82,25,267,1237,417,3716,16042,10288,26250,
2020-07-21,,,1,0,2,119,109,137,82,24,268,1238,412,3758,16124,10312,26518,
2020-07-22,,,1,0,2,119,110,139,82,24,270,1238,406,3798,16206,10337,26787,
2020-07-23,,,1,0,2,120,110,140,82,24,271,1237,400,3836,16287,10361,27058,
2020-07-24,,,1,0,2,120,110,142,81,23,272,1236,394,3871,16369,10384,27329,
2020-07-25,,,1,0,2,121,110,143,81,23,273,1235,389,3904,16450,10408,27601,
2020-07-26,,,1,0,2,122,110,145,81,22,273,1233,383,3934,16530,10430,27874,
2020-07-27,,,1,0,2,122,111,146,80,22,274,1231,377,3961,16611,10453,28148,
2020-07-28,,,1,0,2,123,111,148,80,21,274,1228,371,3986,16691,10475,28422,
2020-07-29,,,1,0,2,123,111,150,80,21,275,1225,365,4009,16770,10496,28696,
2020-07-30,,,1,0,2,124,111,151,79,21,275,1221,359,4029,16849,10518,28970,
2020-07-31,,,1,0,2,124,112,153,79,20,274,1217,353,4046,16928,10538,29244,
2020-08-01,,,1,0,2,125,112,155,78,20,274,1212,347,4060,17006,10559,29517,
2020-08-02,,,1,0,2,126,112,156,78,20,273,1207,341,4071,17084,10579,29790,
2020-08-03,,,1,0,2,126,112,158,77,19,273,1202,335,4079,17161,10598,30062,
2020-08-04,,,1,0,2,127,112,160,77,19,272,1197,329,4084,17238,10618,30333,
2020-08-05,,,1,0,2,127,113,162,76,19,271,1191,324,4087,17315,10637,30604,
2020-08-06,,,1,0,2,128,113,164,76,18,271,1185,318,4088,17391,10655,30875,
2020-08-07,,,1,0,2,129,113,165,75,18,270,1179,312,4087,17466,10674,31144,
2020-08-08,,,1,0,2,129,113,167,75,17,270,1172,307,4085,17541,10692,31413,
2020-08-09,,,1,0,2,130,113,169,74,17,269,1166,301,4081,17615,10709,31682,
2020-08-10,,,1,0,2,130,114,171,74,17,270,1159,296,4077,17689,10727,31951,
2020-08-11,,,1,0,2,131,114,173,73,17,270,1152,290,4073,17763,10744,32221,
2020-08-12,,,1,0,2,132,114,175,73,16,270,1145,285,4069,17836,10760,32490,
2020-08-13,,,1,0,2,132,114,177,72,16,270,1138,280,4064,17908,10777,32759,
2020-08-14,,,1,0,2,133,114,179,72,16,270,1131,275,4060,17980,10793,33029,
2020-08-15,,,1,0,2,133,114,181,71,16,270,1124,271,4056,18052,10809,33299,
2020-08-16,,,1,0,2,134,115,183,71,15,270,1116,266,4052,18123,10825,33568,
2020-08-17,,,1,0,2,134,115,184,71,15,270,1109,262,4049,18193,10841,33838,
2020-08-18,,,1,0,2,135,115,186,70,15,270,1102,258,4046,18263,10856,34107,
2020-08-19,,,1,0,2,136,115,188,70,15,270,1094,254,4044,18333,10872,34376,
2020-08-20,,,1,0,2,136,115,190,69,15,269,1087,250,4042,18402,10887,34645,
2020-08-21,,,1,0,2,137,115,192,69,14,269,1080,246,4040,18470,10902,34914,
2020-08-22,,,1,0,2,137,115,194,68,14,269,1073,242,4039,18539,10917,35182,
2020-08-23,,,1,0,2,138,116,196,68,14,268,1065,239,4037,18606,10931,35450,
2020-08-24,,,1,0,2,138,116,198,67,14,268,1058,236,4036,18674,10946,35718,
2020-08-25,,,1,0,2,139,116,200,67,14,267,1051,233,4034,18740,10960,35985,
2020-08-26,,,1,0,2,139,116,202,66,14,267,1044,230,4031,18807,10974,36251,
2020-08-27,,,1,0,2,140,116,204,66,14,266,1037,228,4028,18873,10989,36517,
2020-08-28,,,1,0,2,141,116,206,66,13,266,1030,225,4024,18938,11003,36783,
2020-08-29,,,1,0,2,141,116,208,65,13,266,1023,223,4019,19003,11016,37048,
2020-08-30,,,1,0,2,142,117,210,65,13,265,1016,220,4014,19068,11030,37312,
2020-08-31,,,1,0,2,142,117,212,64,13,265,1010,218,4009,19132,11044,37577,
2020-09-01,,,1,0,2,143,117,213,64,13,264,1003,216,4003,19196,11057,37840,
2020-09-02,,,1,0,2,143,117,215,63,13,264,996,214,3997,19260,11071,38103,
2020-09-03,,,1,0,2,144,117,217,63,13,263,990,212,3990,19323,11084,38366,
2020-09-04,,,1,0,2,144,117,219,63,13,262,984,210,3982,19385,11098,38627,
2020-09-05,,,1,0,2,145,117,221,62,13,261,977,208,3974,19448,11111,38888,
2020-09-06,,,1,0,2,145,117,223,62,13,260,971,207,3966,19510,11124,39148,
2020-09-07,,,1,0,2,146,118,225,62,13,260,965,205,3957,19571,11137,39407,
2020-09-08,,,1,0,2,146,118,227,61,12,259,959,204,3948,19633,11150,39665,
2020-09-09,,,0,0,2,147,118,229,61,12,258,953,202,3938,19694,11163,39922,
2020-09-10,,,0,0,2,147,118,231,61,12,257,947,201,3928,19754,11176,40178,
2020-09-11,,,0,0,2,148,118,233,60,12,256,942,200,3917,19814,11189,40433,
2020-09-12,,,0,0,2,148,118,235,60,12,255,936,198,3906,19874,11201,40688,
2020-09-13,,,0,0,2,149,118,236,60,12,254,930,197,3894,19934,11214,40941,
2020-09-14,,,0,0,2,149,118,238,59,12,253,925,196,3881,19993,11227,41193,
2020-09-15,,,0,0,2,150,118,240,59,12,252,920,195,3869,20052,11239,41445,
2020-09-16,,,0,0,2,150,118,242,59,12,251,914,194,3856,20111,11252,41695,
2020-09-17,,,0,0,2,151,119,244,58,12,250,909,193,3842,20169,11264,41945,
2020-09-18,,,0,0,2,151,119,246,58,12,250,904,192,3829,20227,11277,42194,
2020-09-19,,,0,0,2,152,119,248,58,12,249,899,191,3816,20285,11289,42443,
2020-09-20,,,0,0,2,152,119,250,57,12,248,894,190,3802,20342,11301,42690,
2020-09-21,,,0,0,2,153,119,252,57,12,247,889,189,3789,20399,11314,42937,
2020-09-22,,,0,0,2,153,119,254,57,12,246,885,188,3776,20456,11326,43182,
2020-09-23,,,0,0,2,153,119,255,57,12,245,880,188,3763,20512,11338,43427,
2020-09-24,,,0,0,2,154,119,257,56,12,245,875,187,3750,20569,11350,43671,
2020-09-25,,,0,0,2,154,119,259,56,12,244,871,186,3737,20625,11363,43915,
2020-09-26,,,0,0,2,155,119,261,56,12,243,866,186,3724,20681,11375,44157,
2020-09-27,,,0,0,2,155,120,263,56,12,242,862,185,3712,20736,11387,44399,
2020-09-28,,,0,0,2,156,120,265,55,12,241,858,184,3699,20791,11399,44640,
2020-09-29,,,0,0,2,156,120,267,55,12,241,853,184,3687,20846,11411,44880,
2020-09-30,,,0,0,2,157,120,268,55,12,240,849,183,3675,20901,11423,45119,
2020-10-01,,,0,0,2,157,120,270,55,12,239,845,183,3662,20956,11435,45357,
