date,actual_deaths,total_deaths,predicted_deaths_mean,predicted_deaths_lower,predicted_deaths_upper,predicted_total_deaths_mean,predicted_total_deaths_lower,predicted_total_deaths_upper,predicted_new_infected_mean,predicted_new_infected_lower,predicted_new_infected_upper,predicted_current_infected_mean,predicted_current_infected_lower,predicted_current_infected_upper,predicted_total_infected_mean,predicted_total_infected_lower,predicted_total_infected_upper,r_values_mean
2020-03-01,,,,,,,,,54,25,75,54,25,75,54,25,75,1.38403464642
2020-03-02,,,,,,,,,54,25,75,108,50,150,108,50,150,1.38381989968
2020-03-03,,,,,,,,,54,25,75,162,75,225,162,75,225,1.38377165584
2020-03-04,,,,,,,,,54,25,75,217,100,300,217,100,300,1.38371249568
2020-03-05,,,,,,,,,54,25,75,271,125,375,271,125,375,1.38363992464
2020-03-06,,,,,,,,,54,25,75,325,150,450,325,150,450,1.38355087096
2020-03-07,,,,,,,,,54,25,75,379,175,525,379,175,525,1.38344155024
2020-03-08,,,,,,,,,54,25,75,433,200,600,433,200,600,1.38330729791
2020-03-09,,,,,,,,,54,25,75,487,225,675,487,225,675,1.38314236205
2020-03-10,,,,,,,,,126,64,180,613,289,855,613,289,855,1.38280314068
2020-03-11,,,,,,,,,125,64,179,738,354,1034,738,354,1034,1.38253685077
2020-03-12,,,,,,,,,129,67,186,867,422,1220,867,422,1220,1.38219037899
2020-03-13,,,,,,,,,138,73,199,1006,495,1419,1006,495,1419,1.38177344445
2020-03-14,,,,,,,,,157,86,228,1162,581,1646,1162,581,1646,1.38126804242
2020-03-15,,,,,,,,,186,105,272,1348,687,1918,1348,687,1918,1.380652339
2020-03-16,,,,,,,,,208,120,306,1502,783,2148,1556,808,2223,1.3798981342
2020-03-17,,,,,,,,,225,133,333,1673,891,2405,1782,941,2555,1.37897125865
2020-03-18,,,,,,,,,244,148,362,1864,1014,2692,2026,1089,2917,1.37783615758
2020-03-19,,,,,,,,,266,165,396,2076,1154,3013,2292,1254,3313,1.37644777283
2020-03-20,,,,,,,,,293,187,438,2315,1317,3375,2586,1442,3750,1.3747485925
2020-03-21,,,,,,,,,321,209,480,2582,1501,3780,2907,1651,4230,1.37266847718
2020-03-22,,,,,,,,,348,232,522,2876,1708,4226,3255,1883,4751,1.37012177393
2020-03-23,,,,,,,,,376,256,564,3199,1940,4715,3632,2140,5315,1.36700739902
2020-03-24,,,,,,,,,406,282,608,3550,2197,5247,4038,2422,5922,1.36320553372
2020-03-25,1,1,,,,,,,438,311,656,3863,2443,5722,4476,2733,6577,1.35857522864
2020-03-26,0,1,,,,,,,472,333,705,4210,2712,6248,4948,3066,7282,1.35295407384
2020-03-27,0,1,,,,,,,507,353,763,4588,2997,6825,5455,3419,8044,1.34616019902
2020-03-28,0,1,,,,,,,543,372,820,4992,3296,7446,5997,3792,8864,1.33799835293
2020-03-29,1,2,,,,,,,579,392,873,5414,3603,8091,6576,4184,9737,1.32827054014
2020-03-30,0,2,,,,,,,616,413,920,5844,3910,8739,7192,4597,10656,1.31679258675
2020-03-31,2,4,,,,,,,654,434,963,6290,4223,9396,7846,5031,11618,1.30341699556
2020-04-01,1,5,,,,,,,691,455,1000,6755,4545,10063,8537,5487,12618,1.28805953397
2020-04-02,1,6,,,,,,,727,476,1030,7238,4874,10731,9264,5964,13647,1.27072448243
2020-04-03,4,10,,,,,,,762,498,1072,7733,5207,11406,10026,6462,14718,1.25152164017
2020-04-04,1,11,,,,,,,795,519,1108,8235,5540,12076,10821,6982,15826,1.23066967908
2020-04-05,1,12,,,,,,,826,540,1128,8740,5871,12724,11647,7522,16953,1.20848474869
2020-04-06,0,12,,,,,,,854,561,1143,9245,6200,13345,12500,8084,18096,1.18535789958
2020-04-07,1,13,,,,,,,879,587,1164,9748,6531,13946,13379,8671,19260,1.16172726907
2020-04-08,0,13,,,,,,,901,608,1198,10243,6858,14535,14280,9280,20457,1.13805000979
2020-04-09,3,16,,,,,,,919,626,1202,10724,7173,15082,15199,9906,21659,1.11477638611
2020-04-10,1,17,,,,,,,934,642,1218,11186,7482,15595,16134,10549,22877,1.09232651846
2020-04-11,2,19,,,,,,,946,668,1239,11625,7798,16072,17080,11218,24115,1.07106976842
2020-04-12,7,26,,,,,,,955,682,1252,12037,8108,16504,18034,11900,25367,1.05130729129
2020-04-13,0,26,,,,,,,961,694,1269,12419,8410,16899,18995,12595,26635,1.03325898274
2020-04-14,5,31,,,,,,,964,708,1284,12767,8705,17262,19959,13303,27918,1.01705641681
2020-04-15,5,36,,,,,,,965,721,1282,13079,8992,17581,20925,14024,29199,1.00274318529
2020-04-16,0,36,,,,,,,965,726,1274,13353,9264,17856,21890,14751,30473,0.990283119149
2020-04-17,8,44,,,,,,,963,727,1260,13589,9515,18085,22853,15479,31732,0.979575290499
2020-04-18,9,53,,,,,,,959,728,1233,13786,9745,18247,23812,16207,32965,0.970473079274
2020-04-19,2,55,,,,,,,955,728,1229,13946,9954,18368,24767,16936,34193,0.962803815048
2020-04-20,3,58,,,,,,,950,730,1216,14070,10144,18455,25717,17666,35408,0.956385963059
2020-04-21,0,58,,,,,,,944,735,1200,14160,10318,18512,26660,18402,36607,0.951042123637
2020-04-22,13,71,,,,,,,937,728,1178,14218,10459,18525,27597,19130,37785,0.946607505743
2020-04-23,7,78,,,,,,,930,726,1151,14247,10576,18479,28527,19856,38936,0.942934486458
2020-04-24,6,84,,,,,,,923,722,1142,14250,10672,18419,29450,20579,40078,0.939894264586
2020-04-25,9,93,,,,,,,915,712,1134,14231,10742,18335,30365,21291,41211,0.937376612011
2020-04-26,6,99,,,,,,,907,705,1127,14192,10778,18223,31272,21997,42338,0.935288530343
2020-04-27,0,99,,,,,,,899,695,1112,14137,10792,18083,32171,22692,43450,0.933552382704
2020-04-28,6,105,,,,,,,891,684,1097,14067,10782,17912,33063,23377,44547,0.932103864999
2020-04-29,7,112,,,,,,,883,674,1096,13986,10748,17724,33946,24052,45642,0.93089002929
2020-04-30,11,123,,,,,,,875,666,1093,13896,10693,17535,34821,24718,46734,0.929867470244
2020-05-01,8,131,,,,,,,867,654,1090,13797,10620,17352,35687,25372,47824,0.929000722187
2020-05-02,7,138,,,,,,,858,640,1086,13693,10533,17177,36545,26012,48909,0.928091554667
2020-05-03,13,151,,,,,,,850,625,1087,13583,10429,17031,37395,26637,49995,0.927317768484
2020-05-04,5,156,,,,,,,842,614,1089,13470,10315,16891,38237,27251,51083,0.926628293493
2020-05-05,6,162,,,,,,,833,603,1091,13353,10188,16766,39070,27855,52174,0.925985020727
2020-05-06,7,169,,,,,,,825,591,1092,13235,10045,16658,39895,28447,53265,0.925409970088
2020-05-07,3,172,,,,,,,816,577,1094,13114,9894,16574,40711,29024,54358,0.924935098418
2020-05-08,9,181,,,,,,,808,565,1094,12992,9733,16517,41519,29590,55452,0.924751297253
2020-05-09,10,191,,,,,,,800,548,1094,12870,9560,16468,42320,30139,56545,0.924570562085
2020-05-10,9,200,,,,,,,792,536,1094,12747,9384,16428,43112,30675,57639,0.924393490587
2020-05-11,8,208,,,,,,,784,521,1095,12623,9200,16396,43896,31197,58733,0.924221045782
2020-05-12,11,219,,,,,,,776,507,1095,12500,9012,16378,44671,31705,59827,0.92405465613
2020-05-13,12,231,,,,,,,768,488,1095,12377,8815,16375,45439,32193,60921,0.923896444454
2020-05-14,11,242,,,,,,,760,468,1094,12253,8609,16374,46199,32662,62015,0.923749570049
2020-05-15,11,253,,,,,,,752,450,1094,12130,8394,16375,46951,33112,63108,0.923618736828
2020-05-16,6,259,,,,,,,744,438,1093,12008,8178,16378,47695,33550,64201,0.923510951966
2020-05-17,6,265,,,,,,,736,426,1093,11886,7964,16385,48431,33977,65293,0.923436632636
2020-05-18,5,270,,,,,,,728,410,1092,11764,7750,16390,49159,34388,66385,0.923411229619
2020-05-19,6,276,,,,,,,721,397,1091,11643,7534,16393,49880,34786,67475,0.923457594951
2020-05-20,7,283,,,,,,,713,386,1090,11523,7317,16392,50593,35173,68565,0.923609384244
2020-05-21,11,294,,,,,,,706,376,1089,11404,7102,16388,51299,35549,69653,0.923915855764
2020-05-22,8,302,,,,,,,698,366,1087,11286,6891,16381,51997,35916,70739,0.924448426392
2020-05-23,0,302,,,,,,,691,357,1085,11170,6682,16373,52689,36273,71824,0.925309178915
2020-05-24,15,317,,,,,,,685,347,1084,11054,6482,16363,53374,36621,72908,0.926640930111
2020-05-25,3,320,,,,,,,679,338,1085,10941,6284,16353,54053,36960,73992,0.928637043891
2020-05-26,5,325,,,,,,,674,330,1088,10831,6092,16347,54726,37290,75079,0.931546336614
2020-05-27,4,329,,,,,,,669,321,1093,10724,5907,16345,55395,37612,76172,0.93566385942
2020-05-28,6,335,,,,,,,666,314,1098,10622,5733,16348,56061,37927,77269,0.941293350418
2020-05-29,9,344,,,,,,,664,309,1105,10527,5574,16359,56726,38236,78374,0.94866711141
2020-05-30,7,351,,,,,,,664,304,1113,10439,5428,16379,57390,38541,79487,0.957824589748
2020-05-31,5,356,,,,,,,666,298,1126,10361,5288,16412,58056,38839,80613,0.968489537886
2020-06-01,6,362,,,,,,,669,293,1143,10294,5155,16462,58725,39133,81755,0.98002836023
2020-06-02,5,367,,,,,,,672,289,1158,10238,5034,16528,59397,39423,82912,0.988689439535
2020-06-03,8,375,,,,,,,676,284,1169,10193,4921,16606,60074,39707,84081,0.99696413921
2020-06-04,8,383,,,,,,,681,281,1196,10161,4816,16713,60755,39989,85277,1.00453382806
2020-06-05,4,387,,,,,,,687,276,1224,10143,4716,16848,61442,40266,86500,1.01118558807
2020-06-06,5,392,,,,,,,694,272,1246,10138,4622,17007,62136,40538,87746,1.01682388726
2020-06-07,4,396,,,,,,,701,273,1270,10147,4538,17191,62836,40812,89015,1.02145490731
2020-06-08,4,400,,,,,,,708,275,1299,10170,4465,17407,63544,41087,90314,1.02515650241
2020-06-09,4,404,,,,,,,715,272,1326,10206,4399,17648,64259,41359,91640,1.02804625347
2020-06-10,6,410,,,,,,,723,268,1355,10256,4337,17915,64982,41628,92994,1.03025529844
2020-06-11,10,420,,,,,,,732,265,1391,10319,4281,18213,65714,41893,94385,1.03191083695
2020-06-12,0,420,,,,,,,740,261,1417,10393,4227,18533,66454,42154,95801,1.03312652171
2020-06-13,11,431,,,,,,,749,256,1455,10477,4175,18883,67203,42411,97256,1.03399857739
2020-06-14,4,435,,,,,,,758,253,1488,10571,4123,19257,67961,42664,98744,1.03460553194
2020-06-15,5,440,,,,,,,767,249,1524,10672,4074,19655,68728,42913,100267,1.03500979769
2020-06-16,,,5,2,9,445,442,449,777,245,1562,10779,4026,20074,69504,43159,101829,
2020-06-17,,,5,2,9,450,445,457,786,242,1600,10893,3978,20517,70291,43401,103428,
2020-06-18,,,5,2,9,456,447,466,796,239,1639,11013,3933,20987,71087,43641,105067,
2020-06-19,,,5,2,9,461,450,474,806,237,1679,11138,3888,21470,71893,43878,106746,
2020-06-20,,,5,2,9,466,452,483,817,233,1720,11268,3846,21966,72710,44112,108466,
2020-06-21,,,5,2,9,471,454,491,827,230,1762,11401,3804,22482,73537,44343,110227,
2020-06-22,,,5,2,9,476,456,500,838,227,1804,11539,3758,23016,74375,44570,112031,
2020-06-23,,,5,2,9,481,459,508,849,223,1848,11680,3706,23565,75224,44794,113878,
2020-06-24,,,5,2,9,486,461,517,860,220,1892,11825,3654,24131,76084,45014,115770,
2020-06-25,,,5,2,9,491,463,525,872,216,1937,11973,3603,24713,76955,45231,117707,
2020-06-26,,,5,2,9,496,465,534,883,213,1983,12124,3551,25305,77838,45444,119689,
2020-06-27,,,5,1,9,501,467,543,895,210,2030,12279,3500,25917,78733,45655,121718,
2020-06-28,,,5,1,9,506,469,552,907,207,2077,12438,3451,26540,79641,45863,123795,
2020-06-29,,,5,1,10,511,471,561,919,204,2126,12599,3403,27177,80560,46067,125920,
2020-06-30,,,5,1,10,516,473,570,932,201,2175,12764,3355,27828,81492,46268,128095,
2020-07-01,,,5,1,10,521,475,580,945,198,2225,12932,3308,28492,82437,46467,130320,
2020-07-02,,,5,1,10,526,477,590,955,195,2272,13102,3261,29164,83392,46663,132592,
2020-07-03,,,5,1,10,531,479,599,966,192,2320,13271,3214,29844,84358,46856,134911,
2020-07-04,,,5,1,11,537,480,610,977,190,2368,13442,3167,30533,85335,47046,137278,
2020-07-05,,,5,1,11,542,482,620,987,187,2416,13613,3121,31228,86322,47233,139694,
2020-07-06,,,5,1,11,547,484,631,998,184,2464,13783,3074,31931,87320,47417,142158,
2020-07-07,,,5,1,11,553,486,642,1007,181,2506,13953,3028,32632,88327,47598,144663,
2020-07-08,,,6,1,12,558,488,653,1016,179,2545,14120,2983,33330,89344,47777,147208,
2020-07-09,,,6,1,12,564,489,664,1025,177,2584,14285,2940,34022,90369,47955,149791,
2020-07-10,,,6,1,12,570,491,676,1034,173,2622,14447,2896,34707,91403,48128,152413,
2020-07-11,,,6,1,13,575,493,688,1042,170,2658,14606,2853,35382,92445,48298,155070,
2020-07-12,,,6,1,13,581,494,700,1049,168,2700,14760,2811,36051,93494,48466,157769,
2020-07-13,,,6,1,13,587,496,713,1057,164,2733,14910,2768,36707,94550,48631,160502,
2020-07-14,,,6,1,13,593,498,726,1063,161,2767,15054,2725,37348,95614,48793,163268,
2020-07-15,,,6,1,14,599,499,739,1069,157,2799,15191,2681,37972,96683,48950,166067,
2020-07-16,,,6,1,14,605,501,753,1075,153,2828,15321,2636,38575,97758,49103,168894,
2020-07-17,,,6,1,14,612,502,766,1080,149,2854,15446,2590,39156,98838,49253,171747,
2020-07-18,,,6,1,15,618,504,781,1085,146,2884,15565,2543,39720,99923,49399,174631,
2020-07-19,,,6,1,15,624,505,795,1089,143,2917,15677,2496,40269,101012,49542,177547,
2020-07-20,,,6,1,15,631,507,810,1093,139,2948,15782,2449,40801,102104,49682,180494,
2020-07-21,,,7,1,16,637,508,825,1096,136,2978,15880,2401,41315,103200,49819,183472,
2020-07-22,,,7,1,16,644,510,841,1098,133,3006,15971,2354,41815,104298,49953,186477,
2020-07-23,,,7,1,16,651,511,857,1100,130,3034,16055,2306,42303,105398,50084,189510,
2020-07-24,,,7,1,17,658,512,873,1102,127,3055,16131,2256,42774,106500,50211,192565,
2020-07-25,,,7,1,17,664,514,889,1103,124,3058,16200,2208,43210,107602,50336,195622,
2020-07-26,,,7,1,17,671,515,906,1103,121,3075,16261,2159,43627,108705,50458,198697,
2020-07-27,,,7,1,18,678,517,924,1103,118,3095,16314,2110,44022,109808,50577,201791,
2020-07-28,,,7,1,18,686,518,941,1102,116,3112,16360,2061,44401,110911,50693,204903,
2020-07-29,,,7,1,18,693,519,959,1101,113,3121,16398,2013,44756,112012,50806,208023,
2020-07-30,,,7,1,19,700,520,977,1100,110,3120,16429,1966,45077,113112,50916,211143,
2020-07-31,,,7,1,19,707,522,996,1098,107,3136,16451,1920,45385,114209,51024,214278,
2020-08-01,,,7,1,19,715,523,1014,1095,104,3144,16466,1875,45675,115304,51128,217422,
2020-08-02,,,7,1,19,722,524,1033,1092,101,3151,16474,1830,45942,116397,51230,220572,
2020-08-03,,,7,1,20,730,525,1052,1089,99,3167,16474,1786,46192,117485,51329,223739,
2020-08-04,,,8,1,20,737,526,1072,1085,96,3182,16466,1743,46427,118571,51426,226921,
2020-08-05,,,8,1,20,745,528,1092,1081,94,3199,16452,1701,46647,119652,51520,230119,
2020-08-06,,,8,1,20,752,529,1112,1077,92,3213,16431,1659,46854,120729,51612,233331,
2020-08-07,,,8,1,21,760,530,1132,1072,89,3211,16403,1618,47032,121801,51702,236542,
2020-08-08,,,8,1,21,768,531,1152,1067,87,3207,16368,1578,47184,122868,51790,239748,
2020-08-09,,,8,1,21,775,532,1173,1061,85,3204,16327,1539,47330,123929,51876,242952,
2020-08-10,,,8,1,21,783,533,1193,1056,83,3207,16279,1501,47462,124984,51959,246158,
2020-08-11,,,8,0,21,791,534,1214,1049,81,3215,16226,1464,47583,126034,52041,249373,
2020-08-12,,,8,0,22,799,535,1236,1043,79,3215,16166,1428,47686,127077,52121,252588,
2020-08-13,,,8,0,22,806,536,1257,1036,77,3202,16102,1393,47767,128113,52199,255790,
2020-08-14,,,8,0,22,814,537,1279,1029,75,3218,16031,1358,47865,129143,52275,259007,
2020-08-15,,,8,0,22,822,538,1300,1022,73,3233,15956,1325,47962,130165,52349,262240,
2020-08-16,,,8,0,22,830,539,1322,1015,71,3251,15876,1292,48069,131180,52421,265491,
2020-08-17,,,8,0,22,838,539,1344,1007,69,3242,15791,1260,48160,132187,52490,268732,
2020-08-18,,,8,0,23,846,540,1366,999,67,3220,15701,1229,48213,133187,52558,271952,
2020-08-19,,,8,0,23,853,541,1388,991,66,3192,15608,1198,48223,134178,52625,275143,
2020-08-20,,,8,0,23,861,542,1410,983,64,3162,15510,1168,48187,135162,52689,278305,
2020-08-21,,,8,0,23,869,543,1432,975,62,3131,15408,1139,48105,136137,52752,281436,
2020-08-22,,,8,0,23,877,543,1455,967,61,3099,15303,1111,47993,137103,52814,284534,
2020-08-23,,,8,0,23,885,544,1477,958,60,3091,15194,1084,47877,138062,52874,287625,
2020-08-24,,,8,0,23,892,545,1499,949,59,3070,15082,1057,47743,139011,52934,290695,
2020-08-25,,,8,0,23,900,546,1522,941,57,3064,14967,1031,47600,139952,52991,293758,
2020-08-26,,,8,0,23,908,546,1545,932,56,3034,14850,1006,47419,140883,53047,296792,
2020-08-27,,,8,0,23,916,547,1567,923,54,3003,14729,981,47207,141806,53102,299794,
2020-08-28,,,8,0,23,923,548,1590,914,53,2970,14607,956,46974,142720,53155,302763,
2020-08-29,,,8,0,23,931,548,1613,905,52,2936,14482,932,46692,143625,53208,305698,
2020-08-30,,,8,0,23,939,549,1636,896,50,2900,14355,909,46359,144520,53258,308598,
2020-08-31,,,8,0,23,946,550,1659,886,49,2864,14227,887,45971,145407,53308,311461,
2020-09-01,,,8,0,23,954,550,1681,877,48,2826,14096,865,45555,146284,53356,314287,
2020-09-02,,,7,0,23,961,551,1704,868,47,2787,13965,844,45122,147151,53403,317073,
2020-09-03,,,7,0,23,968,551,1727,858,46,2748,13831,824,44678,148010,53450,319821,
2020-09-04,,,7,0,23,976,552,1750,849,45,2707,13697,805,44223,148859,53495,322527,
2020-09-05,,,7,0,23,983,552,1773,840,43,2742,13562,786,43834,149698,53539,325269,
2020-09-06,,,7,0,24,990,553,1796,830,43,2709,13425,767,43444,150529,53582,327978,
2020-09-07,,,7,0,24,998,553,1819,821,42,2675,13288,749,43028,151350,53624,330652,
2020-09-08,,,7,0,24,1005,554,1842,812,41,2626,13150,731,42584,152161,53665,333278,
2020-09-09,,,7,0,23,1012,554,1865,802,40,2584,13012,714,42104,152964,53706,335861,
2020-09-10,,,7,0,23,1019,555,1888,793,39,2541,12873,698,41611,153757,53745,338402,
2020-09-11,,,7,0,23,1026,555,1910,784,39,2498,12734,682,41106,154540,53785,340900,
2020-09-12,,,7,0,23,1033,556,1932,774,38,2456,12594,667,40592,155315,53823,343355,
2020-09-13,,,7,0,23,1040,556,1954,765,37,2413,12455,653,40069,156080,53861,345767,
2020-09-14,,,7,0,22,1047,557,1976,756,36,2396,12316,639,39565,156836,53898,348162,
2020-09-15,,,7,0,22,1053,557,1998,747,36,2358,12176,626,39059,157583,53934,350520,
2020-09-16,,,7,0,22,1060,557,2020,738,35,2320,12037,613,38553,158321,53970,352840,
2020-09-17,,,7,0,22,1067,558,2041,729,35,2282,11898,601,38048,159050,54005,355121,
2020-09-18,,,7,0,22,1073,558,2063,720,34,2174,11760,589,37474,159769,54039,357294,
2020-09-19,,,7,0,22,1080,559,2084,711,33,2143,11622,578,36910,160480,54073,359437,
2020-09-20,,,6,0,21,1086,559,2105,702,33,2112,11484,567,36281,161182,54106,361549,
2020-09-21,,,6,0,21,1093,559,2125,693,33,2081,11347,557,35653,161876,54139,363630,
2020-09-22,,,6,0,21,1099,560,2146,685,32,2064,11211,548,35041,162560,54172,365693,
2020-09-23,,,6,0,21,1105,560,2166,676,32,2046,11075,539,34461,163236,54205,367738,
2020-09-24,,,6,0,20,1111,560,2185,667,31,2028,10940,530,33905,163903,54236,369765,
2020-09-25,,,6,0,20,1117,561,2205,659,31,2009,10805,522,33373,164562,54268,371774,
2020-09-26,,,6,0,20,1123,561,2224,650,31,1990,10672,514,32864,165212,54299,373764,
2020-09-27,,,6,0,20,1129,561,2244,642,31,1970,10539,507,32379,165854,54331,375733,
2020-09-28,,,6,0,20,1135,562,2263,633,30,1950,10408,500,31916,166487,54361,377683,
2020-09-29,,,6,0,20,1141,562,2282,625,30,1930,10277,494,31450,167113,54392,379612,
2020-09-30,,,6,0,19,1147,562,2301,617,30,1909,10147,488,31001,167730,54423,381521,
2020-10-01,,,6,0,19,1153,563,2319,609,30,1888,10018,483,30570,168338,54453,383409,
