date,actual_deaths,total_deaths,predicted_deaths_mean,predicted_deaths_lower,predicted_deaths_upper,predicted_total_deaths_mean,predicted_total_deaths_lower,predicted_total_deaths_upper,predicted_new_infected_mean,predicted_new_infected_lower,predicted_new_infected_upper,predicted_current_infected_mean,predicted_current_infected_lower,predicted_current_infected_upper,predicted_total_infected_mean,predicted_total_infected_lower,predicted_total_infected_upper,r_values_mean
2020-02-28,,,,,,,,,26,10,40,26,10,40,26,10,40,1.39825859053
2020-02-29,,,,,,,,,26,10,40,52,20,80,52,20,80,1.39820172924
2020-03-01,,,,,,,,,26,10,40,78,30,120,78,30,120,1.3981890414
2020-03-02,,,,,,,,,26,10,40,104,40,160,104,40,160,1.39817351062
2020-03-03,,,,,,,,,26,10,40,130,50,200,130,50,200,1.39815449599
2020-03-04,,,,,,,,,26,10,40,156,60,240,156,60,240,1.39813121082
2020-03-05,,,,,,,,,26,10,40,182,70,280,182,70,280,1.39810268915
2020-03-06,,,,,,,,,26,10,40,208,80,320,208,80,320,1.39806774434
2020-03-07,,,,,,,,,26,10,40,234,90,360,234,90,360,1.39802491806
2020-03-08,,,,,,,,,60,25,88,294,115,448,294,115,448,1.39787191937
2020-03-09,,,,,,,,,60,25,88,354,141,536,354,141,536,1.39779497979
2020-03-10,,,,,,,,,62,27,90,415,168,626,415,168,626,1.39768670763
2020-03-11,,,,,,,,,66,29,96,481,198,721,481,198,721,1.39756064149
2020-03-12,,,,,,,,,75,34,107,556,232,828,556,232,828,1.39741153582
2020-03-13,,,,,,,,,89,42,124,645,275,952,645,275,952,1.39723319879
2020-03-14,,,,,,,,,99,48,137,718,313,1048,744,323,1088,1.39701706099
2020-03-15,,,,,,,,,107,53,147,800,357,1154,852,377,1234,1.3967529624
2020-03-16,,,,,,,,,117,59,157,891,407,1271,969,437,1391,1.39643309393
2020-03-17,,,,,,,,,127,66,169,992,464,1399,1096,504,1559,1.39604677333
2020-03-18,,,,,,,,,140,75,183,1106,530,1542,1236,580,1742,1.39557906628
2020-03-19,,,,,,,,,153,85,197,1233,605,1698,1389,665,1938,1.39501150211
2020-03-20,,,,,,,,,167,94,211,1374,690,1868,1556,760,2148,1.39432081334
2020-03-21,,,,,,,,,180,105,224,1528,785,2051,1736,865,2371,1.39347975578
2020-03-22,,,,,,,,,195,116,238,1697,892,2249,1930,982,2609,1.39245515727
2020-03-23,1,1,,,,,,,211,129,253,1847,996,2413,2141,1112,2861,1.39120598901
2020-03-24,0,1,,,,,,,228,143,269,2015,1114,2594,2368,1256,3130,1.38968179389
2020-03-25,0,1,,,,,,,246,159,285,2199,1246,2788,2614,1415,3414,1.38782092154
2020-03-26,0,1,,,,,,,264,175,301,2397,1392,2993,2878,1590,3714,1.38554889946
2020-03-27,0,1,,,,,,,284,192,318,2606,1550,3204,3162,1783,4031,1.38277626275
2020-03-28,1,2,,,,,,,305,209,343,2822,1718,3422,3467,1993,4374,1.3793961724
2020-03-29,0,2,,,,,,,327,229,377,3050,1899,3662,3794,2223,4750,1.37528249677
2020-03-30,1,3,,,,,,,350,250,421,3293,2096,3936,4145,2474,5170,1.37028877367
2020-03-31,0,3,,,,,,,375,273,468,3551,2310,4247,4519,2747,5638,1.36424887152
2020-04-01,0,3,,,,,,,400,296,517,3823,2539,4595,4919,3043,6154,1.35698021816
2020-04-02,0,3,,,,,,,426,319,567,4109,2783,4979,5345,3363,6720,1.34829081881
2020-04-03,2,5,,,,,,,452,344,618,4408,3042,5401,5797,3707,7338,1.33799129927
2020-04-04,2,7,,,,,,,479,369,667,4721,3316,5857,6276,4077,8005,1.32591243617
2020-04-05,2,9,,,,,,,506,393,714,5047,3605,6347,6783,4470,8718,1.3119271461
2020-04-06,0,9,,,,,,,533,418,756,5386,3906,6865,7316,4888,9474,1.29597389445
2020-04-07,0,9,,,,,,,559,436,791,5735,4212,7403,7875,5325,10264,1.27807695276
2020-04-08,4,13,,,,,,,584,452,818,6091,4521,7952,8460,5778,11081,1.2583589646
2020-04-09,8,21,,,,,,,608,466,833,6454,4829,8500,9068,6244,11914,1.23704315392
2020-04-10,0,21,,,,,,,630,477,861,6820,5132,9060,9698,6722,12774,1.21444526518
2020-04-11,1,22,,,,,,,650,481,883,7186,5421,9625,10348,7204,13656,1.19095731622
2020-04-12,1,23,,,,,,,668,484,903,7549,5695,10186,11016,7689,14559,1.16702565221
2020-04-13,0,23,,,,,,,683,489,917,7905,5955,10726,11699,8178,15476,1.14312514199
2020-04-14,2,25,,,,,,,696,493,949,8250,6197,11254,12395,8672,16424,1.11973076942
2020-04-15,7,32,,,,,,,706,496,969,8581,6420,11756,13101,9168,17393,1.0972880356
2020-04-16,0,32,,,,,,,714,500,984,8895,6625,12223,13814,9668,18376,1.07618442502
2020-04-17,5,37,,,,,,,719,505,992,9189,6810,12647,14533,10174,19367,1.05672513356
2020-04-18,1,38,,,,,,,723,509,996,9459,6976,13025,15256,10684,20363,1.03911664183
2020-04-19,0,38,,,,,,,725,512,1005,9704,7118,13363,15981,11196,21368,1.02346102447
2020-04-20,4,42,,,,,,,725,507,1008,9923,7232,13658,16705,11703,22375,1.0097619781
2020-04-21,0,42,,,,,,,724,505,1001,10113,7320,13903,17429,12209,23376,0.997940923243
2020-04-22,6,48,,,,,,,722,506,993,10275,7390,14105,18151,12715,24369,0.987859263677
2020-04-23,3,51,,,,,,,719,507,987,10409,7444,14275,18869,13222,25356,0.979342011933
2020-04-24,2,53,,,,,,,715,507,979,10516,7485,14421,19584,13730,26334,0.972198761693
2020-04-25,0,53,,,,,,,711,508,973,10597,7516,14533,20295,14239,27306,0.966239746049
2020-04-26,7,60,,,,,,,706,508,965,10652,7542,14615,21001,14747,28271,0.96128650001
2020-04-27,0,60,,,,,,,700,501,956,10685,7559,14668,21701,15248,29227,0.956428332052
2020-04-28,0,60,,,,,,,694,499,948,10696,7569,14698,22395,15748,30174,0.95217244817
2020-04-29,0,60,,,,,,,688,492,946,10688,7568,14696,23083,16240,31120,0.948378312823
2020-04-30,12,72,,,,,,,681,483,941,10663,7555,14668,23764,16724,32060,0.944792714282
2020-05-01,9,81,,,,,,,674,473,922,10624,7529,14606,24438,17197,32982,0.94160864492
2020-05-02,3,84,,,,,,,667,467,899,10572,7491,14513,25105,17665,33880,0.939153684965
2020-05-03,2,86,,,,,,,661,462,894,10510,7443,14411,25766,18127,34774,0.939008819028
2020-05-04,0,86,,,,,,,655,454,885,10441,7386,14292,26422,18582,35659,0.93891138489
2020-05-05,6,92,,,,,,,649,446,874,10366,7325,14157,27071,19029,36532,0.938882774431
2020-05-06,0,92,,,,,,,643,434,870,10285,7254,14026,27714,19463,37402,0.938955296925
2020-05-07,22,114,,,,,,,637,423,869,10201,7171,13902,28352,19887,38270,0.939176132685
2020-05-08,7,121,,,,,,,632,415,865,10114,7080,13780,28984,20302,39135,0.939613583582
2020-05-09,10,131,,,,,,,627,408,865,10026,6980,13667,29610,20711,40000,0.940365190438
2020-05-10,2,133,,,,,,,622,400,864,9937,6872,13558,30232,21111,40863,0.941567374855
2020-05-11,0,133,,,,,,,617,391,865,9848,6755,13457,30849,21502,41728,0.943404899399
2020-05-12,9,142,,,,,,,613,383,866,9762,6638,13366,31462,21886,42593,0.946115520098
2020-05-13,8,150,,,,,,,611,376,868,9678,6514,13287,32073,22262,43460,0.949981117856
2020-05-14,1,151,,,,,,,609,370,872,9599,6392,13213,32682,22633,44332,0.955291778837
2020-05-15,0,151,,,,,,,608,367,876,9526,6277,13148,33290,23001,45208,0.962269179713
2020-05-16,20,171,,,,,,,609,362,881,9461,6165,13107,33899,23363,46088,0.970950561222
2020-05-17,1,172,,,,,,,612,359,890,9406,6057,13098,34511,23723,46977,0.98107137639
2020-05-18,0,172,,,,,,,616,358,898,9360,5953,13101,35127,24081,47875,0.99202557934
2020-05-19,0,172,,,,,,,619,351,902,9324,5850,13118,35745,24432,48777,1.00022735551
2020-05-20,18,190,,,,,,,623,346,920,9297,5750,13165,36369,24779,49696,1.00805806237
2020-05-21,9,199,,,,,,,628,342,938,9282,5657,13232,36997,25121,50633,1.01521332866
2020-05-22,5,204,,,,,,,634,338,953,9279,5572,13317,37631,25459,51586,1.02148969705
2020-05-23,4,208,,,,,,,641,337,968,9288,5494,13419,38272,25797,52553,1.02679594746
2020-05-24,1,209,,,,,,,647,335,983,9309,5421,13536,38919,26132,53536,1.03113809876
2020-05-25,1,210,,,,,,,654,332,1002,9341,5353,13674,39573,26465,54537,1.03459068959
2020-05-26,4,214,,,,,,,661,327,1019,9385,5289,13829,40234,26792,55556,1.03726621516
2020-05-27,9,223,,,,,,,668,323,1041,9440,5229,14004,40902,27116,56596,1.039290074
2020-05-28,9,232,,,,,,,676,319,1062,9506,5173,14199,41578,27436,57658,1.04078386136
2020-05-29,6,238,,,,,,,684,315,1079,9581,5117,14405,42262,27751,58737,1.04185620709
2020-05-30,0,238,,,,,,,692,311,1105,9665,5061,14634,42955,28062,59841,1.04259907805
2020-05-31,7,245,,,,,,,701,308,1132,9756,5007,14885,43655,28370,60972,1.0430875174
2020-06-01,0,245,,,,,,,709,305,1160,9853,4953,15155,44364,28676,62132,1.04338106853
2020-06-02,11,256,,,,,,,718,302,1188,9956,4898,15446,45082,28979,63320,1.04352623011
2020-06-03,9,265,,,,,,,727,299,1218,10064,4846,15761,45809,29279,64537,1.04355874943
2020-06-04,8,273,,,,,,,736,297,1248,10176,4797,16088,46545,29576,65784,1.04350583103
2020-06-05,5,278,,,,,,,745,295,1278,10293,4751,16429,47290,29872,67062,1.04338802072
2020-06-06,5,283,,,,,,,755,293,1309,10414,4706,16784,48045,30166,68370,1.04322074256
2020-06-07,3,286,,,,,,,765,290,1341,10538,4659,17157,48810,30457,69710,1.04301553472
2020-06-08,0,286,,,,,,,774,288,1373,10665,4612,17547,49584,30745,71083,1.04278099655
2020-06-09,0,286,,,,,,,785,285,1406,10796,4565,17951,50369,31030,72488,1.04252351373
2020-06-10,15,301,,,,,,,795,281,1439,10930,4518,18371,51163,31311,73927,1.04224781558
2020-06-11,7,308,,,,,,,805,277,1474,11066,4471,18804,51969,31588,75400,1.04195739206
2020-06-12,7,315,,,,,,,816,273,1508,11206,4426,19250,52784,31862,76908,1.04165481234
2020-06-13,3,318,,,,,,,827,269,1544,11349,4380,19714,53611,32131,78451,1.04134196108
2020-06-14,2,320,,,,,,,838,264,1580,11494,4333,20189,54449,32395,80030,1.04102021361
2020-06-15,0,320,,,,,,,849,258,1616,11643,4283,20674,55298,32654,81646,1.04069056665
2020-06-16,,,4,2,7,324,322,327,860,253,1653,11794,4231,21167,56158,32908,83299,
2020-06-17,,,4,2,7,329,324,334,872,249,1691,11948,4178,21670,57030,33157,84989,
2020-06-18,,,4,2,7,333,326,341,881,243,1725,12103,4122,22177,57912,33401,86714,
2020-06-19,,,4,2,8,337,328,348,891,239,1760,12258,4063,22689,58803,33640,88473,
2020-06-20,,,5,2,8,342,330,355,901,233,1794,12413,4000,23205,59703,33873,90266,
2020-06-21,,,5,2,8,347,332,362,910,229,1829,12568,3936,23725,60613,34102,92094,
2020-06-22,,,5,2,8,351,334,370,919,225,1862,12723,3870,24246,61533,34328,93956,
2020-06-23,,,5,2,8,356,336,378,928,220,1895,12877,3802,24769,62461,34548,95851,
2020-06-24,,,5,2,9,361,338,386,936,215,1927,13028,3733,25290,63397,34763,97778,
2020-06-25,,,5,2,9,366,341,395,944,210,1958,13177,3662,25809,64340,34974,99735,
2020-06-26,,,5,2,9,371,343,403,951,206,1989,13323,3592,26324,65292,35180,101724,
2020-06-27,,,5,2,10,377,345,412,958,201,2019,13465,3519,26835,66250,35382,103742,
2020-06-28,,,5,2,10,382,347,422,965,197,2050,13603,3447,27342,67214,35579,105792,
2020-06-29,,,5,2,10,388,349,431,971,192,2083,13736,3375,27845,68185,35771,107875,
2020-06-30,,,6,2,10,393,351,441,976,187,2109,13863,3304,28338,69161,35959,109983,
2020-07-01,,,6,2,11,399,353,451,981,183,2134,13984,3234,28818,70142,36142,112116,
2020-07-02,,,6,1,11,404,355,461,986,178,2158,14098,3164,29285,71128,36321,114274,
2020-07-03,,,6,1,11,410,357,472,990,174,2180,14207,3094,29740,72118,36495,116454,
2020-07-04,,,6,1,11,416,359,483,994,169,2202,14309,3024,30183,73112,36665,118655,
2020-07-05,,,6,1,12,422,361,494,997,165,2222,14405,2956,30610,74109,36830,120876,
2020-07-06,,,6,1,12,428,363,505,999,160,2240,14494,2887,31022,75108,36990,123116,
2020-07-07,,,6,1,12,434,364,517,1001,156,2271,14576,2818,31431,76109,37146,125387,
2020-07-08,,,6,1,12,440,366,529,1003,151,2294,14651,2750,31830,77112,37298,127680,
2020-07-09,,,6,1,13,446,368,541,1004,147,2316,14719,2682,32219,78116,37445,129996,
2020-07-10,,,6,1,13,452,370,553,1004,143,2339,14780,2614,32600,79120,37589,132335,
2020-07-11,,,6,1,13,459,371,565,1004,138,2361,14833,2547,32973,80125,37727,134696,
2020-07-12,,,6,1,13,465,373,578,1004,132,2382,14879,2477,33336,81129,37860,137077,
2020-07-13,,,6,1,14,472,375,591,1003,127,2401,14917,2408,33687,82131,37988,139478,
2020-07-14,,,7,1,14,478,376,605,1001,123,2419,14948,2340,34023,83133,38111,141897,
2020-07-15,,,7,1,14,485,378,618,999,119,2436,14971,2271,34350,84132,38231,144333,
2020-07-16,,,7,1,14,492,379,632,997,115,2454,14986,2204,34671,85129,38347,146787,
2020-07-17,,,7,1,14,498,381,646,994,111,2468,14994,2137,34981,86122,38458,149254,
2020-07-18,,,7,1,15,505,382,660,990,107,2475,14995,2071,35276,87113,38566,151729,
2020-07-19,,,7,1,15,512,384,674,987,104,2482,14988,2005,35556,88100,38670,154210,
2020-07-20,,,7,1,15,519,385,689,983,100,2486,14974,1941,35820,89082,38771,156696,
2020-07-21,,,7,1,15,526,387,704,978,97,2489,14952,1878,36069,90060,38868,159184,
2020-07-22,,,7,1,16,533,388,719,973,93,2490,14924,1815,36287,91033,38962,161673,
2020-07-23,,,7,1,16,540,389,734,968,90,2489,14889,1754,36481,92001,39053,164161,
2020-07-24,,,7,1,16,547,391,749,962,87,2486,14848,1694,36651,92964,39140,166647,
2020-07-25,,,7,1,16,554,392,765,956,84,2494,14800,1636,36806,93920,39225,169140,
2020-07-26,,,7,1,16,561,393,781,950,81,2504,14746,1578,36949,94870,39306,171644,
2020-07-27,,,7,1,16,568,394,796,944,78,2513,14685,1525,37079,95814,39385,174156,
2020-07-28,,,7,1,17,575,395,812,937,76,2509,14619,1473,37187,96751,39461,176665,
2020-07-29,,,7,1,17,582,396,829,930,72,2500,14548,1421,37268,97681,39533,179164,
2020-07-30,,,7,1,17,589,397,845,922,70,2490,14471,1372,37321,98603,39603,181654,
2020-07-31,,,7,1,17,596,398,861,915,67,2483,14389,1324,37350,99518,39671,184136,
2020-08-01,,,7,1,17,603,400,878,907,65,2482,14302,1278,37364,100424,39737,186617,
2020-08-02,,,7,0,17,611,400,895,899,63,2478,14210,1234,37367,101323,39800,189095,
2020-08-03,,,7,0,17,618,401,912,891,61,2477,14114,1191,37362,102214,39862,191571,
2020-08-04,,,7,0,18,625,402,929,882,59,2475,14014,1150,37350,103096,39922,194045,
2020-08-05,,,7,0,18,632,403,946,873,57,2471,13909,1111,37333,103969,39980,196516,
2020-08-06,,,7,0,18,639,404,964,865,55,2467,13801,1073,37310,104834,40036,198982,
2020-08-07,,,7,0,18,646,405,981,856,54,2459,13688,1036,37280,105690,40090,201440,
2020-08-08,,,7,0,18,653,406,999,847,52,2437,13573,1002,37231,106537,40142,203877,
2020-08-09,,,7,0,18,660,406,1016,838,50,2416,13454,968,37153,107374,40193,206293,
2020-08-10,,,7,0,18,667,407,1034,828,49,2405,13332,936,37054,108203,40243,208697,
2020-08-11,,,7,0,18,674,408,1051,819,47,2399,13208,905,36940,109022,40290,211096,
2020-08-12,,,7,0,18,681,409,1069,810,46,2391,13081,875,36822,109832,40337,213486,
2020-08-13,,,7,0,18,688,409,1087,800,44,2368,12952,848,36690,110632,40382,215854,
2020-08-14,,,7,0,18,695,410,1105,791,43,2343,12820,822,36543,111423,40425,218196,
2020-08-15,,,7,0,18,702,411,1122,781,42,2317,12687,796,36377,112204,40468,220513,
2020-08-16,,,7,0,18,709,411,1140,772,41,2291,12551,772,36186,112976,40509,222803,
2020-08-17,,,7,0,18,715,412,1158,762,40,2263,12415,748,35971,113738,40549,225066,
2020-08-18,,,7,0,18,722,412,1176,752,39,2235,12276,726,35730,114490,40589,227301,
2020-08-19,,,7,0,18,729,413,1194,743,38,2206,12137,705,35462,115233,40627,229506,
2020-08-20,,,7,0,18,735,413,1211,733,37,2176,11997,685,35167,115966,40665,231682,
2020-08-21,,,7,0,18,742,414,1229,723,36,2159,11855,666,34859,116689,40702,233841,
2020-08-22,,,7,0,18,749,414,1247,714,36,2123,11713,647,34524,117403,40738,235964,
2020-08-23,,,6,0,18,755,415,1264,704,35,2086,11570,630,34173,118107,40773,238049,
2020-08-24,,,6,0,18,761,415,1282,695,34,2075,11427,614,33832,118802,40807,240124,
2020-08-25,,,6,0,18,768,416,1299,685,33,2040,11284,598,33468,119487,40841,242164,
2020-08-26,,,6,0,18,774,416,1317,675,32,2005,11140,582,33073,120162,40873,244169,
2020-08-27,,,6,0,18,780,417,1335,666,31,1969,10996,568,32651,120828,40905,246137,
2020-08-28,,,6,0,18,786,417,1352,657,30,1932,10853,553,32216,121485,40935,248069,
2020-08-29,,,6,0,18,792,417,1370,647,29,1896,10709,539,31768,122132,40965,249964,
2020-08-30,,,6,0,18,798,418,1387,638,28,1859,10566,526,31310,122770,40994,251822,
2020-08-31,,,6,0,18,804,418,1404,629,28,1825,10423,513,30844,123399,41022,253647,
2020-09-01,,,6,0,18,810,418,1421,620,27,1799,10280,500,30379,124018,41050,255445,
2020-09-02,,,6,0,18,816,419,1438,610,26,1773,10138,487,29917,124629,41076,257217,
2020-09-03,,,6,0,17,822,419,1455,601,25,1746,9997,474,29457,125230,41102,258963,
2020-09-04,,,6,0,17,828,419,1472,593,25,1719,9857,462,29000,125823,41127,260682,
2020-09-05,,,6,0,17,833,420,1489,584,24,1692,9717,449,28533,126406,41152,262373,
2020-09-06,,,6,0,17,839,420,1505,575,23,1671,9578,437,28080,126981,41175,264044,
2020-09-07,,,5,0,17,844,420,1521,566,23,1651,9440,425,27646,127548,41199,265694,
2020-09-08,,,5,0,17,850,421,1538,558,22,1632,9303,413,27202,128105,41221,267326,
2020-09-09,,,5,0,16,855,421,1553,549,21,1612,9168,402,26773,128654,41243,268937,
2020-09-10,,,5,0,16,860,421,1569,541,21,1592,9033,391,26360,129195,41265,270528,
2020-09-11,,,5,0,16,865,421,1585,532,21,1571,8899,380,25963,129727,41286,272099,
2020-09-12,,,5,0,16,871,422,1600,524,20,1551,8767,370,25581,130251,41306,273649,
2020-09-13,,,5,0,16,876,422,1615,516,20,1530,8635,361,25215,130767,41326,275179,
2020-09-14,,,5,0,15,881,422,1630,508,19,1509,8505,351,24866,131275,41346,276687,
2020-09-15,,,5,0,15,886,422,1644,500,19,1488,8376,342,24529,131775,41365,278175,
2020-09-16,,,5,0,15,891,423,1659,492,18,1467,8249,334,24197,132267,41384,279641,
2020-09-17,,,5,0,15,895,423,1673,484,18,1446,8122,326,23870,132751,41402,281086,
2020-09-18,,,5,0,14,900,423,1687,476,17,1424,7997,318,23548,133227,41420,282510,
2020-09-19,,,5,0,14,905,423,1701,469,17,1413,7873,310,23242,133696,41438,283923,
2020-09-20,,,5,0,14,909,424,1714,461,17,1393,7751,303,22943,134157,41455,285316,
2020-09-21,,,5,0,14,914,424,1728,454,17,1370,7630,297,22642,134611,41473,286685,
2020-09-22,,,4,0,13,918,424,1741,446,17,1340,7510,291,22331,135057,41490,288025,
2020-09-23,,,4,0,13,923,424,1753,439,16,1310,7391,285,22009,135497,41507,289334,
2020-09-24,,,4,0,13,927,424,1766,432,16,1280,7274,280,21678,135929,41523,290614,
2020-09-25,,,4,0,13,931,425,1778,425,16,1252,7159,275,21338,136354,41540,291865,
2020-09-26,,,4,0,13,936,425,1791,418,16,1223,7044,270,20990,136772,41556,293088,
2020-09-27,,,4,0,13,940,425,1803,411,16,1196,6931,266,20635,137183,41573,294283,
2020-09-28,,,4,0,12,944,425,1814,404,15,1168,6820,262,20273,137587,41589,295451,
2020-09-29,,,4,0,12,948,425,1826,398,15,1142,6710,258,19906,137985,41604,296592,
2020-09-30,,,4,0,12,952,425,1838,391,15,1115,6601,254,19533,138376,41620,297707,
2020-10-01,,,4,0,12,956,426,1849,385,15,1090,6494,251,19156,138761,41635,298796,
