date,actual_deaths,total_deaths,predicted_deaths_mean,predicted_deaths_lower,predicted_deaths_upper,predicted_total_deaths_mean,predicted_total_deaths_lower,predicted_total_deaths_upper,predicted_new_infected_mean,predicted_new_infected_lower,predicted_new_infected_upper,predicted_current_infected_mean,predicted_current_infected_lower,predicted_current_infected_upper,predicted_total_infected_mean,predicted_total_infected_lower,predicted_total_infected_upper,r_values_mean
2020-02-24,,,,,,,,,125,50,150,125,50,150,125,50,150,1.90785342966
2020-02-25,,,,,,,,,125,50,150,250,100,300,250,100,300,1.88854340922
2020-02-26,,,,,,,,,125,50,150,374,150,450,374,150,450,1.88432400632
2020-02-27,,,,,,,,,125,50,150,499,200,600,499,200,600,1.87919208555
2020-02-28,,,,,,,,,125,50,150,624,250,750,624,250,750,1.87295230982
2020-02-29,,,,,,,,,125,50,150,749,300,900,749,300,900,1.86536705249
2020-03-01,,,,,,,,,125,50,150,873,350,1050,873,350,1050,1.85614657042
2020-03-02,,,,,,,,,125,50,150,998,400,1200,998,400,1200,1.84493696949
2020-03-03,,,,,,,,,125,50,150,1123,450,1350,1123,450,1350,1.83130640769
2020-03-04,,,,,,,,,347,159,490,1470,609,1840,1470,609,1840,1.81450716365
2020-03-05,,,,,,,,,343,159,479,1813,768,2319,1813,768,2319,1.79434099673
2020-03-06,,,,,,,,,358,170,503,2171,939,2821,2171,939,2821,1.76984768101
2020-03-07,,,,,,,,,391,193,552,2561,1132,3373,2561,1132,3373,1.74031890558
2020-03-08,,,,,,,,,460,239,659,3021,1371,4032,3021,1371,4032,1.70502863299
2020-03-09,,,,,,,,,564,309,822,3586,1680,4854,3586,1680,4854,1.6634253038
2020-03-10,,,,,,,,,634,359,919,4095,1990,5622,4220,2040,5772,1.61528238824
2020-03-11,,,,,,,,,683,402,976,4653,2343,6447,4903,2443,6747,1.56082706114
2020-03-12,,,,,,,,,735,452,1047,5264,2745,7343,5638,2895,7793,1.50080057406
2020-03-13,,,,,,,,,790,510,1118,5929,3205,8310,6428,3405,8910,1.43639682929
2020-03-14,,,,,,,,,851,573,1186,6656,3729,9346,7280,3979,10096,1.36914659053
2020-03-15,,,,,,,,,900,632,1242,7431,4312,10438,8180,4612,11338,1.30077305349
2020-03-16,,,,,,,,,932,665,1271,8238,4927,11558,9112,5277,12608,1.23304359009
2020-03-17,,,,,,,,,954,685,1315,9067,5563,12722,10066,5963,13922,1.16765072839
2020-03-18,,,,,,,,,968,700,1321,9911,6213,13892,11034,6663,15242,1.10611318834
2020-03-19,1,1,,,,,,,978,716,1308,10543,6770,14711,12012,7379,16550,1.04969083225
2020-03-20,0,1,,,,,,,981,721,1283,11181,7332,15514,12993,8100,17832,0.999300901411
2020-03-21,0,1,,,,,,,976,716,1287,11798,7878,16298,13969,8817,19119,0.955443935405
2020-03-22,1,2,,,,,,,965,714,1284,12372,8399,17030,14934,9532,20403,0.918172058839
2020-03-23,0,2,,,,,,,950,705,1263,12862,8865,17633,15883,10237,21665,0.887129612689
2020-03-24,1,3,,,,,,,933,696,1232,13230,9253,18043,16816,10934,22896,0.86166651491
2020-03-25,2,5,,,,,,,914,683,1213,13510,9577,18337,17730,11618,24109,0.84098605501
2020-03-26,2,7,,,,,,,893,670,1182,13720,9845,18544,18623,12289,25290,0.824276499932
2020-03-27,1,8,,,,,,,872,661,1147,13857,10055,18644,19495,12950,26437,0.810796785933
2020-03-28,7,15,,,,,,,849,651,1119,13916,10196,18645,20344,13601,27555,0.799914833745
2020-03-29,1,16,,,,,,,827,639,1080,13892,10261,18539,21171,14240,28635,0.791112899993
2020-03-30,0,16,,,,,,,805,629,1050,13796,10258,18347,21976,14870,29684,0.783976044466
2020-03-31,7,23,,,,,,,782,609,1015,13646,10202,18091,22758,15480,30698,0.778174873822
2020-04-01,7,30,,,,,,,760,593,979,13453,10110,17755,23519,16074,31677,0.773448436377
2020-04-02,4,34,,,,,,,739,582,944,13223,9993,17379,24258,16656,32621,0.769589564006
2020-04-03,4,38,,,,,,,718,567,908,12963,9844,16979,24975,17223,33528,0.766433118249
2020-04-04,4,42,,,,,,,698,546,875,12680,9669,16571,25673,17770,34403,0.763846855137
2020-04-05,4,46,,,,,,,677,525,844,12381,9478,16128,26350,18296,35246,0.76103298075
2020-04-06,5,51,,,,,,,657,511,826,12074,9275,15669,27008,18807,36071,0.758492322453
2020-04-07,16,67,,,,,,,638,499,807,11763,9069,15214,27646,19307,36878,0.756358873617
2020-04-08,12,79,,,,,,,620,485,790,11450,8858,14772,28266,19792,37667,0.75462399495
2020-04-09,1,80,,,,,,,602,471,769,11138,8645,14327,28868,20263,38436,0.753328027879
2020-04-10,8,88,,,,,,,585,455,748,10830,8430,13894,29453,20719,39183,0.752230831598
2020-04-11,6,94,,,,,,,569,443,734,10527,8212,13481,30022,21163,39917,0.752191660858
2020-04-12,2,96,,,,,,,553,429,716,10231,7991,13078,30575,21592,40632,0.752163306557
2020-04-13,3,99,,,,,,,538,418,694,9942,7770,12692,31114,22011,41326,0.752150168658
2020-04-14,9,108,,,,,,,524,405,678,9662,7546,12320,31637,22417,42003,0.752158923481
2020-04-15,15,123,,,,,,,510,390,663,9389,7327,11968,32147,22808,42666,0.752199519698
2020-04-16,8,131,,,,,,,496,375,648,9125,7109,11637,32644,23184,43314,0.752286761012
2020-04-17,5,136,,,,,,,483,362,634,8869,6889,11327,33127,23546,43947,0.752442627142
2020-04-18,0,136,,,,,,,471,352,620,8622,6675,11039,33598,23899,44567,0.752699650552
2020-04-19,4,140,,,,,,,459,341,609,8384,6470,10773,34057,24240,45175,0.753105779349
2020-04-20,3,143,,,,,,,447,327,594,8154,6272,10523,34504,24568,45768,0.753731220207
2020-04-21,21,164,,,,,,,436,313,583,7933,6074,10280,34940,24882,46351,0.754677789803
2020-04-22,6,170,,,,,,,426,300,573,7720,5875,10046,35366,25182,46923,0.756091058711
2020-04-23,9,179,,,,,,,416,291,563,7516,5682,9819,35782,25474,47485,0.758174726654
2020-04-24,9,188,,,,,,,407,283,554,7321,5493,9604,36189,25757,48039,0.761204648106
2020-04-25,6,194,,,,,,,399,275,545,7134,5314,9401,36587,26033,48584,0.765535871263
2020-04-26,1,195,,,,,,,391,269,538,6957,5139,9205,36978,26302,49121,0.771589549025
2020-04-27,2,197,,,,,,,385,264,530,6788,4974,9019,37364,26567,49651,0.779799451783
2020-04-28,10,207,,,,,,,380,261,525,6630,4817,8851,37744,26829,50176,0.790497737482
2020-04-29,7,214,,,,,,,377,258,519,6484,4669,8692,38121,27087,50695,0.803741756695
2020-04-30,8,222,,,,,,,375,256,516,6349,4535,8544,38496,27343,51210,0.819138708872
2020-05-01,8,230,,,,,,,374,256,514,6227,4416,8410,38870,27600,51723,0.835785971788
2020-05-02,8,238,,,,,,,372,255,510,6116,4309,8286,39242,27855,52233,0.848332552734
2020-05-03,0,238,,,,,,,371,254,506,6016,4210,8172,39614,28110,52738,0.860332176777
2020-05-04,0,238,,,,,,,371,253,506,5928,4122,8069,39985,28363,53243,0.871329898631
2020-05-05,9,247,,,,,,,371,253,508,5852,4048,7983,40356,28616,53751,0.881021918444
2020-05-06,6,253,,,,,,,371,253,506,5787,3988,7906,40728,28870,54256,0.889271805063
2020-05-07,7,260,,,,,,,372,253,507,5733,3941,7840,41099,29124,54763,0.896088213618
2020-05-08,6,266,,,,,,,372,253,507,5689,3903,7784,41471,29378,55269,0.901582038425
2020-05-09,4,270,,,,,,,372,253,510,5654,3873,7741,41843,29631,55779,0.905920823395
2020-05-10,2,272,,,,,,,372,250,516,5628,3848,7711,42215,29881,56295,0.909291555025
2020-05-11,2,274,,,,,,,372,247,520,5608,3826,7694,42587,30129,56814,0.911875702958
2020-05-12,4,278,,,,,,,372,246,525,5595,3808,7688,42958,30375,57339,0.913835463441
2020-05-13,0,278,,,,,,,371,241,528,5585,3788,7691,43329,30617,57866,0.915308207687
2020-05-14,6,284,,,,,,,371,237,532,5579,3768,7703,43700,30855,58398,0.91640605699
2020-05-15,1,285,,,,,,,370,233,535,5574,3745,7722,44070,31089,58932,0.917218152513
2020-05-16,3,288,,,,,,,369,229,542,5569,3717,7750,44439,31318,59473,0.917814039814
2020-05-17,0,288,,,,,,,368,224,551,5565,3686,7791,44807,31542,60023,0.918247239379
2020-05-18,0,288,,,,,,,367,219,559,5560,3651,7844,45174,31761,60582,0.918558530908
2020-05-19,5,293,,,,,,,365,214,571,5555,3613,7910,45540,31976,61152,0.918778761774
2020-05-20,6,299,,,,,,,364,209,583,5547,3569,7984,45903,32186,61735,0.9189311418
2020-05-21,5,304,,,,,,,362,204,592,5538,3520,8070,46265,32390,62326,0.919033065434
2020-05-22,3,307,,,,,,,360,199,602,5526,3465,8165,46625,32590,62927,0.919097531494
2020-05-23,4,311,,,,,,,358,193,611,5512,3405,8269,46983,32783,63537,0.919134234151
2020-05-24,0,311,,,,,,,356,187,615,5496,3339,8373,47339,32971,64151,0.919150393113
2020-05-25,2,313,,,,,,,353,182,625,5477,3272,8481,47692,33154,64776,0.919151380383
2020-05-26,5,318,,,,,,,351,177,631,5457,3202,8592,48043,33331,65406,0.91914119087
2020-05-27,4,322,,,,,,,349,170,637,5434,3126,8705,48392,33502,66043,0.91912278927
2020-05-28,3,325,,,,,,,346,164,640,5408,3049,8816,48738,33667,66682,0.919098335442
2020-05-29,4,329,,,,,,,344,160,645,5382,2971,8930,49082,33827,67327,0.919069471778
2020-05-30,5,334,,,,,,,343,155,655,5355,2893,9050,49425,33982,67981,0.919037411273
2020-05-31,0,334,,,,,,,341,150,668,5327,2814,9176,49766,34132,68648,0.919002960323
2020-06-01,0,334,,,,,,,338,145,678,5297,2736,9303,50104,34278,69326,0.916484811774
2020-06-02,5,339,,,,,,,336,140,689,5265,2657,9433,50439,34419,70014,0.913972972108
2020-06-03,2,341,,,,,,,333,136,699,5233,2579,9561,50773,34555,70713,0.911467892173
2020-06-04,3,344,,,,,,,331,132,710,5200,2501,9689,51103,34687,71423,0.90896980897
2020-06-05,1,345,,,,,,,328,128,721,5166,2425,9818,51432,34816,72143,0.906478884117
2020-06-06,2,347,,,,,,,326,124,732,5132,2350,9948,51757,34940,72874,0.903995238754
2020-06-07,1,348,,,,,,,323,120,742,5097,2277,10079,52080,35061,73616,0.901518968975
2020-06-08,0,348,,,,,,,320,116,752,5061,2205,10217,52400,35177,74368,0.899050152505
2020-06-09,6,354,,,,,,,317,112,762,5025,2136,10354,52718,35290,75129,0.896588837342
2020-06-10,2,356,,,,,,,314,109,772,4989,2068,10495,53032,35400,75900,0.894135046645
2020-06-11,2,358,,,,,,,311,106,781,4952,2004,10638,53343,35506,76681,0.891688791988
2020-06-12,2,360,,,,,,,308,102,790,4914,1942,10788,53652,35609,77470,0.889250077504
2020-06-13,-1,359,,,,,,,305,99,799,4875,1881,10942,53957,35708,78268,0.886818904942
2020-06-14,0,359,,,,,,,302,96,807,4835,1823,11094,54259,35805,79075,0.88439527114
2020-06-15,0,359,,,,,,,299,93,815,4793,1766,11242,54558,35899,79890,0.881979167321
2020-06-16,,,2,0,4,361,359,363,296,90,823,4750,1711,11387,54854,35989,80712,
2020-06-17,,,2,0,4,363,360,366,293,87,830,4707,1657,11528,55147,36077,81542,
2020-06-18,,,2,0,4,365,361,370,289,84,837,4664,1606,11666,55436,36161,82379,
2020-06-19,,,2,0,4,367,362,374,286,82,844,4619,1556,11800,55722,36244,83222,
2020-06-20,,,2,0,4,369,363,377,283,79,850,4573,1507,11929,56005,36323,84072,
2020-06-21,,,2,0,4,371,364,381,279,77,856,4527,1460,12054,56284,36400,84928,
2020-06-22,,,2,0,5,373,365,385,276,74,861,4480,1414,12173,56560,36475,85789,
2020-06-23,,,2,0,5,375,366,390,272,72,866,4432,1370,12287,56833,36548,86654,
2020-06-24,,,2,0,5,377,367,394,269,70,870,4384,1327,12395,57101,36618,87523,
2020-06-25,,,2,0,5,379,368,399,266,68,874,4335,1286,12497,57367,36686,88397,
2020-06-26,,,2,0,5,382,369,404,262,66,871,4286,1246,12587,57629,36753,89267,
2020-06-27,,,2,0,5,384,370,408,259,64,872,4236,1208,12669,57888,36817,90138,
2020-06-28,,,2,0,6,386,371,414,255,62,871,4186,1171,12741,58143,36880,91009,
2020-06-29,,,2,0,6,388,371,419,252,60,870,4135,1135,12804,58395,36941,91879,
2020-06-30,,,2,0,6,391,372,424,248,59,869,4085,1101,12858,58643,37000,92747,
2020-07-01,,,2,0,6,393,373,430,245,57,867,4034,1068,12902,58888,37058,93613,
2020-07-02,,,2,0,6,395,374,435,242,56,864,3983,1037,12936,59130,37114,94477,
2020-07-03,,,2,0,6,397,375,441,239,55,862,3932,1007,12960,59368,37169,95338,
2020-07-04,,,2,0,6,400,375,446,235,54,858,3882,979,12974,59604,37223,96196,
2020-07-05,,,2,0,6,402,376,452,232,53,854,3831,953,12978,59836,37277,97050,
2020-07-06,,,2,0,6,404,377,458,229,52,851,3781,928,12973,60065,37329,97901,
2020-07-07,,,2,0,6,406,377,464,226,51,849,3731,904,12961,60291,37380,98749,
2020-07-08,,,2,0,6,408,378,469,223,50,846,3681,882,12941,60514,37430,99594,
2020-07-09,,,2,0,6,410,379,475,220,49,843,3632,861,12913,60734,37479,100436,
2020-07-10,,,2,0,6,412,379,481,217,48,839,3584,841,12879,60951,37528,101275,
2020-07-11,,,2,0,7,414,380,487,214,47,836,3536,822,12844,61165,37575,102111,
2020-07-12,,,2,0,7,416,380,493,211,46,833,3489,804,12806,61377,37622,102943,
2020-07-13,,,2,0,7,418,381,499,209,45,830,3442,788,12765,61585,37668,103773,
2020-07-14,,,2,0,7,420,381,506,206,45,827,3396,772,12722,61791,37713,104600,
2020-07-15,,,2,0,7,422,382,512,203,44,824,3351,757,12677,61994,37758,105423,
2020-07-16,,,2,0,7,424,382,518,201,43,821,3307,743,12631,62195,37802,106244,
2020-07-17,,,2,0,7,426,383,524,198,43,818,3263,730,12584,62393,37845,107061,
2020-07-18,,,2,0,7,428,383,530,196,42,815,3220,718,12538,62589,37888,107876,
2020-07-19,,,2,0,7,430,384,537,193,42,812,3178,706,12492,62782,37930,108687,
2020-07-20,,,2,0,7,432,384,543,191,41,809,3137,694,12446,62973,37972,109495,
2020-07-21,,,2,0,7,433,385,549,189,41,806,3096,683,12401,63161,38013,110301,
2020-07-22,,,2,0,7,435,385,555,186,40,803,3057,673,12355,63348,38053,111103,
2020-07-23,,,2,0,7,437,386,561,184,40,800,3018,663,12309,63532,38094,111902,
2020-07-24,,,2,0,7,439,386,567,182,39,797,2980,654,12263,63713,38134,112698,
2020-07-25,,,2,0,7,440,386,574,180,39,794,2942,645,12217,63893,38173,113491,
2020-07-26,,,2,0,7,442,387,580,178,39,791,2906,637,12171,64071,38212,114281,
2020-07-27,,,2,0,7,444,387,586,176,38,787,2870,629,12125,64246,38251,115068,
2020-07-28,,,2,0,7,445,388,592,174,38,776,2835,622,12071,64420,38290,115844,
2020-07-29,,,2,0,7,447,388,598,172,38,773,2800,615,12017,64592,38328,116616,
2020-07-30,,,2,0,7,448,388,604,170,38,770,2767,609,11963,64761,38367,117385,
2020-07-31,,,2,0,6,450,389,610,168,38,767,2734,603,11908,64929,38405,118152,
2020-08-01,,,2,0,6,452,389,616,166,37,764,2702,597,11855,65095,38443,118916,
2020-08-02,,,2,0,6,453,389,622,164,37,761,2671,592,11801,65260,38480,119676,
2020-08-03,,,2,0,6,455,390,628,163,37,758,2640,587,11747,65422,38518,120434,
2020-08-04,,,1,0,6,456,390,634,161,37,755,2610,583,11694,65583,38555,121189,
2020-08-05,,,1,0,6,458,390,639,159,37,752,2581,579,11640,65742,38592,121940,
2020-08-06,,,1,0,6,459,391,645,158,36,749,2552,575,11587,65900,38629,122689,
2020-08-07,,,1,0,6,460,391,651,156,36,747,2524,572,11534,66056,38666,123435,
2020-08-08,,,1,0,6,462,391,657,155,36,744,2497,568,11481,66211,38703,124179,
2020-08-09,,,1,0,6,463,392,663,153,36,741,2470,566,11428,66364,38739,124919,
2020-08-10,,,1,0,6,465,392,669,152,36,738,2444,563,11375,66515,38776,125656,
2020-08-11,,,1,0,6,466,392,674,150,36,735,2419,560,11323,66665,38812,126391,
2020-08-12,,,1,0,6,467,392,680,149,36,732,2394,558,11279,66814,38848,127122,
2020-08-13,,,1,0,6,469,393,686,147,36,729,2370,555,11235,66961,38884,127851,
2020-08-14,,,1,0,6,470,393,691,146,36,726,2346,553,11192,67107,38920,128577,
2020-08-15,,,1,0,6,471,393,697,145,36,723,2323,551,11148,67252,38956,129300,
2020-08-16,,,1,0,6,472,394,703,143,35,721,2300,549,11105,67395,38992,130020,
2020-08-17,,,1,0,6,474,394,708,142,35,718,2278,548,11061,67537,39028,130737,
2020-08-18,,,1,0,6,475,394,714,141,35,715,2256,546,11018,67678,39064,131451,
2020-08-19,,,1,0,6,476,394,720,140,35,712,2235,544,10975,67818,39100,132163,
2020-08-20,,,1,0,6,477,395,725,138,35,709,2214,543,10932,67956,39135,132872,
2020-08-21,,,1,0,6,479,395,731,137,35,706,2194,542,10889,68094,39171,133578,
2020-08-22,,,1,0,6,480,395,736,136,35,704,2174,540,10846,68230,39207,134281,
2020-08-23,,,1,0,6,481,395,741,135,35,701,2155,539,10803,68365,39242,134981,
2020-08-24,,,1,0,6,482,396,747,134,35,698,2136,538,10760,68499,39278,135678,
2020-08-25,,,1,0,6,483,396,752,133,35,695,2117,537,10717,68632,39313,136373,
2020-08-26,,,1,0,6,485,396,758,132,35,692,2099,536,10675,68764,39349,137065,
2020-08-27,,,1,0,6,486,397,763,131,35,690,2081,535,10632,68895,39384,137754,
2020-08-28,,,1,0,6,487,397,768,130,35,687,2064,534,10590,69025,39419,138440,
2020-08-29,,,1,0,6,488,397,774,129,35,684,2047,534,10547,69154,39455,139124,
2020-08-30,,,1,0,6,489,397,779,128,35,681,2030,533,10505,69282,39490,139804,
2020-08-31,,,1,0,6,490,398,784,127,35,678,2013,532,10463,69409,39525,140482,
2020-09-01,,,1,0,6,491,398,789,126,35,676,1997,532,10421,69535,39560,141158,
2020-09-02,,,1,0,6,492,398,795,125,35,673,1982,531,10379,69660,39596,141830,
2020-09-03,,,1,0,6,493,398,800,124,35,670,1966,530,10337,69784,39631,142500,
2020-09-04,,,1,0,6,494,399,805,123,35,668,1951,530,10296,69908,39666,143167,
2020-09-05,,,1,0,6,495,399,810,123,35,665,1937,529,10254,70030,39701,143831,
2020-09-06,,,1,0,6,496,399,815,122,35,662,1922,529,10213,70152,39736,144493,
2020-09-07,,,1,0,6,497,399,820,121,35,659,1908,528,10171,70273,39771,145152,
2020-09-08,,,1,0,6,498,400,826,120,35,657,1894,528,10130,70393,39806,145808,
2020-09-09,,,1,0,6,499,400,831,119,35,654,1881,528,10089,70513,39841,146461,
2020-09-10,,,1,0,6,500,400,836,119,34,651,1867,527,10048,70631,39876,147112,
2020-09-11,,,1,0,6,501,400,841,118,34,649,1854,526,10007,70749,39911,147760,
2020-09-12,,,1,0,6,502,401,846,117,34,646,1842,525,9966,70866,39945,148406,
2020-09-13,,,1,0,6,503,401,851,116,34,643,1829,524,9926,70983,39979,149049,
2020-09-14,,,1,0,5,504,401,856,116,34,641,1817,523,9885,71099,40013,149689,
2020-09-15,,,1,0,5,505,401,861,115,33,638,1805,522,9845,71214,40047,150327,
2020-09-16,,,1,0,5,506,402,866,114,33,635,1793,520,9804,71328,40081,150962,
2020-09-17,,,1,0,5,507,402,871,114,33,633,1782,518,9764,71442,40115,151594,
2020-09-18,,,1,0,5,508,402,876,113,33,630,1770,517,9724,71555,40148,152224,
2020-09-19,,,1,0,5,509,402,880,112,33,628,1759,515,9684,71667,40181,152851,
2020-09-20,,,1,0,5,510,403,885,112,33,625,1748,513,9645,71779,40215,153475,
2020-09-21,,,1,0,5,511,403,890,111,33,622,1738,511,9605,71890,40248,154097,
2020-09-22,,,1,0,5,512,403,895,111,32,620,1727,509,9565,72000,40280,154717,
2020-09-23,,,1,0,5,513,403,900,110,32,617,1717,507,9526,72110,40313,155333,
2020-09-24,,,1,0,5,514,404,905,109,32,615,1707,504,9487,72220,40346,155948,
2020-09-25,,,1,0,5,514,404,909,109,32,612,1697,502,9448,72328,40379,156559,
2020-09-26,,,1,0,5,515,404,914,108,32,610,1687,500,9409,72436,40411,157169,
2020-09-27,,,1,0,5,516,404,919,108,32,607,1678,498,9370,72544,40443,157775,
2020-09-28,,,1,0,5,517,405,924,107,32,605,1668,496,9331,72651,40475,158379,
2020-09-29,,,1,0,5,518,405,928,107,32,602,1659,494,9293,72758,40507,158981,
2020-09-30,,,1,0,5,519,405,933,106,31,600,1650,492,9254,72864,40539,159580,
2020-10-01,,,1,0,5,520,405,938,105,31,597,1641,490,9216,72969,40571,160177,
