date,actual_deaths,total_deaths,predicted_deaths_mean,predicted_deaths_lower,predicted_deaths_upper,predicted_total_deaths_mean,predicted_total_deaths_lower,predicted_total_deaths_upper,predicted_new_infected_mean,predicted_new_infected_lower,predicted_new_infected_upper,predicted_current_infected_mean,predicted_current_infected_lower,predicted_current_infected_upper,predicted_total_infected_mean,predicted_total_infected_lower,predicted_total_infected_upper,r_values_mean
2020-02-20,,,,,,,,,31,10,40,31,10,40,31,10,40,1.61988304094
2020-02-21,,,,,,,,,31,10,40,61,20,80,61,20,80,1.61748532859
2020-02-22,,,,,,,,,31,10,40,92,30,120,92,30,120,1.61695478742
2020-02-23,,,,,,,,,31,10,40,122,40,160,122,40,160,1.61630690107
2020-02-24,,,,,,,,,31,10,40,153,50,200,153,50,200,1.61551571643
2020-02-25,,,,,,,,,31,10,40,183,60,240,183,60,240,1.61454952415
2020-02-26,,,,,,,,,31,10,40,214,70,280,214,70,280,1.61336956154
2020-02-27,,,,,,,,,31,10,40,245,80,320,245,80,320,1.61192840482
2020-02-28,,,,,,,,,31,10,40,275,90,360,275,90,360,1.61016796284
2020-02-29,,,,,,,,,78,27,111,353,117,471,353,117,471,1.60797228141
2020-03-01,,,,,,,,,77,27,110,430,145,580,430,145,580,1.60533751833
2020-03-02,,,,,,,,,81,29,115,511,175,695,511,175,695,1.60210755707
2020-03-03,,,,,,,,,87,32,126,598,207,821,598,207,821,1.59815727227
2020-03-04,,,,,,,,,102,39,150,700,246,970,700,246,970,1.59331923878
2020-03-05,,,,,,,,,124,49,185,824,295,1155,824,295,1155,1.5873845989
2020-03-06,,,,,,,,,141,57,212,934,343,1327,965,353,1367,1.5800916334
2020-03-07,,,,,,,,,155,64,233,1059,397,1520,1120,417,1600,1.57111457896
2020-03-08,,,,,,,,,171,72,258,1199,459,1737,1291,489,1857,1.56005578803
2020-03-09,,,,,,,,,189,83,286,1357,533,1983,1479,573,2143,1.54643985828
2020-03-10,,,,,,,,,211,96,332,1538,619,2274,1691,669,2474,1.52972866243
2020-03-11,,,,,,,,,233,110,374,1740,720,2607,1924,780,2847,1.50937020109
2020-03-12,,,,,,,,,254,125,409,1964,835,2976,2178,905,3256,1.48488838431
2020-03-13,,,,,,,,,274,142,434,2207,968,3370,2452,1048,3690,1.45600543186
2020-03-14,,,,,,,,,294,160,451,2470,1118,3780,2745,1208,4140,1.42275283371
2020-03-15,1,1,,,,,,,314,182,466,2706,1272,4135,3059,1390,4605,1.38551713247
2020-03-16,0,1,,,,,,,332,205,488,2961,1450,4513,3391,1596,5093,1.3449935298
2020-03-17,0,1,,,,,,,348,230,507,3229,1651,4905,3739,1826,5599,1.30207479896
2020-03-18,2,3,,,,,,,362,246,526,3503,1865,5304,4101,2072,6124,1.25773524976
2020-03-19,0,3,,,,,,,374,258,538,3775,2084,5692,4475,2331,6662,1.21295474861
2020-03-20,0,3,,,,,,,383,265,539,4034,2301,6045,4858,2597,7200,1.16868966668
2020-03-21,1,4,,,,,,,390,278,537,4283,2522,6370,5248,2875,7737,1.1258666514
2020-03-22,1,5,,,,,,,394,282,551,4522,2741,6688,5642,3158,8287,1.08536795876
2020-03-23,0,5,,,,,,,396,281,559,4747,2950,6988,6038,3440,8845,1.04798978637
2020-03-24,3,8,,,,,,,396,279,553,4954,3146,7256,6434,3720,9398,1.01437369701
2020-03-25,2,10,,,,,,,394,278,537,5138,3328,7461,6828,3998,9934,0.984929126561
2020-03-26,1,11,,,,,,,391,277,529,5296,3494,7616,7220,4275,10463,0.959778977988
2020-03-27,1,12,,,,,,,387,276,520,5429,3646,7726,7607,4552,10982,0.938760051139
2020-03-28,1,13,,,,,,,383,275,516,5538,3779,7808,7990,4827,11497,0.921486075232
2020-03-29,0,13,,,,,,,377,274,504,5622,3893,7861,8367,5102,12001,0.907447242328
2020-03-30,3,16,,,,,,,371,272,492,5680,3984,7887,8738,5375,12492,0.896106075426
2020-03-31,2,18,,,,,,,365,271,485,5713,4050,7884,9104,5647,12977,0.886963183611
2020-04-01,1,19,,,,,,,359,270,472,5723,4090,7849,9463,5917,13448,0.879588842177
2020-04-02,2,21,,,,,,,352,265,456,5714,4109,7780,9815,6182,13904,0.873629740901
2020-04-03,1,22,,,,,,,346,259,440,5686,4110,7682,10161,6441,14343,0.868802495414
2020-04-04,0,22,,,,,,,339,255,434,5642,4100,7577,10500,6697,14777,0.864882313761
2020-04-05,5,27,,,,,,,332,253,427,5585,4075,7466,10832,6951,15203,0.861691353767
2020-04-06,0,27,,,,,,,326,248,419,5517,4041,7335,11158,7200,15621,0.859088628589
2020-04-07,2,29,,,,,,,319,242,412,5440,4002,7188,11478,7442,16032,0.856961895373
2020-04-08,4,33,,,,,,,313,237,400,5357,3959,7035,11791,7680,16432,0.855221360301
2020-04-09,11,44,,,,,,,307,231,389,5269,3913,6886,12097,7911,16820,0.853794855345
2020-04-10,0,44,,,,,,,300,225,380,5178,3862,6737,12398,8137,17200,0.852624144637
2020-04-11,4,48,,,,,,,294,220,372,5085,3806,6590,12692,8358,17571,0.851662079089
2020-04-12,4,52,,,,,,,288,216,366,4990,3747,6440,12980,8574,17937,0.850870385296
2020-04-13,1,53,,,,,,,282,211,361,4895,3683,6297,13262,8786,18297,0.850217931289
2020-04-14,2,55,,,,,,,277,203,357,4801,3614,6162,13539,8989,18654,0.84967935443
2020-04-15,3,58,,,,,,,271,196,352,4706,3539,6029,13810,9186,19005,0.849233967661
2020-04-16,6,64,,,,,,,265,190,347,4613,3459,5904,14075,9376,19352,0.848864882278
2020-04-17,6,70,,,,,,,260,183,343,4520,3377,5791,14335,9559,19694,0.848558300946
2020-04-18,2,72,,,,,,,255,177,338,4429,3295,5688,14590,9736,20031,0.84830294583
2020-04-19,2,74,,,,,,,249,171,333,4339,3210,5587,14839,9908,20363,0.848025988326
2020-04-20,1,75,,,,,,,244,165,328,4251,3122,5489,15083,10073,20691,0.847796509244
2020-04-21,3,78,,,,,,,239,159,323,4164,3033,5393,15323,10233,21014,0.847590283893
2020-04-22,0,78,,,,,,,234,154,318,4079,2944,5300,15557,10387,21331,0.847416573408
2020-04-23,5,83,,,,,,,230,149,314,3996,2857,5213,15787,10537,21644,0.847269829966
2020-04-24,3,86,,,,,,,225,144,309,3914,2769,5133,16011,10681,21953,0.847122240318
2020-04-25,1,87,,,,,,,220,139,304,3834,2683,5057,16232,10820,22256,0.847099249085
2020-04-26,5,92,,,,,,,216,134,299,3755,2596,4984,16447,10955,22554,0.847076892685
2020-04-27,0,92,,,,,,,211,129,294,3678,2509,4912,16658,11084,22848,0.847055240491
2020-04-28,7,99,,,,,,,207,125,290,3603,2424,4841,16865,11210,23138,0.847034405036
2020-04-29,2,101,,,,,,,203,121,285,3529,2342,4769,17068,11332,23422,0.847014558103
2020-04-30,2,103,,,,,,,198,118,281,3456,2264,4698,17266,11450,23703,0.846995959899
2020-05-01,1,104,,,,,,,194,114,277,3385,2188,4628,17460,11564,23979,0.846979002387
2020-05-02,5,109,,,,,,,190,109,272,3315,2114,4557,17650,11674,24251,0.846964273834
2020-05-03,0,109,,,,,,,186,105,268,3247,2043,4488,17836,11780,24518,0.84695265573
2020-05-04,0,109,,,,,,,182,101,264,3179,1973,4419,18019,11882,24782,0.846945466433
2020-05-05,4,113,,,,,,,178,98,261,3113,1906,4352,18197,11980,25042,0.846944675107
2020-05-06,2,115,,,,,,,174,94,257,3049,1841,4286,18371,12074,25299,0.846953220424
2020-05-07,6,121,,,,,,,171,91,254,2985,1778,4222,18542,12166,25553,0.846975484365
2020-05-08,3,124,,,,,,,167,88,250,2922,1717,4159,18709,12254,25802,0.847017995878
2020-05-09,3,127,,,,,,,163,85,247,2861,1658,4097,18872,12340,26049,0.847090472995
2020-05-10,0,127,,,,,,,160,82,243,2800,1601,4036,19032,12422,26291,0.847207360753
2020-05-11,3,130,,,,,,,156,79,240,2741,1546,3977,19188,12501,26530,0.84739008868
2020-05-12,0,130,,,,,,,153,75,236,2682,1492,3918,19341,12577,26766,0.847670357394
2020-05-13,4,134,,,,,,,149,73,232,2625,1440,3861,19490,12650,26998,0.848094863785
2020-05-14,3,137,,,,,,,146,70,229,2568,1388,3804,19636,12720,27226,0.848731963052
2020-05-15,0,137,,,,,,,143,67,226,2513,1338,3749,19779,12788,27451,0.849680774239
2020-05-16,0,137,,,,,,,140,65,222,2458,1289,3695,19918,12853,27673,0.851083001031
2020-05-17,0,137,,,,,,,137,63,219,2405,1242,3642,20055,12916,27892,0.853136928033
2020-05-18,1,138,,,,,,,134,60,216,2352,1197,3589,20189,12977,28107,0.856111076759
2020-05-19,2,140,,,,,,,131,58,213,2301,1154,3538,20320,13036,28319,0.860351066876
2020-05-20,4,144,,,,,,,129,57,211,2252,1113,3488,20449,13094,28530,0.866266892851
2020-05-21,1,145,,,,,,,127,55,209,2205,1074,3439,20576,13149,28738,0.874280885198
2020-05-22,2,147,,,,,,,126,55,209,2160,1038,3394,20702,13204,28947,0.884716549123
2020-05-23,0,147,,,,,,,125,54,210,2118,1004,3354,20827,13259,29156,0.89762999359
2020-05-24,1,148,,,,,,,125,54,211,2079,973,3318,20951,13313,29366,0.912639214371
2020-05-25,0,148,,,,,,,125,53,215,2044,945,3289,21076,13367,29580,0.928866008653
2020-05-26,0,148,,,,,,,125,52,218,2013,918,3268,21201,13420,29798,0.941102514695
2020-05-27,0,148,,,,,,,125,52,221,1985,894,3253,21325,13472,30018,0.952807335837
2020-05-28,3,151,,,,,,,125,51,223,1961,873,3244,21451,13524,30241,0.96353754224
2020-05-29,0,151,,,,,,,126,51,228,1941,854,3242,21577,13575,30468,0.972997371335
2020-05-30,2,153,,,,,,,127,51,233,1925,838,3250,21704,13626,30701,0.981053934935
2020-05-31,0,153,,,,,,,128,51,239,1913,825,3267,21831,13678,30939,0.987715550328
2020-06-01,1,154,,,,,,,129,52,245,1905,814,3292,21960,13731,31183,0.993090042316
2020-06-02,3,157,,,,,,,130,52,251,1902,805,3328,22090,13783,31434,0.997340376548
2020-06-03,2,159,,,,,,,131,52,257,1902,798,3372,22222,13835,31691,1.00064846764
2020-06-04,0,159,,,,,,,132,52,264,1905,793,3426,22354,13887,31955,1.003190885
2020-06-05,2,161,,,,,,,134,52,271,1912,790,3488,22488,13939,32225,1.00512545388
2020-06-06,0,161,,,,,,,135,51,278,1921,786,3557,22623,13991,32503,1.0065858469
2020-06-07,2,163,,,,,,,136,51,286,1933,783,3633,22759,14043,32788,1.00768116262
2020-06-08,1,164,,,,,,,138,51,293,1946,780,3716,22897,14094,33081,1.00849813602
2020-06-09,5,169,,,,,,,139,51,301,1961,778,3802,23037,14145,33382,1.00910443288
2020-06-10,0,169,,,,,,,141,50,309,1977,776,3893,23178,14196,33690,1.00955212384
2020-06-11,2,171,,,,,,,143,50,317,1995,774,3989,23320,14246,34007,1.00988087944
2020-06-12,2,173,,,,,,,144,50,326,2014,773,4092,23464,14297,34332,1.01012070213
2020-06-13,0,173,,,,,,,146,50,334,2033,772,4199,23610,14348,34666,1.01029415969
2020-06-14,0,173,,,,,,,147,50,343,2054,771,4309,23757,14398,35009,1.01041815931
2020-06-15,7,180,,,,,,,149,50,352,2075,769,4422,23907,14448,35361,1.01050532971
2020-06-16,,,1,0,2,181,180,182,151,49,361,2097,767,4539,24058,14498,35721,
2020-06-17,,,1,0,2,182,180,184,153,49,371,2120,764,4659,24210,14547,36092,
2020-06-18,,,1,0,2,183,181,186,155,48,381,2144,760,4782,24365,14596,36472,
2020-06-19,,,1,0,2,184,181,188,157,48,391,2168,757,4908,24522,14645,36862,
2020-06-20,,,1,0,2,185,182,190,158,48,401,2192,753,5038,24680,14693,37263,
2020-06-21,,,1,0,2,186,182,192,160,48,411,2218,750,5171,24840,14741,37673,
2020-06-22,,,1,0,2,188,183,194,162,48,422,2244,746,5307,25003,14789,38095,
2020-06-23,,,1,0,2,189,183,196,165,47,433,2270,743,5447,25167,14837,38527,
2020-06-24,,,1,0,2,190,183,198,167,47,444,2297,740,5590,25334,14885,38971,
2020-06-25,,,1,0,2,191,184,200,168,47,455,2325,736,5735,25502,14933,39425,
2020-06-26,,,1,0,3,192,184,202,170,47,465,2352,733,5883,25672,14980,39890,
2020-06-27,,,1,0,3,193,185,204,172,46,476,2380,728,6034,25844,15026,40366,
2020-06-28,,,1,0,3,194,185,206,174,45,487,2408,724,6187,26018,15072,40853,
2020-06-29,,,1,0,3,195,185,208,175,45,498,2436,718,6342,26193,15117,41351,
2020-06-30,,,1,0,3,196,186,210,177,44,509,2463,712,6499,26370,15161,41859,
2020-07-01,,,1,0,3,197,186,212,178,43,520,2491,706,6658,26548,15205,42379,
2020-07-02,,,1,0,3,198,186,214,180,42,531,2518,700,6817,26728,15248,42909,
2020-07-03,,,1,0,3,199,187,217,181,41,542,2544,693,6978,26909,15290,43450,
2020-07-04,,,1,0,3,200,187,219,183,41,552,2570,686,7140,27092,15331,44002,
2020-07-05,,,1,0,3,201,188,221,184,40,563,2596,678,7302,27276,15371,44564,
2020-07-06,,,1,0,3,202,188,224,185,39,574,2620,669,7464,27461,15411,45137,
2020-07-07,,,1,0,3,203,188,226,186,38,584,2644,660,7626,27647,15450,45721,
2020-07-08,,,1,0,3,204,189,229,187,38,595,2667,650,7788,27834,15488,46315,
2020-07-09,,,1,0,3,205,189,232,188,37,606,2688,640,7950,28022,15525,46921,
2020-07-10,,,1,0,3,206,189,234,189,36,617,2709,629,8112,28211,15562,47537,
2020-07-11,,,1,0,3,207,190,237,190,35,627,2729,617,8274,28401,15598,48163,
2020-07-12,,,1,0,3,208,190,240,191,35,636,2748,606,8433,28592,15633,48799,
2020-07-13,,,1,0,3,209,190,243,191,34,645,2765,595,8591,28783,15667,49443,
2020-07-14,,,1,0,4,211,191,246,192,33,653,2782,583,8746,28975,15701,50096,
2020-07-15,,,1,0,4,212,191,249,192,32,662,2798,572,8898,29168,15734,50757,
2020-07-16,,,1,0,4,213,191,252,193,32,671,2812,561,9050,29360,15766,51428,
2020-07-17,,,1,0,4,214,192,255,193,31,681,2826,550,9200,29554,15798,52108,
2020-07-18,,,1,0,4,215,192,259,194,30,689,2838,539,9347,29747,15829,52797,
2020-07-19,,,1,0,4,217,192,262,194,30,696,2849,528,9491,29941,15859,53493,
2020-07-20,,,1,0,4,218,193,266,194,29,702,2859,517,9630,30135,15888,54194,
2020-07-21,,,1,0,4,219,193,269,194,28,707,2868,506,9764,30329,15917,54901,
2020-07-22,,,1,0,4,220,193,273,194,28,713,2876,495,9893,30523,15945,55613,
2020-07-23,,,1,0,4,222,194,277,194,27,718,2883,484,10016,30717,15973,56331,
2020-07-24,,,1,0,4,223,194,280,194,26,726,2889,474,10136,30912,16000,57056,
2020-07-25,,,1,0,4,224,194,284,194,26,734,2894,463,10253,31106,16026,57790,
2020-07-26,,,1,0,4,225,195,288,194,25,741,2898,453,10367,31299,16051,58530,
2020-07-27,,,1,0,5,227,195,292,194,24,748,2901,443,10480,31493,16076,59278,
2020-07-28,,,1,0,5,228,195,296,193,24,754,2903,433,10589,31687,16100,60031,
2020-07-29,,,1,0,5,229,195,300,193,23,760,2905,423,10696,31880,16124,60791,
2020-07-30,,,1,0,5,231,196,305,193,23,765,2905,413,10799,32073,16148,61556,
2020-07-31,,,1,0,5,232,196,309,193,23,771,2905,404,10899,32265,16171,62326,
2020-08-01,,,1,0,5,233,196,313,192,22,777,2904,395,10996,32457,16193,63103,
2020-08-02,,,1,0,5,235,196,318,192,22,784,2902,387,11090,32649,16216,63886,
2020-08-03,,,1,0,5,236,197,322,191,21,789,2899,378,11183,32840,16237,64675,
2020-08-04,,,1,0,5,237,197,327,191,21,794,2896,370,11275,33031,16259,65469,
2020-08-05,,,1,0,5,239,197,332,190,20,799,2893,362,11368,33222,16280,66268,
2020-08-06,,,1,0,5,240,197,336,190,20,804,2888,354,11459,33412,16300,67071,
2020-08-07,,,1,0,5,242,198,341,190,20,808,2884,347,11548,33601,16320,67879,
2020-08-08,,,1,0,5,243,198,346,189,19,811,2879,340,11634,33790,16340,68690,
2020-08-09,,,1,0,5,244,198,351,188,19,814,2873,333,11714,33979,16359,69503,
2020-08-10,,,1,0,5,246,198,356,188,19,816,2867,327,11788,34167,16379,70318,
2020-08-11,,,1,0,5,247,199,361,187,19,817,2861,321,11858,34354,16398,71135,
2020-08-12,,,1,0,6,248,199,366,187,18,818,2854,316,11922,34541,16416,71953,
2020-08-13,,,1,0,6,250,199,371,186,18,819,2847,310,11981,34727,16435,72772,
2020-08-14,,,1,0,6,251,199,376,186,18,820,2840,305,12035,34913,16453,73591,
2020-08-15,,,1,0,6,253,199,381,185,18,820,2833,301,12084,35098,16472,74410,
2020-08-16,,,1,0,6,254,199,387,184,17,820,2825,296,12126,35282,16490,75229,
2020-08-17,,,1,0,6,255,200,392,184,17,819,2817,291,12162,35466,16507,76048,
2020-08-18,,,1,0,6,257,200,397,183,17,818,2809,287,12191,35649,16525,76865,
2020-08-19,,,1,0,6,258,200,402,183,17,818,2801,283,12214,35832,16543,77683,
2020-08-20,,,1,0,6,260,200,408,182,17,817,2792,280,12232,36014,16560,78499,
2020-08-21,,,1,0,6,261,200,413,181,17,816,2784,277,12244,36196,16577,79314,
2020-08-22,,,1,0,6,262,201,419,181,17,817,2775,274,12252,36376,16595,80131,
2020-08-23,,,1,0,6,264,201,424,180,17,819,2766,272,12260,36556,16612,80949,
2020-08-24,,,1,0,6,265,201,430,180,17,821,2757,269,12268,36736,16629,81770,
2020-08-25,,,1,0,6,266,201,436,179,17,823,2748,267,12275,36915,16646,82592,
2020-08-26,,,1,0,6,268,201,441,178,17,823,2739,265,12281,37093,16663,83415,
2020-08-27,,,1,0,6,269,201,447,178,17,822,2730,263,12285,37271,16680,84237,
2020-08-28,,,1,0,6,270,201,453,177,16,821,2721,262,12287,37448,16697,85058,
2020-08-29,,,1,0,6,272,202,458,176,16,820,2711,260,12287,37624,16714,85878,
2020-08-30,,,1,0,6,273,202,464,176,16,820,2702,259,12287,37800,16731,86697,
2020-08-31,,,1,0,6,274,202,470,175,16,819,2693,258,12286,37975,16748,87515,
2020-09-01,,,1,0,6,276,202,476,175,16,818,2683,257,12285,38150,16765,88332,
2020-09-02,,,1,0,6,277,202,482,174,16,817,2674,256,12283,38323,16782,89148,
2020-09-03,,,1,0,6,278,202,487,173,16,816,2665,255,12281,38497,16798,89963,
2020-09-04,,,1,0,6,280,202,493,173,16,815,2655,254,12278,38669,16815,90777,
2020-09-05,,,1,0,6,281,203,499,172,16,813,2646,254,12276,38841,16832,91590,
2020-09-06,,,1,0,6,282,203,505,171,16,812,2637,253,12272,39013,16848,92402,
2020-09-07,,,1,0,6,284,203,511,171,16,811,2627,252,12264,39184,16865,93213,
2020-09-08,,,1,0,6,285,203,517,170,16,810,2618,252,12253,39354,16881,94022,
2020-09-09,,,1,0,6,286,203,522,170,16,809,2609,251,12239,39524,16898,94831,
2020-09-10,,,1,0,6,288,203,528,169,16,808,2600,250,12224,39693,16914,95639,
2020-09-11,,,1,0,6,289,203,534,168,15,807,2590,249,12209,39861,16930,96445,
2020-09-12,,,1,0,6,290,203,540,168,15,806,2581,248,12193,40029,16946,97251,
2020-09-13,,,1,0,6,292,204,546,167,15,805,2572,246,12178,40196,16961,98055,
2020-09-14,,,1,0,6,293,204,551,167,15,804,2563,245,12162,40363,16976,98858,
2020-09-15,,,1,0,6,294,204,557,166,14,802,2554,243,12145,40529,16991,99660,
2020-09-16,,,1,0,6,295,204,563,166,14,801,2545,240,12129,40695,17006,100460,
2020-09-17,,,1,0,6,297,204,569,165,14,800,2536,238,12113,40860,17020,101260,
2020-09-18,,,1,0,6,298,204,575,164,14,799,2528,235,12096,41024,17034,102058,
2020-09-19,,,1,0,6,299,204,581,164,13,798,2519,233,12079,41188,17048,102856,
2020-09-20,,,1,0,6,300,204,587,163,13,797,2510,230,12062,41352,17062,103652,
2020-09-21,,,1,0,6,302,205,592,163,13,796,2502,226,12046,41514,17075,104447,
2020-09-22,,,1,0,6,303,205,598,162,13,795,2493,223,12029,41677,17088,105241,
2020-09-23,,,1,0,6,304,205,604,162,13,794,2484,220,12012,41838,17102,106034,
2020-09-24,,,1,0,6,305,205,610,161,12,792,2476,216,11996,42000,17115,106826,
2020-09-25,,,1,0,6,307,205,616,161,12,791,2468,213,11979,42160,17127,107617,
2020-09-26,,,1,0,6,308,205,621,160,12,790,2459,210,11962,42320,17140,108407,
2020-09-27,,,1,0,6,309,205,627,160,12,789,2451,207,11945,42480,17153,109195,
2020-09-28,,,1,0,6,310,205,633,159,12,788,2443,204,11929,42639,17165,109983,
2020-09-29,,,1,0,6,312,205,639,159,12,787,2435,201,11912,42798,17178,110769,
2020-09-30,,,1,0,6,313,206,645,158,12,786,2427,199,11895,42956,17190,111554,
2020-10-01,,,1,0,6,314,206,650,158,12,784,2418,197,11878,43113,17203,112338,
