date,actual_deaths,total_deaths,predicted_deaths_mean,predicted_deaths_lower,predicted_deaths_upper,predicted_total_deaths_mean,predicted_total_deaths_lower,predicted_total_deaths_upper,predicted_new_infected_mean,predicted_new_infected_lower,predicted_new_infected_upper,predicted_current_infected_mean,predicted_current_infected_lower,predicted_current_infected_upper,predicted_total_infected_mean,predicted_total_infected_lower,predicted_total_infected_upper,r_values_mean
2020-02-26,,,,,,,,,35,10,40,35,10,40,35,10,40,2.22923976608
2020-02-27,,,,,,,,,35,10,40,69,20,80,69,20,80,2.20790762463
2020-02-28,,,,,,,,,35,10,40,104,30,120,104,30,120,2.20320124976
2020-02-29,,,,,,,,,35,10,40,139,40,160,139,40,160,2.19745405568
2020-03-01,,,,,,,,,35,10,40,173,50,200,173,50,200,2.19043161445
2020-03-02,,,,,,,,,35,10,40,208,60,240,208,60,240,2.18184319421
2020-03-03,,,,,,,,,35,10,40,243,70,280,243,70,280,2.17132652969
2020-03-04,,,,,,,,,35,10,40,277,80,320,277,80,320,2.15842873805
2020-03-05,,,,,,,,,35,10,40,312,90,360,312,90,360,2.14258409201
2020-03-06,,,,,,,,,107,37,149,419,127,509,419,127,509,2.12300104492
2020-03-07,,,,,,,,,106,37,147,525,165,656,525,165,656,2.09900386859
2020-03-08,,,,,,,,,112,41,159,638,207,815,638,207,815,2.06950661248
2020-03-09,,,,,,,,,125,49,183,763,256,997,763,256,997,2.03348182137
2020-03-10,,,,,,,,,152,64,232,915,321,1228,915,321,1228,1.9899356839
2020-03-11,,,,,,,,,193,89,302,1108,411,1530,1108,411,1530,1.93812994837
2020-03-12,,,,,,,,,221,110,350,1294,511,1839,1329,521,1879,1.87778536485
2020-03-13,,,,,,,,,242,131,385,1502,633,2183,1571,653,2263,1.8092256801
2020-03-14,,,,,,,,,266,147,421,1733,770,2564,1837,800,2684,1.73341366653
2020-03-15,,,,,,,,,292,170,457,1990,930,2980,2129,970,3140,1.65186857631
2020-03-16,,,,,,,,,321,196,506,2277,1116,3445,2450,1166,3645,1.56653209055
2020-03-17,,,,,,,,,344,215,545,2586,1322,3949,2794,1382,4189,1.47960515009
2020-03-18,,,,,,,,,361,236,559,2913,1549,4468,3156,1619,4748,1.39336865999
2020-03-19,,,,,,,,,374,240,557,3253,1779,4984,3530,1859,5304,1.31002016322
2020-03-20,,,,,,,,,384,250,564,3602,2020,5508,3914,2110,5868,1.23154436414
2020-03-21,1,1,,,,,,,392,262,586,3887,2245,5945,4306,2373,6454,1.15961859781
2020-03-22,0,1,,,,,,,396,265,590,4176,2473,6388,4702,2639,7043,1.09552263718
2020-03-23,1,2,,,,,,,396,268,578,4460,2700,6806,5098,2907,7621,1.04003328173
2020-03-24,0,2,,,,,,,394,270,561,4729,2921,7184,5492,3177,8181,0.993336428368
2020-03-25,0,2,,,,,,,390,270,542,4967,3126,7495,5882,3448,8723,0.955026611486
2020-03-26,0,2,,,,,,,385,265,523,5158,3302,7716,6266,3713,9245,0.924232805252
2020-03-27,1,3,,,,,,,379,260,519,5316,3453,7885,6645,3974,9763,0.899828969957
2020-03-28,0,3,,,,,,,372,256,514,5446,3577,8014,7017,4231,10277,0.880642919577
2020-03-29,0,3,,,,,,,364,252,499,5544,3682,8092,7381,4483,10776,0.865601082791
2020-03-30,3,6,,,,,,,357,249,483,5609,3761,8119,7738,4732,11258,0.853796861885
2020-03-31,2,8,,,,,,,348,245,473,5636,3811,8086,8086,4978,11731,0.844502549029
2020-04-01,3,11,,,,,,,340,240,460,5632,3836,8001,8427,5219,12190,0.837151162707
2020-04-02,1,12,,,,,,,332,235,445,5603,3835,7887,8759,5454,12634,0.831307636366
2020-04-03,3,15,,,,,,,324,230,430,5553,3824,7760,9083,5684,13063,0.826639952799
2020-04-04,3,18,,,,,,,316,224,419,5486,3798,7615,9400,5909,13482,0.822894533868
2020-04-05,2,20,,,,,,,309,222,408,5402,3758,7436,9708,6131,13890,0.819876825336
2020-04-06,1,21,,,,,,,301,217,397,5307,3710,7243,10009,6349,14286,0.817436584507
2020-04-07,2,23,,,,,,,293,213,387,5204,3655,7053,10302,6563,14673,0.815456946634
2020-04-08,1,24,,,,,,,286,209,378,5096,3594,6870,10588,6772,15051,0.813846356292
2020-04-09,9,33,,,,,,,279,204,365,4985,3528,6693,10867,6976,15415,0.812532606559
2020-04-10,6,39,,,,,,,272,200,353,4872,3463,6524,11139,7177,15768,0.811458408607
2020-04-11,3,42,,,,,,,265,195,345,4759,3397,6350,11404,7372,16112,0.810578071023
2020-04-12,2,44,,,,,,,258,190,336,4645,3332,6172,11662,7563,16448,0.80985498768
2020-04-13,1,45,,,,,,,252,185,326,4533,3265,5999,11914,7748,16774,0.809259719355
2020-04-14,0,45,,,,,,,246,179,316,4422,3195,5832,12160,7928,17089,0.808768515146
2020-04-15,6,51,,,,,,,240,174,310,4313,3124,5669,12400,8103,17399,0.808362162585
2020-04-16,5,56,,,,,,,234,170,304,4207,3054,5513,12633,8273,17702,0.808025086095
2020-04-17,2,58,,,,,,,228,165,299,4103,2984,5367,12862,8438,18001,0.807744635233
2020-04-18,2,60,,,,,,,223,160,293,4001,2914,5231,13084,8598,18294,0.80751051954
2020-04-19,2,62,,,,,,,217,155,288,3902,2845,5100,13301,8754,18581,0.807314357606
2020-04-20,1,63,,,,,,,212,151,284,3805,2774,4975,13513,8905,18864,0.807149315693
2020-04-21,1,64,,,,,,,207,147,279,3711,2703,4857,13720,9053,19143,0.806951626822
2020-04-22,-1,63,,,,,,,202,142,273,3619,2632,4743,13922,9195,19416,0.806781747686
2020-04-23,6,69,,,,,,,197,136,268,3530,2560,4633,14119,9332,19684,0.806656990088
2020-04-24,8,77,,,,,,,192,131,264,3444,2487,4532,14311,9464,19947,0.806555831467
2020-04-25,6,83,,,,,,,188,127,261,3360,2415,4439,14498,9592,20207,0.806463560906
2020-04-26,1,84,,,,,,,183,123,259,3278,2343,4353,14681,9715,20465,0.806377073374
2020-04-27,0,84,,,,,,,179,120,255,3198,2272,4272,14860,9836,20720,0.806353152829
2020-04-28,2,86,,,,,,,174,117,250,3120,2205,4196,15035,9953,20969,0.806329821537
2020-04-29,0,86,,,,,,,170,114,245,3045,2139,4125,15205,10067,21214,0.806307075976
2020-04-30,6,92,,,,,,,166,110,241,2971,2075,4057,15371,10178,21455,0.806284920329
2020-05-01,2,94,,,,,,,162,108,236,2900,2013,3988,15533,10286,21690,0.806263367635
2020-05-02,1,95,,,,,,,158,104,231,2830,1952,3921,15691,10391,21921,0.806242443871
2020-05-03,2,97,,,,,,,154,100,227,2762,1893,3854,15846,10492,22147,0.806222193972
2020-05-04,0,97,,,,,,,151,97,222,2695,1835,3788,15997,10589,22369,0.806202690817
2020-05-05,2,99,,,,,,,147,94,218,2631,1778,3722,16144,10684,22586,0.806184048992
2020-05-06,0,99,,,,,,,143,90,213,2567,1722,3657,16287,10775,22799,0.806166445004
2020-05-07,3,102,,,,,,,140,87,209,2506,1666,3593,16427,10862,23008,0.806150147387
2020-05-08,5,107,,,,,,,136,84,206,2445,1614,3530,16564,10946,23213,0.806135561696
2020-05-09,1,108,,,,,,,133,80,203,2386,1563,3469,16697,11027,23415,0.806123297561
2020-05-10,3,111,,,,,,,130,77,200,2328,1513,3407,16827,11105,23614,0.806114268755
2020-05-11,2,113,,,,,,,126,74,197,2272,1464,3345,16953,11180,23810,0.806109842334
2020-05-12,1,114,,,,,,,123,72,193,2216,1416,3284,17076,11252,24003,0.806112060771
2020-05-13,1,115,,,,,,,120,69,190,2162,1368,3223,17196,11322,24192,0.806123972644
2020-05-14,2,117,,,,,,,117,66,186,2109,1321,3164,17313,11388,24378,0.806150124367
2020-05-15,5,122,,,,,,,114,64,183,2056,1274,3105,17427,11453,24560,0.806197290276
2020-05-16,0,122,,,,,,,111,61,179,2005,1228,3048,17538,11514,24738,0.806275553977
2020-05-17,1,123,,,,,,,108,59,175,1955,1182,2992,17646,11574,24913,0.806399904243
2020-05-18,1,124,,,,,,,105,56,172,1905,1138,2938,17751,11631,25084,0.806592577574
2020-05-19,0,124,,,,,,,102,54,168,1857,1095,2884,17853,11685,25252,0.806886468693
2020-05-20,1,125,,,,,,,99,52,165,1809,1053,2831,17953,11738,25417,0.807330033818
2020-05-21,1,126,,,,,,,97,50,162,1762,1013,2779,18049,11788,25578,0.807994203826
2020-05-22,0,126,,,,,,,94,48,158,1716,974,2729,18143,11837,25736,0.808981833058
2020-05-23,1,127,,,,,,,91,46,156,1671,936,2679,18234,11883,25891,0.810439965833
2020-05-24,0,127,,,,,,,89,44,153,1626,900,2630,18323,11928,26044,0.81257436059
2020-05-25,2,129,,,,,,,86,42,151,1583,865,2581,18410,11971,26194,0.81566366116
2020-05-26,0,129,,,,,,,84,41,149,1541,831,2533,18494,12012,26343,0.820066517531
2020-05-27,0,129,,,,,,,82,39,147,1500,799,2487,18576,12052,26490,0.826208384255
2020-05-28,2,131,,,,,,,81,38,146,1460,769,2444,18657,12091,26635,0.83452752189
2020-05-29,1,132,,,,,,,80,37,145,1423,740,2403,18736,12129,26780,0.845359642158
2020-05-30,1,133,,,,,,,79,37,145,1388,713,2365,18815,12166,26924,0.858762950781
2020-05-31,3,136,,,,,,,78,36,145,1355,688,2331,18894,12203,27068,0.874341105072
2020-06-01,0,136,,,,,,,78,36,145,1325,665,2301,18972,12239,27213,0.891182825297
2020-06-02,2,138,,,,,,,78,35,145,1298,644,2274,19049,12275,27358,0.903883960913
2020-06-03,2,140,,,,,,,78,35,146,1273,625,2252,19127,12310,27503,0.916033471766
2020-06-04,0,140,,,,,,,78,36,147,1252,608,2234,19204,12346,27650,0.927171719251
2020-06-05,1,141,,,,,,,78,36,148,1233,594,2220,19282,12382,27798,0.936991793874
2020-06-06,1,142,,,,,,,78,36,150,1217,582,2212,19360,12419,27947,0.945355797939
2020-06-07,0,142,,,,,,,79,36,152,1205,571,2208,19439,12455,28099,0.952272359088
2020-06-08,0,142,,,,,,,79,36,154,1195,563,2209,19518,12491,28252,0.957853362322
2020-06-09,0,142,,,,,,,79,35,155,1188,556,2213,19597,12527,28407,0.9622679101
2020-06-10,1,143,,,,,,,80,35,156,1183,550,2220,19677,12563,28562,0.965704772049
2020-06-11,1,144,,,,,,,80,35,159,1181,546,2231,19757,12598,28720,0.96834717405
2020-06-12,2,146,,,,,,,81,35,162,1182,543,2247,19838,12634,28881,0.970358892298
2020-06-13,0,146,,,,,,,82,35,165,1183,540,2267,19920,12670,29046,0.971878640281
2020-06-14,1,147,,,,,,,82,35,168,1187,539,2290,20002,12705,29213,0.973019630633
2020-06-15,0,147,,,,,,,83,35,171,1191,537,2316,20085,12740,29384,0.973871869821
2020-06-16,,,1,0,2,148,147,149,83,35,175,1197,536,2346,20168,12775,29559,
2020-06-17,,,1,0,2,148,147,150,84,34,179,1203,535,2380,20252,12810,29737,
2020-06-18,,,1,0,2,149,147,151,85,34,183,1210,534,2416,20337,12845,29919,
2020-06-19,,,1,0,2,149,148,152,85,34,187,1218,533,2456,20422,12879,30105,
2020-06-20,,,1,0,2,150,148,153,86,34,191,1226,531,2498,20508,12914,30295,
2020-06-21,,,1,0,2,151,148,154,87,33,195,1235,528,2543,20595,12947,30490,
2020-06-22,,,1,0,2,151,149,155,88,33,199,1244,525,2589,20683,12981,30688,
2020-06-23,,,1,0,2,152,149,156,88,33,203,1253,523,2639,20771,13014,30890,
2020-06-24,,,1,0,2,152,149,157,89,33,207,1263,520,2691,20860,13047,31097,
2020-06-25,,,1,0,2,153,149,158,90,32,212,1273,517,2746,20950,13080,31308,
2020-06-26,,,1,0,2,153,150,159,91,32,216,1283,514,2804,21041,13113,31524,
2020-06-27,,,1,0,2,154,150,160,92,32,220,1294,511,2863,21132,13145,31744,
2020-06-28,,,1,0,2,155,150,161,92,32,225,1305,507,2923,21225,13177,31968,
2020-06-29,,,1,0,2,155,150,162,93,31,230,1316,504,2985,21318,13209,32197,
2020-06-30,,,1,0,2,156,151,163,94,31,234,1327,500,3047,21412,13241,32431,
2020-07-01,,,1,0,2,156,151,165,95,31,238,1339,496,3110,21507,13272,32668,
2020-07-02,,,1,0,2,157,151,166,96,30,242,1350,492,3173,21602,13303,32909,
2020-07-03,,,1,0,2,157,151,167,96,30,246,1362,488,3236,21699,13334,33155,
2020-07-04,,,1,0,2,158,152,168,97,30,250,1373,484,3300,21796,13364,33405,
2020-07-05,,,1,0,2,159,152,169,98,30,254,1385,480,3363,21893,13394,33658,
2020-07-06,,,1,0,2,159,152,170,98,29,258,1396,476,3427,21991,13424,33916,
2020-07-07,,,1,0,2,160,152,172,99,29,263,1407,472,3491,22090,13454,34178,
2020-07-08,,,1,0,2,160,153,173,99,29,267,1418,468,3555,22189,13483,34444,
2020-07-09,,,1,0,2,161,153,174,100,28,270,1429,464,3617,22289,13512,34714,
2020-07-10,,,1,0,2,161,153,175,100,28,273,1439,460,3679,22389,13541,34987,
2020-07-11,,,1,0,2,162,153,177,100,28,276,1449,456,3740,22489,13569,35263,
2020-07-12,,,1,0,2,163,154,178,101,28,279,1458,451,3799,22590,13597,35542,
2020-07-13,,,1,0,2,163,154,179,101,27,282,1467,447,3856,22691,13625,35824,
2020-07-14,,,1,0,2,164,154,181,101,27,285,1475,442,3911,22793,13652,36108,
2020-07-15,,,1,0,2,165,154,182,102,27,287,1483,438,3965,22894,13679,36395,
2020-07-16,,,1,0,2,165,155,184,102,26,290,1489,433,4017,22996,13706,36684,
2020-07-17,,,1,0,2,166,155,185,102,26,292,1496,429,4067,23098,13732,36976,
2020-07-18,,,1,0,2,167,155,187,102,26,294,1502,424,4115,23200,13758,37269,
2020-07-19,,,1,0,2,167,155,188,102,25,296,1507,419,4161,23303,13784,37565,
2020-07-20,,,1,0,2,168,155,190,102,25,298,1512,415,4204,23405,13810,37862,
2020-07-21,,,1,0,2,168,156,192,102,25,300,1516,410,4246,23507,13835,38162,
2020-07-22,,,1,0,2,169,156,193,102,24,302,1519,405,4285,23609,13859,38463,
2020-07-23,,,1,0,2,170,156,195,102,24,303,1522,400,4322,23711,13884,38766,
2020-07-24,,,1,0,2,171,156,197,102,23,305,1525,395,4357,23813,13908,39070,
2020-07-25,,,1,0,2,171,157,199,102,23,308,1526,390,4391,23915,13931,39378,
2020-07-26,,,1,0,2,172,157,200,102,23,310,1527,385,4425,24017,13954,39688,
2020-07-27,,,1,0,2,173,157,202,101,22,313,1528,380,4458,24118,13977,40000,
2020-07-28,,,1,0,2,173,157,204,101,22,315,1528,375,4491,24219,14000,40314,
2020-07-29,,,1,0,2,174,157,206,101,22,317,1527,369,4522,24320,14022,40630,
2020-07-30,,,1,0,2,175,158,208,101,21,318,1526,364,4553,24421,14044,40948,
2020-07-31,,,1,0,2,175,158,210,100,21,320,1525,359,4583,24521,14065,41267,
2020-08-01,,,1,0,2,176,158,212,100,21,321,1523,354,4612,24621,14087,41587,
2020-08-02,,,1,0,2,177,158,214,100,20,321,1520,349,4639,24721,14108,41908,
2020-08-03,,,1,0,2,178,158,216,99,20,322,1517,344,4665,24820,14128,42229,
2020-08-04,,,1,0,3,178,159,218,99,20,323,1514,339,4690,24919,14149,42552,
2020-08-05,,,1,0,3,179,159,220,99,20,323,1510,334,4713,25018,14169,42874,
2020-08-06,,,1,0,3,180,159,222,98,19,325,1506,329,4736,25116,14189,43199,
2020-08-07,,,1,0,3,180,159,224,98,19,326,1502,324,4759,25213,14208,43524,
2020-08-08,,,1,0,3,181,159,226,97,19,327,1497,320,4780,25311,14228,43850,
2020-08-09,,,1,0,3,182,160,228,97,19,328,1492,315,4800,25408,14247,44177,
2020-08-10,,,1,0,3,183,160,230,96,18,328,1487,311,4818,25504,14266,44505,
2020-08-11,,,1,0,3,183,160,232,96,18,329,1482,307,4834,25600,14284,44833,
2020-08-12,,,1,0,3,184,160,234,96,18,329,1476,302,4848,25696,14303,45161,
2020-08-13,,,1,0,3,185,160,236,95,17,329,1471,298,4860,25791,14320,45490,
2020-08-14,,,1,0,3,186,160,238,95,17,329,1465,294,4871,25886,14338,45818,
2020-08-15,,,1,0,3,186,161,241,94,17,329,1459,289,4880,25980,14355,46146,
2020-08-16,,,1,0,3,187,161,243,94,17,328,1453,285,4887,26074,14372,46474,
2020-08-17,,,1,0,3,188,161,245,93,16,327,1446,281,4893,26167,14389,46800,
2020-08-18,,,1,0,3,188,161,247,93,16,326,1440,277,4897,26260,14406,47126,
2020-08-19,,,1,0,3,189,161,250,93,16,326,1434,273,4901,26353,14422,47452,
2020-08-20,,,1,0,3,190,161,252,92,16,325,1427,269,4903,26445,14438,47777,
2020-08-21,,,1,0,3,191,162,254,92,15,325,1421,265,4903,26536,14454,48101,
2020-08-22,,,1,0,3,191,162,256,91,15,324,1414,261,4901,26628,14470,48424,
2020-08-23,,,1,0,3,192,162,259,91,15,323,1408,257,4898,26718,14485,48747,
2020-08-24,,,1,0,3,193,162,261,90,15,323,1401,253,4893,26809,14501,49069,
2020-08-25,,,1,0,3,193,162,263,90,15,322,1395,250,4887,26899,14516,49391,
2020-08-26,,,1,0,3,194,162,265,90,14,321,1388,246,4880,26988,14531,49712,
2020-08-27,,,1,0,3,195,163,268,89,14,321,1382,243,4872,27077,14546,50032,
2020-08-28,,,1,0,3,196,163,270,89,14,320,1375,239,4863,27166,14560,50352,
2020-08-29,,,1,0,3,196,163,272,88,14,320,1369,236,4853,27254,14575,50671,
2020-08-30,,,1,0,3,197,163,275,88,14,319,1362,233,4844,27342,14589,50990,
2020-08-31,,,1,0,3,198,163,277,88,14,318,1356,230,4834,27430,14603,51307,
2020-09-01,,,1,0,3,198,163,279,87,14,318,1350,227,4824,27517,14617,51624,
2020-09-02,,,1,0,3,199,163,282,87,13,317,1344,225,4815,27604,14631,51941,
2020-09-03,,,1,0,3,200,163,284,86,13,316,1338,222,4805,27690,14645,52257,
2020-09-04,,,1,0,3,200,164,286,86,13,316,1332,220,4796,27776,14659,52572,
2020-09-05,,,1,0,3,201,164,289,86,13,315,1326,218,4786,27862,14672,52887,
2020-09-06,,,1,0,3,202,164,291,85,13,314,1320,216,4777,27947,14686,53200,
2020-09-07,,,1,0,3,202,164,293,85,13,314,1314,214,4767,28032,14699,53514,
2020-09-08,,,1,0,3,203,164,296,85,13,313,1308,212,4758,28117,14713,53826,
2020-09-09,,,1,0,3,204,164,298,84,13,313,1302,210,4748,28201,14726,54138,
2020-09-10,,,1,0,3,204,164,300,84,13,312,1297,208,4738,28285,14739,54450,
2020-09-11,,,1,0,3,205,164,303,84,13,311,1291,206,4729,28368,14753,54761,
2020-09-12,,,1,0,3,206,165,305,83,13,311,1285,205,4719,28452,14766,55071,
2020-09-13,,,1,0,3,206,165,307,83,13,310,1280,204,4709,28534,14779,55380,
2020-09-14,,,1,0,3,207,165,310,83,12,309,1275,202,4700,28617,14792,55689,
2020-09-15,,,1,0,3,208,165,312,82,12,309,1269,201,4690,28699,14805,55997,
2020-09-16,,,1,0,3,208,165,314,82,12,308,1264,200,4681,28781,14817,56305,
2020-09-17,,,1,0,3,209,165,316,82,12,307,1259,199,4671,28863,14830,56611,
2020-09-18,,,1,0,3,209,165,319,81,12,307,1253,198,4661,28944,14843,56918,
2020-09-19,,,1,0,3,210,165,321,81,12,306,1248,196,4652,29025,14856,57223,
2020-09-20,,,1,0,3,211,165,323,81,12,305,1243,195,4642,29105,14868,57528,
2020-09-21,,,1,0,3,211,166,326,80,12,305,1238,194,4633,29186,14881,57833,
2020-09-22,,,1,0,3,212,166,328,80,12,304,1233,194,4623,29266,14893,58136,
2020-09-23,,,1,0,3,213,166,330,80,12,304,1229,193,4613,29345,14906,58439,
2020-09-24,,,1,0,3,213,166,332,79,12,303,1224,192,4604,29425,14919,58742,
2020-09-25,,,1,0,3,214,166,335,79,12,302,1219,191,4594,29504,14931,59043,
2020-09-26,,,1,0,3,214,166,337,79,12,302,1214,190,4584,29583,14943,59345,
2020-09-27,,,1,0,3,215,166,339,79,12,301,1210,190,4575,29661,14956,59645,
2020-09-28,,,1,0,3,216,166,341,78,12,300,1205,189,4565,29739,14968,59945,
2020-09-29,,,1,0,3,216,166,343,78,12,300,1200,188,4556,29817,14980,60244,
2020-09-30,,,1,0,3,217,166,346,78,12,299,1196,188,4546,29895,14993,60543,
2020-10-01,,,1,0,3,217,166,348,77,12,298,1191,187,4536,29972,15005,60840,
