date,actual_deaths,total_deaths,predicted_deaths_mean,predicted_deaths_lower,predicted_deaths_upper,predicted_total_deaths_mean,predicted_total_deaths_lower,predicted_total_deaths_upper,predicted_new_infected_mean,predicted_new_infected_lower,predicted_new_infected_upper,predicted_current_infected_mean,predicted_current_infected_lower,predicted_current_infected_upper,predicted_total_infected_mean,predicted_total_infected_lower,predicted_total_infected_upper,r_values_mean
2020-02-27,,,,,,,,,28,10,40,28,10,40,28,10,40,1.17660818713
2020-02-28,,,,,,,,,28,10,40,56,20,80,56,20,80,1.17617691265
2020-02-29,,,,,,,,,28,10,40,83,30,120,83,30,120,1.17608131605
2020-03-01,,,,,,,,,28,10,40,111,40,160,111,40,160,1.17596449606
2020-03-02,,,,,,,,,28,10,40,139,50,200,139,50,200,1.1758217226
2020-03-03,,,,,,,,,28,10,40,167,60,240,167,60,240,1.17564720088
2020-03-04,,,,,,,,,28,10,40,195,70,280,195,70,280,1.17543382562
2020-03-05,,,,,,,,,28,10,40,222,80,320,222,80,320,1.17517287455
2020-03-06,,,,,,,,,28,10,40,250,90,360,250,90,360,1.17485362419
2020-03-07,,,,,,,,,57,23,88,308,113,448,308,113,448,1.17442599348
2020-03-08,,,,,,,,,57,23,88,365,137,536,365,137,536,1.17394281041
2020-03-09,,,,,,,,,58,24,90,423,162,626,423,162,626,1.17334644863
2020-03-10,,,,,,,,,61,26,96,484,189,721,484,189,721,1.17261696078
2020-03-11,,,,,,,,,68,30,107,552,219,827,552,219,827,1.17172260852
2020-03-12,,,,,,,,,77,36,124,630,255,951,630,255,951,1.17062358748
2020-03-13,,,,,,,,,85,40,137,686,286,1047,714,296,1087,1.16926937705
2020-03-14,,,,,,,,,90,44,146,749,321,1153,804,341,1233,1.16759604897
2020-03-15,,,,,,,,,96,48,156,816,359,1268,900,389,1388,1.16552379663
2020-03-16,,,,,,,,,102,52,167,890,402,1394,1001,442,1554,1.16295175537
2020-03-17,,,,,,,,,109,58,179,972,451,1533,1111,501,1733,1.15975466974
2020-03-18,,,,,,,,,117,64,191,1061,505,1684,1227,565,1924,1.15578333341
2020-03-19,,,,,,,,,124,70,202,1157,565,1845,1351,635,2125,1.15087181568
2020-03-20,,,,,,,,,130,75,211,1259,631,2016,1482,711,2336,1.14485765219
2020-03-21,,,,,,,,,137,82,221,1369,703,2197,1619,793,2557,1.13761652376
2020-03-22,1,1,,,,,,,144,88,231,1456,768,2339,1763,882,2787,1.12910655783
2020-03-23,0,1,,,,,,,151,95,239,1550,840,2490,1914,978,3025,1.11940489803
2020-03-24,0,1,,,,,,,158,103,249,1649,918,2648,2072,1081,3274,1.10871475547
2020-03-25,0,1,,,,,,,164,110,259,1752,1002,2812,2236,1191,3533,1.09733474633
2020-03-26,0,1,,,,,,,170,117,264,1854,1090,2969,2406,1309,3796,1.08560435326
2020-03-27,0,1,,,,,,,176,125,266,1953,1178,3111,2582,1434,4061,1.07384980404
2020-03-28,0,1,,,,,,,181,128,269,2049,1266,3243,2763,1563,4330,1.06234766219
2020-03-29,1,2,,,,,,,186,133,270,2145,1355,3367,2949,1696,4599,1.05131166882
2020-03-30,2,4,,,,,,,191,136,272,2241,1443,3483,3140,1833,4870,1.04090030339
2020-03-31,1,5,,,,,,,195,139,277,2334,1530,3593,3335,1972,5147,1.03123572243
2020-04-01,0,5,,,,,,,199,143,284,2424,1614,3698,3535,2115,5430,1.02241980082
2020-04-02,2,7,,,,,,,203,147,285,2510,1698,3792,3738,2263,5715,1.01453604407
2020-04-03,0,7,,,,,,,206,151,286,2593,1780,3876,3944,2415,6001,1.00763739611
2020-04-04,1,8,,,,,,,210,155,287,2672,1859,3952,4154,2570,6288,1.00173068232
2020-04-05,0,8,,,,,,,213,158,292,2748,1935,4023,4367,2729,6579,0.996770425015
2020-04-06,5,13,,,,,,,216,161,297,2819,2008,4089,4582,2890,6875,0.992667400738
2020-04-07,0,13,,,,,,,218,164,297,2886,2077,4147,4801,3055,7171,0.989307257543
2020-04-08,0,13,,,,,,,221,167,296,2949,2141,4194,5021,3223,7467,0.986570002384
2020-04-09,0,13,,,,,,,223,170,297,3008,2202,4232,5245,3394,7764,0.984343863509
2020-04-10,4,17,,,,,,,226,173,298,3064,2258,4267,5470,3567,8062,0.982532115642
2020-04-11,1,18,,,,,,,228,176,299,3116,2310,4300,5698,3744,8361,0.981054630903
2020-04-12,0,18,,,,,,,230,179,300,3165,2361,4332,5928,3924,8661,0.979846569223
2020-04-13,-5,13,,,,,,,232,182,299,3211,2410,4360,6160,4106,8959,0.978855998402
2020-04-14,5,18,,,,,,,234,185,299,3254,2458,4387,6394,4292,9257,0.978041422171
2020-04-15,2,20,,,,,,,236,187,299,3295,2507,4409,6630,4480,9556,0.977369620921
2020-04-16,0,20,,,,,,,238,190,298,3333,2554,4423,6868,4670,9853,0.976813903156
2020-04-17,3,23,,,,,,,239,193,297,3369,2599,4434,7107,4863,10149,0.976352735911
2020-04-18,2,25,,,,,,,241,195,298,3404,2643,4446,7348,5059,10447,0.975968683786
2020-04-19,2,27,,,,,,,242,198,300,3437,2687,4459,7590,5257,10746,0.975539690639
2020-04-20,1,28,,,,,,,244,200,303,3468,2729,4470,7834,5458,11049,0.975183191166
2020-04-21,4,32,,,,,,,245,203,305,3497,2770,4479,8080,5661,11353,0.974870426674
2020-04-22,0,32,,,,,,,247,204,307,3526,2811,4489,8326,5866,11660,0.97464784609
2020-04-23,3,35,,,,,,,248,206,305,3553,2849,4498,8574,6072,11965,0.974428909546
2020-04-24,4,39,,,,,,,249,207,306,3579,2885,4506,8824,6280,12270,0.974193027765
2020-04-25,2,41,,,,,,,250,206,308,3604,2918,4516,9074,6486,12577,0.974163108889
2020-04-26,0,41,,,,,,,252,208,310,3627,2950,4526,9326,6694,12887,0.97413687341
2020-04-27,0,41,,,,,,,253,207,312,3650,2977,4538,9578,6902,13198,0.974116228659
2020-04-28,0,41,,,,,,,254,206,312,3672,3001,4551,9832,7108,13510,0.97410402375
2020-04-29,4,45,,,,,,,255,205,312,3692,3021,4565,10087,7313,13821,0.974104496403
2020-04-30,1,46,,,,,,,256,204,312,3712,3038,4578,10342,7518,14133,0.974123947729
2020-05-01,0,46,,,,,,,256,203,312,3731,3051,4592,10599,7722,14445,0.974171736908
2020-05-02,3,49,,,,,,,257,202,312,3749,3060,4607,10856,7924,14756,0.974261741289
2020-05-03,1,50,,,,,,,258,201,314,3766,3066,4623,11114,8126,15069,0.974414484337
2020-05-04,0,50,,,,,,,259,200,317,3782,3068,4640,11373,8326,15386,0.974660192633
2020-05-05,6,56,,,,,,,260,198,320,3798,3066,4657,11633,8524,15705,0.97504310557
2020-05-06,2,58,,,,,,,260,197,324,3813,3060,4676,11893,8722,16029,0.975627366035
2020-05-07,3,61,,,,,,,261,196,328,3828,3052,4696,12154,8918,16356,0.976504666787
2020-05-08,0,61,,,,,,,262,195,331,3842,3041,4722,12416,9113,16687,0.977803303856
2020-05-09,5,66,,,,,,,263,194,335,3856,3028,4751,12680,9308,17021,0.979697007869
2020-05-10,1,67,,,,,,,264,193,338,3870,3014,4782,12944,9501,17358,0.982409376646
2020-05-11,1,68,,,,,,,266,192,343,3884,2999,4815,13210,9694,17701,0.986205633873
2020-05-12,5,73,,,,,,,268,192,348,3900,2984,4851,13478,9887,18048,0.991358949057
2020-05-13,2,75,,,,,,,270,192,353,3916,2971,4892,13748,10079,18401,0.998078507632
2020-05-14,0,75,,,,,,,273,193,360,3935,2959,4940,14021,10273,18761,1.00640044944
2020-05-15,2,77,,,,,,,277,193,369,3956,2948,4997,14298,10466,19129,1.01607745168
2020-05-16,1,78,,,,,,,281,194,377,3980,2938,5061,14579,10660,19505,1.02654114858
2020-05-17,2,80,,,,,,,285,195,385,4008,2931,5134,14864,10855,19890,1.03442208377
2020-05-18,0,80,,,,,,,289,197,394,4039,2927,5215,15153,11053,20284,1.04195792961
2020-05-19,8,88,,,,,,,294,198,404,4073,2925,5302,15446,11251,20687,1.04886217895
2020-05-20,2,90,,,,,,,299,201,414,4112,2928,5395,15745,11453,21100,1.05494349321
2020-05-21,2,92,,,,,,,304,201,425,4156,2933,5496,16049,11655,21525,1.06011592289
2020-05-22,1,93,,,,,,,309,200,436,4204,2937,5604,16358,11855,21960,1.06438487862
2020-05-23,4,97,,,,,,,315,199,447,4256,2941,5720,16673,12055,22406,1.06782015314
2020-05-24,0,97,,,,,,,320,197,459,4314,2944,5845,16993,12252,22865,1.07052721464
2020-05-25,1,98,,,,,,,326,195,472,4375,2946,5979,17319,12448,23337,1.07262377407
2020-05-26,3,101,,,,,,,332,195,486,4441,2949,6121,17651,12643,23822,1.07422406842
2020-05-27,4,105,,,,,,,338,195,499,4512,2951,6273,17989,12838,24321,1.07543019926
2020-05-28,1,106,,,,,,,344,194,514,4585,2953,6433,18334,13033,24834,1.07632863691
2020-05-29,1,107,,,,,,,351,193,528,4663,2953,6601,18684,13227,25362,1.07698995307
2020-05-30,5,112,,,,,,,357,191,544,4744,2952,6776,19042,13419,25905,1.07747024356
2020-05-31,1,113,,,,,,,364,190,559,4827,2948,6959,19406,13609,26464,1.07781322295
2020-06-01,0,113,,,,,,,371,188,575,4913,2942,7149,19777,13798,27038,1.07805256034
2020-06-02,0,113,,,,,,,378,187,592,5002,2932,7346,20155,13985,27630,1.07821389906
2020-06-03,4,117,,,,,,,385,185,609,5094,2919,7551,20540,14171,28238,1.07831662512
2020-06-04,0,117,,,,,,,393,184,626,5188,2902,7763,20933,14356,28863,1.07837530925
2020-06-05,3,120,,,,,,,400,183,644,5285,2884,7983,21334,14539,29507,1.07840085476
2020-06-06,1,121,,,,,,,408,181,662,5384,2865,8210,21742,14721,30169,1.07840140073
2020-06-07,0,121,,,,,,,416,180,681,5485,2846,8444,22158,14901,30850,1.07838300761
2020-06-08,3,124,,,,,,,424,179,701,5589,2828,8685,22583,15080,31550,1.07835017704
2020-06-09,3,127,,,,,,,433,177,721,5696,2809,8934,23015,15258,32270,1.07830624603
2020-06-10,1,128,,,,,,,441,176,741,5805,2791,9189,23457,15434,33010,1.07825368187
2020-06-11,3,131,,,,,,,450,175,762,5918,2770,9452,23907,15609,33772,1.07819430604
2020-06-12,8,139,,,,,,,459,173,784,6032,2749,9721,24366,15783,34555,1.07812946051
2020-06-13,0,139,,,,,,,468,172,806,6150,2728,9999,24834,15955,35360,1.07806013084
2020-06-14,0,139,,,,,,,478,171,828,6270,2707,10283,25312,16127,36188,1.07798703758
2020-06-15,4,143,,,,,,,487,169,852,6394,2687,10576,25799,16296,37039,1.07791070402
2020-06-16,,,3,1,4,146,144,147,496,168,874,6518,2666,10874,26295,16465,37912,
2020-06-17,,,3,1,4,148,146,151,505,166,896,6645,2645,11179,26800,16631,38808,
2020-06-18,,,3,1,4,151,147,155,513,164,919,6773,2624,11490,27313,16796,39727,
2020-06-19,,,3,1,4,153,149,159,522,162,943,6902,2602,11807,27836,16958,40669,
2020-06-20,,,3,1,5,156,150,163,531,160,966,7033,2580,12129,28367,17119,41635,
2020-06-21,,,3,1,5,159,151,167,540,159,990,7164,2557,12456,28906,17278,42624,
2020-06-22,,,3,1,5,162,153,171,548,156,1013,7296,2533,12788,29454,17435,43637,
2020-06-23,,,3,1,5,164,154,176,556,154,1035,7427,2509,13122,30010,17590,44671,
2020-06-24,,,3,1,5,167,156,180,564,152,1057,7559,2484,13458,30574,17743,45728,
2020-06-25,,,3,1,5,170,157,184,572,150,1078,7690,2459,13795,31146,17893,46805,
2020-06-26,,,3,1,5,173,158,189,580,148,1099,7819,2432,14132,31726,18042,47903,
2020-06-27,,,3,1,5,176,160,194,588,146,1118,7948,2404,14466,32314,18188,49021,
2020-06-28,,,3,1,5,179,161,199,595,143,1139,8075,2376,14800,32909,18332,50159,
2020-06-29,,,3,1,5,182,162,203,602,141,1159,8199,2346,15131,33511,18473,51318,
2020-06-30,,,3,1,6,185,164,208,609,139,1183,8321,2315,15462,34121,18612,52501,
2020-07-01,,,3,1,6,188,165,214,616,136,1207,8442,2284,15795,34737,18749,53707,
2020-07-02,,,3,1,6,191,166,219,623,134,1229,8560,2252,16128,35360,18884,54936,
2020-07-03,,,3,1,6,194,167,224,629,132,1251,8676,2220,16459,35989,19016,56186,
2020-07-04,,,3,1,6,198,169,230,635,129,1271,8789,2187,16788,36624,19146,57457,
2020-07-05,,,3,1,6,201,170,236,641,127,1291,8899,2153,17113,37266,19273,58748,
2020-07-06,,,3,1,6,204,171,242,647,124,1311,9006,2119,17435,37913,19398,60058,
2020-07-07,,,3,1,7,208,172,248,652,122,1330,9111,2085,17752,38565,19521,61388,
2020-07-08,,,4,1,7,211,173,254,658,120,1351,9212,2050,18068,39222,19641,62739,
2020-07-09,,,4,1,7,215,175,260,662,118,1372,9311,2016,18384,39885,19759,64111,
2020-07-10,,,4,1,7,219,176,267,667,115,1393,9406,1981,18700,40552,19875,65504,
2020-07-11,,,4,1,7,222,177,274,671,113,1411,9497,1946,19012,41223,19988,66914,
2020-07-12,,,4,1,7,226,178,281,676,111,1428,9585,1912,19322,41899,20100,68342,
2020-07-13,,,4,1,8,230,179,288,679,109,1449,9670,1877,19632,42579,20209,69791,
2020-07-14,,,4,1,8,234,180,295,683,107,1467,9750,1843,19940,43262,20317,71258,
2020-07-15,,,4,1,8,238,181,302,687,105,1489,9827,1810,20246,43948,20423,72746,
2020-07-16,,,4,1,8,242,183,310,690,104,1508,9901,1777,20547,44638,20527,74254,
2020-07-17,,,4,1,8,246,184,318,693,102,1525,9971,1745,20844,45330,20629,75779,
2020-07-18,,,4,1,8,250,185,325,695,100,1542,10037,1714,21135,46026,20730,77321,
2020-07-19,,,4,1,8,254,186,333,698,98,1559,10099,1683,21423,46723,20829,78879,
2020-07-20,,,4,1,9,258,187,342,700,97,1576,10158,1653,21707,47423,20926,80455,
2020-07-21,,,4,1,9,263,188,350,702,95,1591,10213,1623,21987,48125,21022,82045,
2020-07-22,,,4,0,9,267,189,358,704,93,1607,10265,1594,22263,48829,21115,83651,
2020-07-23,,,4,0,9,272,190,367,706,92,1623,10313,1566,22535,49535,21207,85274,
2020-07-24,,,4,0,9,276,191,376,707,90,1640,10357,1538,22802,50242,21298,86913,
2020-07-25,,,4,0,9,280,192,385,708,88,1655,10399,1511,23064,50951,21386,88567,
2020-07-26,,,5,0,10,285,192,394,710,87,1670,10437,1485,23323,51660,21473,90237,
2020-07-27,,,5,0,10,290,193,403,711,85,1684,10472,1458,23579,52371,21559,91920,
2020-07-28,,,5,0,10,294,194,412,711,83,1697,10504,1432,23827,53082,21642,93617,
2020-07-29,,,5,0,10,299,195,422,712,81,1710,10532,1406,24070,53794,21724,95327,
2020-07-30,,,5,0,10,303,196,431,712,79,1722,10558,1380,24302,54506,21803,97048,
2020-07-31,,,5,0,10,308,197,441,713,77,1733,10581,1354,24528,55219,21881,98781,
2020-08-01,,,5,0,10,313,198,451,713,76,1745,10601,1327,24747,55932,21957,100526,
2020-08-02,,,5,0,11,318,198,461,713,74,1757,10619,1301,24962,56645,22032,102282,
2020-08-03,,,5,0,11,323,199,471,713,72,1768,10634,1275,25170,57357,22105,104049,
2020-08-04,,,5,0,11,327,200,482,712,71,1778,10646,1249,25373,58070,22176,105827,
2020-08-05,,,5,0,11,332,201,492,712,69,1788,10656,1223,25570,58781,22245,107615,
2020-08-06,,,5,0,11,337,202,503,711,68,1797,10663,1197,25761,59493,22313,109411,
2020-08-07,,,5,0,11,342,202,513,711,66,1805,10668,1172,25943,60203,22380,111216,
2020-08-08,,,5,0,11,347,203,524,710,65,1819,10671,1147,26122,60913,22445,113034,
2020-08-09,,,5,0,11,352,204,535,709,63,1832,10672,1122,26299,61622,22509,114866,
2020-08-10,,,5,0,12,357,204,546,708,62,1845,10670,1097,26474,62330,22571,116711,
2020-08-11,,,5,0,12,362,205,558,707,61,1857,10666,1073,26647,63037,22632,118567,
2020-08-12,,,5,0,12,367,206,569,706,59,1868,10661,1049,26818,63743,22692,120434,
2020-08-13,,,5,0,12,372,206,580,704,58,1882,10653,1026,26990,64447,22750,122316,
2020-08-14,,,5,0,12,377,207,592,703,56,1892,10644,1003,27160,65150,22807,124208,
2020-08-15,,,5,0,12,382,208,604,702,55,1902,10633,981,27328,65852,22863,126109,
2020-08-16,,,5,0,12,387,208,615,700,54,1911,10620,959,27494,66552,22917,128019,
2020-08-17,,,5,0,12,392,209,627,699,53,1918,10606,938,27656,67251,22970,129937,
2020-08-18,,,5,0,12,397,210,639,697,51,1925,10590,917,27813,67948,23022,131862,
2020-08-19,,,5,0,13,402,210,651,695,50,1933,10573,896,27967,68643,23073,133794,
2020-08-20,,,5,0,13,407,211,664,693,49,1949,10555,877,28128,69336,23123,135743,
2020-08-21,,,5,0,13,412,211,676,691,48,1960,10535,858,28291,70027,23172,137702,
2020-08-22,,,5,0,13,417,212,688,689,48,1970,10513,839,28456,70717,23220,139671,
2020-08-23,,,5,0,13,422,212,701,687,47,1979,10491,821,28616,71404,23267,141650,
2020-08-24,,,5,0,13,428,213,713,685,46,1987,10467,804,28771,72089,23313,143637,
2020-08-25,,,5,0,13,433,214,726,683,45,1995,10442,787,28921,72772,23359,145631,
2020-08-26,,,5,0,13,438,214,738,681,45,2002,10416,771,29066,73453,23404,147633,
2020-08-27,,,5,0,13,443,215,751,679,44,2008,10389,756,29207,74132,23448,149641,
2020-08-28,,,5,0,13,448,215,764,676,43,2014,10361,742,29338,74808,23492,151654,
2020-08-29,,,5,0,13,453,215,777,674,43,2019,10332,728,29465,75482,23536,153672,
2020-08-30,,,5,0,13,458,216,790,672,42,2013,10302,715,29577,76154,23578,155685,
2020-08-31,,,5,0,14,463,216,803,669,41,2006,10271,703,29672,76823,23620,157691,
2020-09-01,,,5,0,14,468,217,816,667,41,1999,10240,691,29753,77490,23662,159689,
2020-09-02,,,5,0,14,473,217,829,664,40,1990,10207,680,29818,78155,23703,161679,
2020-09-03,,,5,0,14,478,218,842,662,40,1981,10174,670,29866,78816,23743,163660,
2020-09-04,,,5,0,14,483,218,856,659,39,1973,10140,660,29891,79476,23783,165633,
2020-09-05,,,5,0,14,488,219,869,657,39,1970,10105,650,29900,80132,23822,167602,
2020-09-06,,,5,0,14,493,219,883,654,39,1965,10070,641,29896,80787,23862,169566,
2020-09-07,,,5,0,14,498,219,896,651,38,1960,10034,633,29877,81438,23900,171526,
2020-09-08,,,5,0,14,503,220,910,649,38,1955,9998,625,29844,82087,23938,173481,
2020-09-09,,,5,0,14,508,220,924,646,37,1949,9961,617,29798,82733,23976,175429,
2020-09-10,,,5,0,14,513,220,938,643,37,1943,9923,609,29740,83377,24014,177372,
2020-09-11,,,5,0,14,518,221,951,641,37,1937,9885,602,29668,84017,24051,179308,
2020-09-12,,,5,0,14,523,221,965,638,36,1930,9847,595,29584,84655,24087,181238,
2020-09-13,,,5,0,15,528,221,979,635,36,1922,9808,588,29488,85291,24124,183160,
2020-09-14,,,5,0,15,533,222,994,633,35,1915,9769,581,29389,85923,24160,185074,
2020-09-15,,,5,0,15,538,222,1008,630,35,1906,9730,575,29288,86553,24195,186979,
2020-09-16,,,5,0,15,542,222,1022,627,35,1894,9690,568,29184,87180,24231,188873,
2020-09-17,,,5,0,15,547,223,1036,624,35,1883,9650,563,29076,87804,24266,190755,
2020-09-18,,,5,0,15,552,223,1050,621,34,1872,9609,557,28966,88426,24300,192626,
2020-09-19,,,5,0,15,557,223,1065,619,34,1860,9569,551,28853,89045,24335,194486,
2020-09-20,,,5,0,15,562,224,1079,616,34,1849,9528,546,28732,89661,24369,196334,
2020-09-21,,,5,0,15,566,224,1093,613,33,1837,9487,541,28604,90274,24403,198170,
2020-09-22,,,5,0,15,571,224,1108,610,33,1826,9446,536,28470,90884,24437,199996,
2020-09-23,,,5,0,15,576,225,1122,607,33,1814,9404,531,28329,91491,24470,201809,
2020-09-24,,,5,0,15,581,225,1136,605,33,1803,9363,526,28183,92096,24503,203611,
2020-09-25,,,5,0,15,585,225,1150,602,32,1791,9321,522,28030,92697,24536,205402,
2020-09-26,,,5,0,15,590,225,1164,599,32,1779,9279,517,27873,93296,24569,207180,
2020-09-27,,,5,0,15,595,226,1178,596,32,1768,9237,513,27710,93892,24601,208948,
2020-09-28,,,5,0,14,599,226,1192,593,32,1756,9195,509,27544,94485,24633,210703,
2020-09-29,,,5,0,14,604,226,1206,590,32,1744,9152,505,27373,95076,24665,212447,
2020-09-30,,,5,0,14,609,227,1220,587,31,1733,9110,501,27200,95663,24697,214179,
2020-10-01,,,5,0,14,613,227,1234,584,31,1721,9067,498,27027,96247,24729,215899,
