date,actual_deaths,total_deaths,predicted_deaths_mean,predicted_deaths_lower,predicted_deaths_upper,predicted_total_deaths_mean,predicted_total_deaths_lower,predicted_total_deaths_upper,predicted_new_infected_mean,predicted_new_infected_lower,predicted_new_infected_upper,predicted_current_infected_mean,predicted_current_infected_lower,predicted_current_infected_upper,predicted_total_infected_mean,predicted_total_infected_lower,predicted_total_infected_upper,r_values_mean
2020-02-24,,,,,,,,,34,25,40,34,25,40,34,25,40,1.43157894737
2020-02-25,,,,,,,,,34,25,40,67,50,80,67,50,80,1.42594995384
2020-02-26,,,,,,,,,34,25,40,101,75,120,101,75,120,1.42470842974
2020-02-27,,,,,,,,,34,25,40,134,100,160,134,100,160,1.42319409279
2020-02-28,,,,,,,,,34,25,40,168,125,200,168,125,200,1.42134734808
2020-02-29,,,,,,,,,34,25,40,202,150,240,202,150,240,1.41909564985
2020-03-01,,,,,,,,,34,25,40,235,175,280,235,175,280,1.4163506499
2020-03-02,,,,,,,,,34,25,40,269,200,320,269,200,320,1.41300466171
2020-03-03,,,,,,,,,34,25,40,302,225,360,302,225,360,1.40892624132
2020-03-04,,,,,,,,,80,54,110,382,279,470,382,279,470,1.40365988942
2020-03-05,,,,,,,,,79,54,109,461,333,579,461,333,579,1.39756263958
2020-03-06,,,,,,,,,82,55,114,543,389,692,543,389,692,1.39008199008
2020-03-07,,,,,,,,,87,58,124,630,448,816,630,448,816,1.38097422127
2020-03-08,,,,,,,,,99,65,145,729,513,960,729,513,960,1.36987317364
2020-03-09,,,,,,,,,118,75,176,847,588,1136,847,588,1136,1.35633913021
2020-03-10,,,,,,,,,131,82,197,944,645,1293,978,670,1333,1.33985639949
2020-03-11,,,,,,,,,140,87,212,1051,707,1464,1118,757,1544,1.31985970162
2020-03-12,,,,,,,,,150,92,227,1167,774,1651,1268,849,1771,1.29580582028
2020-03-13,,,,,,,,,161,97,243,1295,847,1854,1429,947,2014,1.26726163228
2020-03-14,,,,,,,,,173,102,261,1434,925,2074,1602,1050,2274,1.23403618758
2020-03-15,,,,,,,,,183,106,271,1583,1007,2304,1785,1157,2544,1.19630090768
2020-03-16,,,,,,,,,190,109,278,1740,1091,2541,1975,1266,2821,1.15462305728
2020-03-17,,,,,,,,,196,113,276,1902,1179,2777,2171,1379,3097,1.10989532184
2020-03-18,,,,,,,,,199,117,279,2067,1271,3015,2370,1496,3375,1.06318565771
2020-03-19,2,2,,,,,,,201,119,285,2189,1336,3190,2571,1616,3660,1.01558730546
2020-03-20,0,2,,,,,,,202,119,284,2312,1401,3365,2773,1735,3943,0.968122514707
2020-03-21,0,2,,,,,,,200,120,283,2430,1466,3534,2972,1856,4226,0.921708323607
2020-03-22,0,2,,,,,,,196,120,283,2539,1528,3693,3169,1976,4508,0.877161682145
2020-03-23,3,5,,,,,,,191,117,283,2631,1581,3831,3360,2094,4790,0.835210655148
2020-03-24,2,7,,,,,,,185,114,279,2698,1620,3934,3545,2209,5069,0.796488470768
2020-03-25,1,8,,,,,,,178,110,267,2745,1649,4003,3723,2319,5336,0.761501133803
2020-03-26,1,9,,,,,,,170,107,257,2775,1670,4049,3893,2427,5592,0.73057521124
2020-03-27,1,10,,,,,,,162,104,245,2787,1682,4066,4055,2532,5837,0.70381081076
2020-03-28,2,12,,,,,,,154,101,231,2781,1686,4054,4210,2633,6067,0.681072032441
2020-03-29,0,12,,,,,,,146,97,217,2754,1681,4011,4356,2731,6284,0.662029775418
2020-03-30,0,12,,,,,,,139,94,204,2710,1669,3944,4495,2826,6487,0.64623995182
2020-03-31,1,13,,,,,,,131,91,193,2651,1650,3860,4626,2917,6680,0.633223572771
2020-04-01,3,16,,,,,,,124,87,181,2580,1625,3764,4751,3004,6860,0.622524440682
2020-04-02,1,17,,,,,,,118,81,168,2499,1589,3653,4869,3086,7028,0.613739058111
2020-04-03,0,17,,,,,,,112,75,156,2409,1545,3524,4980,3161,7183,0.606525479229
2020-04-04,3,20,,,,,,,106,72,147,2314,1499,3386,5086,3234,7329,0.600600415807
2020-04-05,2,22,,,,,,,101,69,138,2215,1447,3242,5187,3303,7467,0.595731571564
2020-04-06,1,23,,,,,,,96,65,131,2114,1392,3090,5283,3369,7597,0.591729083212
2020-04-07,0,23,,,,,,,91,61,124,2014,1336,2932,5374,3431,7721,0.588437741937
2020-04-08,0,23,,,,,,,87,57,119,1916,1279,2771,5461,3488,7839,0.585730481146
2020-04-09,0,23,,,,,,,83,54,114,1822,1223,2617,5544,3543,7953,0.583503103069
2020-04-10,1,24,,,,,,,80,50,111,1731,1165,2471,5624,3593,8063,0.581670050628
2020-04-11,1,25,,,,,,,76,47,108,1645,1109,2334,5700,3641,8171,0.580161013026
2020-04-12,2,27,,,,,,,73,46,106,1563,1053,2209,5773,3687,8276,0.578918184781
2020-04-13,1,28,,,,,,,70,44,103,1487,1000,2095,5843,3731,8378,0.577894037547
2020-04-14,1,29,,,,,,,68,42,98,1416,948,1989,5911,3774,8476,0.577049498375
2020-04-15,0,29,,,,,,,65,41,94,1350,899,1890,5976,3816,8570,0.576352454165
2020-04-16,4,33,,,,,,,63,39,90,1288,851,1799,6039,3855,8659,0.575776520799
2020-04-17,2,35,,,,,,,61,37,86,1231,807,1717,6099,3893,8745,0.575300028812
2020-04-18,3,38,,,,,,,59,35,83,1177,766,1644,6158,3928,8827,0.574905187101
2020-04-19,0,38,,,,,,,57,33,79,1128,727,1576,6214,3961,8905,0.574577393454
2020-04-20,0,38,,,,,,,55,32,76,1082,689,1514,6269,3993,8981,0.574304666349
2020-04-21,2,40,,,,,,,53,30,73,1039,655,1457,6322,4024,9053,0.574077176951
2020-04-22,0,40,,,,,,,51,29,70,999,623,1403,6373,4054,9123,0.57388686392
2020-04-23,3,43,,,,,,,50,28,68,962,594,1352,6423,4083,9191,0.573686478789
2020-04-24,1,44,,,,,,,48,27,65,927,567,1303,6471,4110,9255,0.573510503434
2020-04-25,2,46,,,,,,,47,26,63,894,544,1256,6518,4137,9318,0.573354981074
2020-04-26,0,46,,,,,,,45,25,61,863,522,1208,6563,4163,9378,0.573220896932
2020-04-27,1,47,,,,,,,44,25,59,834,501,1162,6607,4188,9437,0.573110372355
2020-04-28,0,47,,,,,,,43,24,57,807,480,1116,6650,4212,9494,0.573004607794
2020-04-29,0,47,,,,,,,41,23,55,780,460,1073,6691,4235,9548,0.57298372744
2020-04-30,2,49,,,,,,,40,22,53,756,441,1032,6732,4257,9601,0.57296353805
2020-05-01,1,50,,,,,,,39,21,52,732,423,994,6771,4279,9653,0.572944051646
2020-05-02,1,51,,,,,,,38,20,50,709,406,958,6808,4299,9702,0.572925299465
2020-05-03,2,53,,,,,,,37,19,48,687,390,924,6845,4318,9750,0.57290733794
2020-05-04,-1,52,,,,,,,36,18,47,666,375,892,6880,4337,9797,0.572890260179
2020-05-05,0,52,,,,,,,34,17,45,646,361,861,6915,4355,9841,0.572874213203
2020-05-06,0,52,,,,,,,33,17,44,626,347,832,6948,4372,9885,0.572859423714
2020-05-07,1,53,,,,,,,32,16,42,607,333,804,6981,4388,9927,0.572846236751
2020-05-08,0,53,,,,,,,31,15,41,589,320,777,7012,4404,9967,0.572835173177
2020-05-09,0,53,,,,,,,30,15,40,571,308,752,7042,4419,10006,0.572827015418
2020-05-10,0,53,,,,,,,29,14,38,553,295,727,7071,4433,10044,0.572822935455
2020-05-11,0,53,,,,,,,28,13,37,536,284,703,7099,4447,10081,0.572824685571
2020-05-12,0,53,,,,,,,27,13,36,519,272,680,7127,4460,10116,0.572834882618
2020-05-13,0,53,,,,,,,26,12,34,503,261,657,7153,4473,10150,0.57285743119
2020-05-14,0,53,,,,,,,25,12,33,487,250,635,7178,4486,10183,0.572898152906
2020-05-15,0,53,,,,,,,24,11,32,471,239,614,7202,4497,10214,0.572965720713
2020-05-16,0,53,,,,,,,23,11,31,455,230,593,7226,4509,10245,0.573073042741
2020-05-17,1,54,,,,,,,22,10,30,440,220,572,7248,4520,10274,0.573239304652
2020-05-18,0,54,,,,,,,21,10,29,424,211,552,7269,4530,10302,0.57349296759
2020-05-19,0,54,,,,,,,20,9,27,409,202,533,7290,4540,10329,0.573876132837
2020-05-20,0,54,,,,,,,20,9,26,394,194,514,7309,4549,10355,0.574450816924
2020-05-21,0,54,,,,,,,19,8,25,380,186,496,7328,4558,10380,0.575307798975
2020-05-22,0,54,,,,,,,18,8,24,365,177,477,7346,4566,10404,0.576578713197
2020-05-23,0,54,,,,,,,17,7,23,351,170,460,7363,4574,10426,0.57845174752
2020-05-24,0,54,,,,,,,16,7,22,337,162,442,7379,4581,10448,0.581190231735
2020-05-25,0,54,,,,,,,15,6,22,323,154,425,7394,4588,10469,0.585150774386
2020-05-26,0,54,,,,,,,15,6,21,309,147,409,7409,4594,10490,0.59079237711
2020-05-27,0,54,,,,,,,14,6,21,296,140,394,7423,4601,10510,0.598659523899
2020-05-28,1,55,,,,,,,14,6,20,284,133,380,7437,4607,10529,0.609312950286
2020-05-29,0,55,,,,,,,14,6,20,273,127,367,7451,4613,10549,0.623182317902
2020-05-30,0,55,,,,,,,14,6,20,262,121,354,7464,4619,10568,0.640342194603
2020-05-31,0,55,,,,,,,14,6,20,252,116,344,7478,4625,10588,0.660285367847
2020-06-01,0,55,,,,,,,14,6,20,243,111,334,7491,4631,10608,0.681845609061
2020-06-02,0,55,,,,,,,14,6,21,236,107,326,7505,4637,10628,0.698106784755
2020-06-03,0,55,,,,,,,14,6,21,229,103,320,7518,4643,10648,0.713661970652
2020-06-04,0,55,,,,,,,14,6,21,223,100,315,7532,4649,10669,0.727922927613
2020-06-05,0,55,,,,,,,14,6,22,218,97,311,7546,4655,10691,0.740496888393
2020-06-06,0,55,,,,,,,14,6,22,214,95,309,7560,4662,10712,0.751207379978
2020-06-07,0,55,,,,,,,14,6,23,211,94,309,7574,4668,10735,0.760065444311
2020-06-08,0,55,,,,,,,14,6,23,209,92,310,7588,4674,10758,0.767214268072
2020-06-09,0,55,,,,,,,14,6,24,209,92,312,7602,4680,10781,0.772870265732
2020-06-10,0,55,,,,,,,14,6,24,208,91,315,7617,4686,10805,0.777275025606
2020-06-11,0,55,,,,,,,15,6,25,209,91,320,7631,4693,10829,0.780663043082
2020-06-12,0,55,,,,,,,15,6,25,209,91,325,7646,4699,10854,0.783243921351
2020-06-13,0,55,,,,,,,15,6,26,211,91,331,7661,4705,10879,0.785195188084
2020-06-14,0,55,,,,,,,15,6,27,212,92,338,7676,4712,10906,0.786661734955
2020-06-15,0,55,,,,,,,15,6,27,214,92,345,7692,4718,10933,0.787758755451
2020-06-16,,,0,0,1,55,55,56,15,6,28,216,93,353,7707,4725,10960,
2020-06-17,,,0,0,1,55,55,56,16,6,29,218,93,361,7723,4731,10988,
2020-06-18,,,0,0,1,55,55,56,16,6,29,220,94,369,7738,4738,11017,
2020-06-19,,,0,0,1,55,55,56,16,6,30,222,94,378,7754,4744,11047,
2020-06-20,,,0,0,1,55,55,56,16,6,31,224,95,387,7770,4751,11077,
2020-06-21,,,0,0,1,55,55,56,16,6,31,227,96,396,7787,4758,11108,
2020-06-22,,,0,0,1,56,55,56,16,6,32,229,96,405,7803,4764,11139,
2020-06-23,,,0,0,1,56,55,56,16,6,33,231,97,415,7819,4771,11172,
2020-06-24,,,0,0,1,56,55,57,17,6,33,234,98,424,7836,4778,11205,
2020-06-25,,,0,0,1,56,55,57,17,6,34,236,98,434,7853,4785,11238,
2020-06-26,,,0,0,1,56,55,57,17,6,35,238,99,444,7870,4792,11273,
2020-06-27,,,0,0,1,56,55,57,17,6,36,240,99,454,7887,4799,11308,
2020-06-28,,,0,0,1,56,55,57,17,6,36,242,100,464,7904,4806,11343,
2020-06-29,,,0,0,1,56,55,57,17,6,37,245,101,474,7921,4813,11380,
2020-06-30,,,0,0,1,56,55,57,17,7,38,247,101,485,7938,4820,11417,
2020-07-01,,,0,0,1,56,55,58,18,7,38,249,102,495,7956,4827,11455,
2020-07-02,,,0,0,1,57,55,58,18,7,39,251,102,505,7974,4834,11493,
2020-07-03,,,0,0,1,57,55,58,18,7,40,253,103,515,7991,4841,11532,
2020-07-04,,,0,0,1,57,55,58,18,7,40,255,103,526,8009,4848,11572,
2020-07-05,,,0,0,1,57,55,58,18,7,41,257,104,536,8027,4855,11612,
2020-07-06,,,0,0,1,57,55,59,18,7,41,258,104,546,8045,4862,11653,
2020-07-07,,,0,0,1,57,55,59,18,7,42,260,104,556,8063,4869,11695,
2020-07-08,,,0,0,1,57,55,59,18,6,43,261,104,565,8081,4876,11737,
2020-07-09,,,0,0,1,57,55,59,18,6,43,263,104,575,8099,4883,11779,
2020-07-10,,,0,0,1,57,56,59,18,6,44,264,104,585,8117,4890,11822,
2020-07-11,,,0,0,1,58,56,60,18,6,44,265,104,594,8135,4897,11866,
2020-07-12,,,0,0,1,58,56,60,18,6,45,267,104,604,8153,4904,11911,
2020-07-13,,,0,0,1,58,56,60,18,6,45,268,104,613,8171,4911,11956,
2020-07-14,,,0,0,1,58,56,60,18,6,46,268,104,622,8189,4918,12001,
2020-07-15,,,0,0,1,58,56,60,18,6,46,269,104,630,8208,4924,12047,
2020-07-16,,,0,0,1,58,56,61,18,6,47,270,104,639,8226,4931,12093,
2020-07-17,,,0,0,1,58,56,61,18,6,47,270,104,647,8244,4938,12140,
2020-07-18,,,0,0,1,58,56,61,18,6,48,271,103,655,8262,4945,12187,
2020-07-19,,,0,0,1,58,56,61,18,6,48,271,103,663,8280,4951,12234,
2020-07-20,,,0,0,1,59,56,62,18,6,48,271,103,670,8298,4958,12282,
2020-07-21,,,0,0,1,59,56,62,18,6,49,271,102,678,8316,4965,12330,
2020-07-22,,,0,0,1,59,56,62,18,6,49,271,102,685,8334,4971,12379,
2020-07-23,,,0,0,1,59,56,62,18,6,49,271,102,692,8352,4978,12428,
2020-07-24,,,0,0,1,59,56,63,18,6,50,271,101,698,8369,4985,12477,
2020-07-25,,,0,0,1,59,56,63,18,6,50,270,101,705,8387,4991,12527,
2020-07-26,,,0,0,1,59,56,63,18,6,50,270,100,711,8405,4998,12577,
2020-07-27,,,0,0,1,59,56,64,18,6,51,269,100,716,8422,5004,12627,
2020-07-28,,,0,0,1,60,56,64,18,6,51,269,100,722,8440,5011,12677,
2020-07-29,,,0,0,1,60,56,64,17,6,51,268,99,727,8457,5017,12727,
2020-07-30,,,0,0,1,60,57,64,17,6,51,267,99,732,8475,5024,12778,
2020-07-31,,,0,0,1,60,57,65,17,6,51,267,98,737,8492,5030,12829,
2020-08-01,,,0,0,1,60,57,65,17,6,51,266,98,741,8509,5036,12880,
2020-08-02,,,0,0,1,60,57,65,17,6,52,265,97,745,8527,5043,12931,
2020-08-03,,,0,0,1,60,57,66,17,6,52,264,97,748,8544,5049,12982,
2020-08-04,,,0,0,1,60,57,66,17,6,52,263,96,752,8561,5055,13033,
2020-08-05,,,0,0,1,61,57,66,17,6,52,262,96,755,8578,5061,13085,
2020-08-06,,,0,0,1,61,57,67,17,6,52,261,96,757,8595,5068,13136,
2020-08-07,,,0,0,1,61,57,67,17,6,52,260,95,760,8611,5074,13187,
2020-08-08,,,0,0,1,61,57,67,17,6,52,259,95,762,8628,5080,13238,
2020-08-09,,,0,0,1,61,57,68,17,6,52,258,95,764,8645,5086,13290,
2020-08-10,,,0,0,1,61,57,68,17,6,52,257,94,765,8661,5092,13341,
2020-08-11,,,0,0,1,61,57,68,17,6,52,255,94,766,8678,5099,13392,
2020-08-12,,,0,0,1,62,57,69,16,6,52,254,94,767,8694,5105,13443,
2020-08-13,,,0,0,1,62,57,69,16,6,51,253,93,767,8711,5111,13494,
2020-08-14,,,0,0,1,62,57,69,16,6,51,252,93,767,8727,5117,13545,
2020-08-15,,,0,0,1,62,57,70,16,6,51,251,93,767,8743,5123,13596,
2020-08-16,,,0,0,1,62,57,70,16,6,51,250,93,767,8759,5129,13646,
2020-08-17,,,0,0,1,62,57,70,16,6,51,249,92,766,8776,5135,13696,
2020-08-18,,,0,0,1,62,57,71,16,6,51,248,92,765,8792,5142,13746,
2020-08-19,,,0,0,1,62,57,71,16,6,50,247,92,763,8808,5148,13796,
2020-08-20,,,0,0,1,63,58,72,16,6,50,246,92,762,8824,5154,13846,
2020-08-21,,,0,0,1,63,58,72,16,6,50,245,92,760,8839,5160,13895,
2020-08-22,,,0,0,1,63,58,72,16,6,50,244,92,758,8855,5166,13944,
2020-08-23,,,0,0,1,63,58,73,16,6,49,243,92,755,8871,5172,13993,
2020-08-24,,,0,0,1,63,58,73,16,6,49,242,91,753,8887,5178,14042,
2020-08-25,,,0,0,1,63,58,73,16,6,49,241,91,750,8903,5184,14090,
2020-08-26,,,0,0,1,63,58,74,16,6,49,240,91,747,8918,5190,14139,
2020-08-27,,,0,0,1,63,58,74,16,6,49,239,91,744,8934,5197,14187,
2020-08-28,,,0,0,1,64,58,74,16,6,48,239,91,741,8949,5203,14234,
2020-08-29,,,0,0,1,64,58,75,15,6,48,238,91,738,8965,5209,14282,
2020-08-30,,,0,0,1,64,58,75,15,6,48,237,91,734,8980,5215,14329,
2020-08-31,,,0,0,1,64,58,76,15,6,48,236,91,731,8996,5221,14377,
2020-09-01,,,0,0,1,64,58,76,15,6,47,235,91,728,9011,5227,14424,
2020-09-02,,,0,0,1,64,58,76,15,6,47,235,91,724,9026,5233,14470,
2020-09-03,,,0,0,1,64,58,77,15,6,47,234,91,721,9042,5239,14517,
2020-09-04,,,0,0,1,64,58,77,15,6,47,233,91,718,9057,5245,14563,
2020-09-05,,,0,0,1,64,58,77,15,6,47,233,91,714,9072,5251,14609,
2020-09-06,,,0,0,1,65,58,78,15,6,46,232,91,711,9087,5257,14655,
2020-09-07,,,0,0,1,65,58,78,15,6,46,231,91,708,9102,5263,14701,
2020-09-08,,,0,0,1,65,58,78,15,6,46,231,91,705,9117,5270,14747,
2020-09-09,,,0,0,1,65,58,79,15,6,46,230,91,702,9133,5276,14792,
2020-09-10,,,0,0,1,65,58,79,15,6,46,229,91,699,9148,5282,14837,
2020-09-11,,,0,0,1,65,59,79,15,6,46,229,91,696,9163,5288,14882,
2020-09-12,,,0,0,1,65,59,80,15,6,45,228,91,693,9178,5294,14927,
2020-09-13,,,0,0,1,65,59,80,15,6,45,228,91,690,9193,5300,14972,
2020-09-14,,,0,0,1,65,59,81,15,6,45,227,91,687,9207,5306,15016,
2020-09-15,,,0,0,1,66,59,81,15,6,45,227,91,685,9222,5312,15061,
2020-09-16,,,0,0,1,66,59,81,15,6,45,226,90,682,9237,5318,15105,
2020-09-17,,,0,0,1,66,59,82,15,6,45,226,90,679,9252,5324,15149,
2020-09-18,,,0,0,1,66,59,82,15,5,44,225,90,676,9267,5330,15193,
2020-09-19,,,0,0,1,66,59,82,15,5,44,225,90,674,9282,5336,15236,
2020-09-20,,,0,0,1,66,59,83,15,5,44,224,90,671,9296,5342,15280,
2020-09-21,,,0,0,1,66,59,83,15,5,44,224,90,668,9311,5348,15323,
2020-09-22,,,0,0,1,66,59,83,15,5,44,224,90,666,9326,5354,15366,
2020-09-23,,,0,0,1,66,59,84,15,5,44,223,90,663,9341,5360,15410,
2020-09-24,,,0,0,1,67,59,84,15,5,43,223,90,661,9355,5366,15452,
2020-09-25,,,0,0,1,67,59,84,15,5,43,222,89,658,9370,5372,15495,
2020-09-26,,,0,0,1,67,59,85,15,5,43,222,89,656,9385,5377,15538,
2020-09-27,,,0,0,1,67,59,85,15,5,43,222,89,654,9399,5383,15580,
2020-09-28,,,0,0,1,67,59,85,15,5,43,221,89,651,9414,5389,15623,
2020-09-29,,,0,0,1,67,59,86,15,5,43,221,89,649,9429,5395,15665,
2020-09-30,,,0,0,1,67,59,86,15,5,43,221,89,647,9443,5401,15707,
2020-10-01,,,0,0,1,67,59,86,15,5,42,220,88,644,9458,5407,15749,
