date,actual_deaths,total_deaths,predicted_deaths_mean,predicted_deaths_lower,predicted_deaths_upper,predicted_total_deaths_mean,predicted_total_deaths_lower,predicted_total_deaths_upper,predicted_new_infected_mean,predicted_new_infected_lower,predicted_new_infected_upper,predicted_current_infected_mean,predicted_current_infected_lower,predicted_current_infected_upper,predicted_total_infected_mean,predicted_total_infected_lower,predicted_total_infected_upper,r_values_mean
2020-03-06,,,,,,,,,31,10,40,31,10,40,31,10,40,1.56315789474
2020-03-07,,,,,,,,,31,10,40,63,20,80,63,20,80,1.55948038647
2020-03-08,,,,,,,,,31,10,40,94,30,120,94,30,120,1.5586557408
2020-03-09,,,,,,,,,31,10,40,125,40,160,125,40,160,1.55764320195
2020-03-10,,,,,,,,,31,10,40,157,50,200,157,50,200,1.5563984227
2020-03-11,,,,,,,,,31,10,40,188,60,240,188,60,240,1.55486579607
2020-03-12,,,,,,,,,31,10,40,219,70,280,219,70,280,1.55297520262
2020-03-13,,,,,,,,,31,10,40,251,80,320,251,80,320,1.55063764931
2020-03-14,,,,,,,,,31,10,40,282,90,360,282,90,360,1.54773938194
2020-03-15,,,,,,,,,78,29,112,360,119,472,360,119,472,1.54403015707
2020-03-16,,,,,,,,,77,29,111,437,149,583,437,149,583,1.53951500511
2020-03-17,,,,,,,,,80,31,117,517,181,699,517,181,699,1.53383569801
2020-03-18,,,,,,,,,87,35,128,604,217,827,604,217,827,1.52669035716
2020-03-19,,,,,,,,,100,43,152,705,260,979,705,260,979,1.517660388
2020-03-20,,,,,,,,,121,56,188,826,317,1166,826,317,1166,1.50621433157
2020-03-21,,,,,,,,,137,66,214,931,373,1340,963,383,1380,1.491699619
2020-03-22,,,,,,,,,149,75,233,1049,438,1532,1111,458,1612,1.47336618956
2020-03-23,,,,,,,,,162,86,252,1179,515,1743,1273,545,1863,1.45044504892
2020-03-24,,,,,,,,,176,100,273,1324,606,1976,1449,646,2136,1.42228017046
2020-03-25,,,,,,,,,193,113,311,1485,710,2246,1642,760,2446,1.38851451089
2020-03-26,,,,,,,,,207,122,342,1661,822,2548,1849,882,2788,1.34926123538
2020-03-27,,,,,,,,,219,130,363,1849,942,2870,2069,1012,3150,1.30516678172
2020-03-28,,,,,,,,,229,138,372,2047,1070,3202,2298,1150,3522,1.25732770471
2020-03-29,,,,,,,,,237,146,375,2253,1206,3536,2535,1296,3896,1.20710092021
2020-03-30,1,1,,,,,,,244,154,372,2419,1330,3796,2779,1450,4268,1.15590655938
2020-03-31,0,1,,,,,,,249,160,371,2591,1461,4056,3028,1611,4638,1.10509528682
2020-04-01,0,1,,,,,,,251,166,366,2761,1596,4305,3279,1777,5004,1.05588954859
2020-04-02,1,2,,,,,,,251,169,363,2926,1730,4540,3530,1947,5367,1.00936378212
2020-04-03,0,2,,,,,,,250,171,356,3075,1858,4744,3780,2119,5722,0.966424649132
2020-04-04,0,2,,,,,,,247,170,344,3201,1972,4899,4027,2290,6065,0.927777299576
2020-04-05,1,3,,,,,,,243,171,333,3307,2077,5018,4270,2461,6398,0.89388376248
2020-04-06,1,4,,,,,,,238,169,324,3396,2171,5110,4507,2630,6721,0.864926506115
2020-04-07,0,4,,,,,,,232,167,314,3467,2251,5172,4740,2797,7035,0.84079574232
2020-04-08,0,4,,,,,,,226,164,302,3517,2315,5201,4966,2961,7337,0.821120516882
2020-04-09,1,5,,,,,,,220,161,292,3545,2362,5183,5187,3123,7629,0.805347418546
2020-04-10,0,5,,,,,,,214,157,282,3552,2398,5123,5401,3280,7910,0.792843324061
2020-04-11,0,5,,,,,,,208,153,271,3540,2422,5031,5608,3434,8181,0.782986919947
2020-04-12,1,6,,,,,,,202,149,260,3512,2433,4919,5810,3584,8440,0.775226916329
2020-04-13,2,8,,,,,,,195,145,249,3470,2432,4793,6005,3729,8689,0.769105658127
2020-04-14,1,9,,,,,,,189,140,243,3415,2419,4664,6194,3870,8931,0.762541893269
2020-04-15,1,10,,,,,,,183,136,233,3350,2395,4526,6377,4007,9164,0.757346804781
2020-04-16,2,12,,,,,,,177,132,222,3275,2362,4382,6554,4140,9385,0.753049576467
2020-04-17,4,16,,,,,,,171,128,216,3195,2321,4235,6725,4269,9601,0.749955289763
2020-04-18,0,16,,,,,,,166,124,211,3111,2274,4090,6891,4393,9811,0.746991089077
2020-04-19,2,18,,,,,,,160,120,204,3025,2223,3950,7051,4513,10014,0.74477549851
2020-04-20,6,24,,,,,,,155,116,199,2937,2168,3816,7207,4629,10213,0.74494261488
2020-04-21,2,26,,,,,,,151,112,194,2850,2112,3686,7358,4742,10406,0.74520914268
2020-04-22,1,27,,,,,,,146,108,190,2764,2052,3561,7504,4850,10596,0.745622203311
2020-04-23,4,31,,,,,,,142,104,186,2680,1992,3445,7646,4954,10781,0.746250915296
2020-04-24,1,32,,,,,,,138,100,182,2597,1931,3335,7784,5055,10963,0.747195505136
2020-04-25,0,32,,,,,,,134,96,179,2517,1871,3232,7918,5151,11142,0.748599266112
2020-04-26,2,34,,,,,,,131,93,175,2440,1810,3136,8049,5245,11316,0.750662708473
2020-04-27,0,34,,,,,,,127,90,171,2366,1751,3047,8176,5335,11487,0.753657366479
2020-04-28,4,38,,,,,,,124,88,168,2295,1694,2965,8301,5423,11654,0.757932744969
2020-04-29,0,38,,,,,,,122,85,165,2228,1639,2887,8423,5509,11818,0.763903439553
2020-04-30,3,41,,,,,,,120,84,163,2165,1586,2817,8542,5594,11980,0.771996492018
2020-05-01,5,46,,,,,,,118,83,161,2106,1537,2755,8660,5677,12140,0.782538954661
2020-05-02,2,48,,,,,,,117,82,159,2052,1490,2698,8777,5759,12298,0.795587402262
2020-05-03,0,48,,,,,,,116,81,158,2002,1448,2646,8893,5841,12456,0.810755319154
2020-05-04,0,48,,,,,,,116,81,158,1957,1409,2600,9009,5922,12614,0.827154332348
2020-05-05,0,48,,,,,,,115,80,157,1917,1372,2558,9124,6002,12771,0.839517211335
2020-05-06,2,50,,,,,,,115,79,157,1881,1339,2521,9238,6082,12927,0.851342028723
2020-05-07,1,51,,,,,,,114,78,156,1849,1310,2487,9353,6161,13083,0.862180894007
2020-05-08,1,52,,,,,,,114,78,156,1821,1284,2458,9467,6239,13238,0.871734729207
2020-05-09,0,52,,,,,,,114,78,156,1797,1262,2432,9581,6317,13394,0.879869196103
2020-05-10,2,54,,,,,,,114,77,157,1778,1242,2409,9696,6394,13551,0.886592770436
2020-05-11,0,54,,,,,,,114,75,159,1762,1224,2393,9810,6470,13709,0.892014567118
2020-05-12,4,58,,,,,,,115,74,160,1749,1208,2382,9925,6544,13868,0.896299465709
2020-05-13,0,58,,,,,,,115,73,163,1739,1193,2377,10039,6617,14031,0.899631496868
2020-05-14,2,60,,,,,,,115,71,165,1731,1179,2378,10154,6689,14195,0.902189272027
2020-05-15,4,64,,,,,,,114,70,167,1726,1165,2383,10268,6759,14362,0.904132436868
2020-05-16,0,64,,,,,,,114,69,169,1723,1152,2391,10383,6829,14531,0.905596204181
2020-05-17,3,67,,,,,,,114,68,172,1720,1138,2404,10497,6898,14702,0.906690931943
2020-05-18,1,68,,,,,,,114,67,174,1718,1124,2420,10611,6965,14875,0.907504358773
2020-05-19,0,68,,,,,,,114,66,175,1717,1109,2437,10725,7032,15050,0.908104935807
2020-05-20,1,69,,,,,,,114,64,177,1715,1094,2456,10839,7096,15226,0.908545340655
2020-05-21,1,70,,,,,,,113,63,179,1714,1078,2478,10952,7160,15405,0.90886570953
2020-05-22,2,72,,,,,,,113,63,181,1713,1062,2503,11065,7223,15585,0.909096401007
2020-05-23,0,72,,,,,,,113,62,183,1711,1046,2529,11178,7286,15767,0.909260255012
2020-05-24,0,72,,,,,,,112,61,185,1708,1030,2558,11290,7348,15952,0.909374386871
2020-05-25,0,72,,,,,,,112,61,187,1706,1015,2588,11401,7409,16138,0.909451584973
2020-05-26,0,72,,,,,,,111,61,189,1702,1001,2618,11512,7471,16326,0.909501384645
2020-05-27,2,74,,,,,,,110,60,191,1698,987,2649,11623,7531,16517,0.909530885212
2020-05-28,0,74,,,,,,,110,60,193,1693,974,2679,11733,7591,16709,0.909545366937
2020-05-29,0,74,,,,,,,109,59,194,1688,961,2708,11842,7651,16903,0.909548754387
2020-05-30,1,75,,,,,,,108,58,196,1682,949,2736,11950,7709,17098,0.909543963274
2020-05-31,0,75,,,,,,,108,57,198,1675,937,2765,12058,7766,17295,0.909533159446
2020-06-01,1,76,,,,,,,107,55,200,1668,924,2793,12165,7822,17494,0.909517951919
2020-06-02,2,78,,,,,,,106,54,201,1659,911,2820,12271,7877,17695,0.909499536485
2020-06-03,0,78,,,,,,,105,53,202,1650,898,2847,12376,7930,17896,0.90947880239
2020-06-04,1,79,,,,,,,104,51,203,1641,885,2873,12479,7982,18099,0.906977631826
2020-06-05,5,84,,,,,,,103,50,204,1630,871,2899,12582,8032,18303,0.904482835232
2020-06-06,0,84,,,,,,,102,48,205,1619,856,2923,12684,8080,18508,0.901994833889
2020-06-07,0,84,,,,,,,101,47,206,1607,841,2947,12784,8128,18713,0.899513872058
2020-06-08,0,84,,,,,,,99,45,206,1594,826,2968,12884,8174,18919,0.897040057622
2020-06-09,0,84,,,,,,,98,44,207,1581,809,2989,12982,8218,19126,0.894573527152
2020-06-10,1,85,,,,,,,97,43,208,1567,790,3007,13079,8261,19333,0.892114381072
2020-06-11,1,86,,,,,,,96,41,207,1552,771,3024,13175,8303,19540,0.889662693446
2020-06-12,2,88,,,,,,,95,40,207,1537,752,3039,13270,8344,19747,0.887218503558
2020-06-13,0,88,,,,,,,94,39,207,1522,732,3051,13363,8383,19953,0.88478182412
2020-06-14,0,88,,,,,,,92,38,206,1506,712,3062,13456,8421,20159,0.882352662123
2020-06-15,0,88,,,,,,,91,36,206,1489,691,3070,13547,8458,20365,0.879931020207
2020-06-16,,,1,0,2,89,88,90,90,35,206,1472,671,3076,13637,8494,20570,
2020-06-17,,,1,0,2,89,88,91,89,34,205,1455,651,3080,13726,8528,20774,
2020-06-18,,,1,0,2,90,89,92,87,33,204,1437,631,3082,13813,8562,20978,
2020-06-19,,,1,0,2,91,89,93,86,32,203,1420,612,3081,13899,8594,21180,
2020-06-20,,,1,0,2,91,89,94,85,31,202,1402,593,3079,13984,8625,21382,
2020-06-21,,,1,0,2,92,90,95,84,30,202,1384,575,3075,14068,8655,21583,
2020-06-22,,,1,0,2,93,90,96,82,29,201,1366,556,3070,14150,8685,21783,
2020-06-23,,,1,0,2,93,90,98,81,28,200,1347,539,3064,14231,8713,21983,
2020-06-24,,,1,0,2,94,91,99,80,27,200,1329,521,3057,14311,8740,22182,
2020-06-25,,,1,0,2,95,91,100,79,26,199,1310,504,3048,14389,8766,22380,
2020-06-26,,,1,0,2,95,91,102,77,25,198,1292,488,3038,14467,8792,22578,
2020-06-27,,,1,0,2,96,92,103,76,24,197,1273,472,3028,14543,8816,22775,
2020-06-28,,,1,0,2,97,92,105,75,23,197,1254,457,3018,14617,8840,22971,
2020-06-29,,,1,0,2,97,92,106,73,23,196,1235,442,3008,14691,8864,23167,
2020-06-30,,,1,0,2,98,93,108,72,22,196,1216,428,2998,14763,8886,23362,
2020-07-01,,,1,0,2,99,93,109,71,21,195,1197,414,2987,14834,8908,23556,
2020-07-02,,,1,0,2,100,93,110,70,21,194,1178,401,2976,14904,8929,23750,
2020-07-03,,,1,0,2,100,94,112,69,20,193,1159,388,2965,14972,8950,23942,
2020-07-04,,,1,0,2,101,94,113,67,20,191,1141,376,2953,15040,8970,24132,
2020-07-05,,,1,0,2,102,94,115,66,19,189,1122,364,2940,15106,8990,24321,
2020-07-06,,,1,0,2,102,94,116,65,18,188,1103,353,2926,15171,9009,24509,
2020-07-07,,,1,0,2,103,95,118,64,18,186,1085,342,2912,15235,9027,24694,
2020-07-08,,,1,0,2,104,95,119,63,18,185,1067,332,2896,15298,9045,24879,
2020-07-09,,,1,0,2,104,95,121,62,17,183,1049,322,2879,15360,9063,25061,
2020-07-10,,,1,0,2,105,95,122,61,17,181,1031,313,2862,15420,9080,25242,
2020-07-11,,,1,0,2,105,96,124,60,16,180,1013,304,2844,15480,9097,25421,
2020-07-12,,,1,0,2,106,96,125,59,16,178,996,296,2825,15539,9113,25599,
2020-07-13,,,1,0,2,107,96,126,58,15,177,979,287,2805,15596,9128,25775,
2020-07-14,,,1,0,2,107,96,128,57,15,175,962,279,2783,15653,9143,25950,
2020-07-15,,,1,0,2,108,97,129,56,14,173,945,271,2761,15709,9158,26122,
2020-07-16,,,1,0,2,108,97,131,55,14,172,929,264,2738,15763,9172,26293,
2020-07-17,,,1,0,2,109,97,132,54,13,170,913,256,2713,15817,9186,26463,
2020-07-18,,,1,0,2,109,97,134,53,13,168,897,249,2689,15870,9199,26631,
2020-07-19,,,1,0,2,110,97,135,52,12,167,882,242,2665,15922,9212,26797,
2020-07-20,,,1,0,2,110,97,136,51,12,165,867,235,2640,15973,9225,26961,
2020-07-21,,,1,0,2,111,98,138,50,12,163,852,228,2616,16023,9237,27124,
2020-07-22,,,1,0,2,112,98,139,50,11,162,838,221,2591,16073,9249,27285,
2020-07-23,,,1,0,2,112,98,141,49,11,160,824,215,2566,16122,9260,27444,
2020-07-24,,,0,0,2,113,98,142,48,11,158,810,208,2541,16170,9271,27602,
2020-07-25,,,0,0,2,113,98,143,47,11,156,796,202,2516,16217,9283,27758,
2020-07-26,,,0,0,2,113,98,145,46,10,155,783,196,2491,16263,9293,27912,
2020-07-27,,,0,0,2,114,99,146,46,10,153,770,191,2466,16309,9304,28065,
2020-07-28,,,0,0,2,114,99,147,45,10,151,758,186,2441,16354,9315,28215,
2020-07-29,,,0,0,2,115,99,149,44,10,150,746,181,2416,16398,9325,28365,
2020-07-30,,,0,0,2,115,99,150,44,10,149,734,177,2391,16442,9336,28513,
2020-07-31,,,0,0,2,116,99,151,43,10,148,722,173,2367,16485,9346,28660,
2020-08-01,,,0,0,2,116,99,153,42,10,146,711,170,2344,16528,9356,28806,
2020-08-02,,,0,0,2,117,99,154,42,10,145,700,166,2321,16570,9366,28951,
2020-08-03,,,0,0,2,117,99,155,41,9,144,689,163,2298,16611,9376,29094,
2020-08-04,,,0,0,2,117,100,156,41,9,142,679,161,2275,16652,9386,29236,
2020-08-05,,,0,0,2,118,100,158,40,9,141,668,158,2253,16692,9396,29376,
2020-08-06,,,0,0,2,118,100,159,40,9,140,658,156,2231,16731,9405,29516,
2020-08-07,,,0,0,2,119,100,160,39,9,138,649,154,2210,16770,9415,29654,
2020-08-08,,,0,0,2,119,100,161,39,9,137,640,153,2189,16809,9425,29790,
2020-08-09,,,0,0,2,119,100,162,38,9,136,630,151,2168,16847,9434,29926,
2020-08-10,,,0,0,2,120,100,164,38,9,134,622,150,2148,16885,9444,30060,
2020-08-11,,,0,0,2,120,100,165,37,9,133,613,149,2128,16922,9453,30192,
2020-08-12,,,0,0,2,120,100,166,37,9,132,605,147,2109,16959,9463,30324,
2020-08-13,,,0,0,2,121,100,167,36,9,131,597,146,2090,16995,9472,30454,
2020-08-14,,,0,0,2,121,100,168,36,9,129,589,145,2070,17031,9482,30583,
2020-08-15,,,0,0,2,122,101,169,35,9,128,581,144,2051,17066,9491,30711,
2020-08-16,,,0,0,2,122,101,170,35,9,127,574,144,2031,17101,9500,30837,
2020-08-17,,,0,0,2,122,101,172,35,9,126,566,143,2012,17136,9509,30962,
2020-08-18,,,0,0,2,123,101,173,34,9,125,559,142,1993,17170,9519,31086,
2020-08-19,,,0,0,2,123,101,174,34,9,123,552,141,1974,17204,9528,31209,
2020-08-20,,,0,0,2,123,101,175,34,9,122,546,141,1955,17237,9537,31331,
2020-08-21,,,0,0,2,123,101,176,33,9,121,539,140,1937,17271,9546,31452,
2020-08-22,,,0,0,2,124,101,177,33,9,120,533,140,1918,17303,9555,31571,
2020-08-23,,,0,0,2,124,101,178,32,9,119,527,139,1899,17336,9564,31689,
2020-08-24,,,0,0,2,124,101,179,32,9,117,521,139,1881,17368,9573,31806,
2020-08-25,,,0,0,2,125,101,180,32,9,116,515,138,1862,17400,9582,31922,
2020-08-26,,,0,0,2,125,101,181,32,9,115,509,138,1844,17431,9591,32036,
2020-08-27,,,0,0,2,125,101,182,31,9,114,504,137,1826,17463,9600,32149,
2020-08-28,,,0,0,1,126,102,183,31,8,112,499,137,1808,17494,9609,32261,
2020-08-29,,,0,0,1,126,102,184,31,8,111,493,136,1790,17524,9618,32372,
2020-08-30,,,0,0,1,126,102,185,30,8,110,488,136,1772,17555,9627,32482,
2020-08-31,,,0,0,1,126,102,186,30,8,109,483,136,1754,17585,9636,32590,
2020-09-01,,,0,0,1,127,102,187,30,8,108,479,135,1736,17614,9645,32697,
2020-09-02,,,0,0,1,127,102,188,30,8,107,474,135,1718,17644,9654,32804,
2020-09-03,,,0,0,1,127,102,189,29,8,106,469,135,1700,17673,9663,32909,
2020-09-04,,,0,0,1,127,102,190,29,8,105,465,134,1682,17703,9672,33013,
2020-09-05,,,0,0,1,128,102,191,29,8,103,461,134,1665,17731,9681,33116,
2020-09-06,,,0,0,1,128,102,191,29,8,102,457,134,1647,17760,9690,33218,
2020-09-07,,,0,0,1,128,102,192,28,8,101,453,134,1629,17788,9699,33318,
2020-09-08,,,0,0,1,128,102,193,28,8,100,449,133,1612,17817,9707,33417,
2020-09-09,,,0,0,1,129,102,194,28,8,99,445,133,1595,17845,9716,33516,
2020-09-10,,,0,0,1,129,102,195,28,8,98,441,133,1577,17872,9725,33613,
2020-09-11,,,0,0,1,129,102,196,28,8,96,437,133,1560,17900,9734,33709,
2020-09-12,,,0,0,1,129,103,197,27,8,95,434,133,1543,17927,9743,33804,
2020-09-13,,,0,0,1,130,103,198,27,8,94,430,133,1526,17954,9752,33898,
2020-09-14,,,0,0,1,130,103,198,27,8,93,427,133,1509,17981,9760,33990,
2020-09-15,,,0,0,1,130,103,199,27,8,92,424,132,1492,18008,9769,34082,
2020-09-16,,,0,0,1,130,103,200,27,8,91,420,132,1476,18035,9778,34173,
2020-09-17,,,0,0,1,131,103,201,26,8,90,417,132,1459,18061,9787,34262,
2020-09-18,,,0,0,1,131,103,202,26,8,89,414,132,1443,18088,9796,34351,
2020-09-19,,,0,0,1,131,103,202,26,8,88,411,132,1427,18114,9805,34439,
2020-09-20,,,0,0,1,131,103,203,26,8,87,408,132,1410,18140,9813,34526,
2020-09-21,,,0,0,1,131,103,204,26,8,86,406,132,1394,18166,9822,34612,
2020-09-22,,,0,0,1,132,103,205,26,8,85,403,132,1379,18191,9831,34696,
2020-09-23,,,0,0,1,132,103,206,26,8,85,400,132,1364,18217,9840,34780,
2020-09-24,,,0,0,1,132,103,206,25,8,84,398,132,1348,18242,9849,34864,
2020-09-25,,,0,0,1,132,103,207,25,8,83,395,132,1334,18267,9858,34946,
2020-09-26,,,0,0,1,132,103,208,25,8,82,393,132,1319,18293,9866,35027,
2020-09-27,,,0,0,1,133,103,209,25,8,81,390,132,1304,18318,9875,35108,
2020-09-28,,,0,0,1,133,104,209,25,8,80,388,132,1290,18342,9884,35187,
2020-09-29,,,0,0,1,133,104,210,25,8,79,386,132,1276,18367,9893,35266,
2020-09-30,,,0,0,1,133,104,211,25,8,79,383,132,1263,18392,9902,35344,
2020-10-01,,,0,0,1,133,104,211,24,8,78,381,132,1249,18416,9910,35421,
